,0
81333,0
101714,0
4837,1
77639,0
46597,0
23504,1
136732,0
121243,0
46858,0
42674,1
46173,0
62620,0
15065,1
159000,0
122949,0
127805,0
105151,0
51443,0
4466,1
28797,1
34974,1
3444,1
155813,0
101877,0
106165,0
61251,0
152779,0
73937,0
58891,0
84797,0
1312,1
105058,0
58979,0
11974,1
110990,0
15543,1
91307,0
1066,1
135279,0
80633,0
155382,0
123968,0
29939,1
52211,0
130725,0
63411,0
135685,0
51624,0
142373,0
20241,1
131032,0
59725,0
112533,0
11047,1
92610,0
126906,0
31850,1
54972,0
91314,0
53926,0
75314,0
33969,1
135396,0
60834,0
13537,1
127597,0
35294,1
139405,0
97841,0
41960,1
59472,0
88084,0
96252,0
87176,0
121795,0
99377,0
40657,1
45795,0
81101,0
50728,0
70472,0
89476,0
45022,1
134915,0
88176,0
112423,0
2308,1
34554,1
2205,1
137085,0
60030,0
127815,0
122162,0
125472,0
24260,1
4892,1
152349,0
118074,0
60719,0
51986,0
10416,1
125003,0
48286,0
17349,1
137555,0
18993,1
41337,1
157978,0
35040,1
35596,1
74929,0
131925,0
79316,0
130968,0
6061,1
33566,1
94755,0
117937,0
144005,0
159222,0
73592,0
137712,0
10410,1
122692,0
151455,0
61545,0
16549,1
152926,0
10165,1
153252,0
43228,1
65269,0
96381,0
51342,0
138017,0
114239,0
48816,0
109003,0
90865,0
90990,0
117726,0
11962,1
47293,0
57428,0
71457,0
117599,0
19316,1
143834,0
142681,0
33991,1
73761,0
69064,0
39745,1
1893,1
106167,0
132207,0
118381,0
8195,1
58147,0
98436,0
26907,1
1569,1
112985,0
35921,1
117605,0
130475,0
72146,0
64152,0
4165,1
123655,0
99607,0
158746,0
132846,0
39194,1
107143,0
72446,0
114332,0
111277,0
150750,0
100167,0
31790,1
23297,1
71247,0
34285,1
84173,0
14187,1
6631,1
122706,0
17944,1
58466,0
5925,1
159373,0
2865,1
18404,1
59095,0
31805,1
14096,1
108978,0
98954,0
55663,0
98600,0
65279,0
123133,0
15581,1
74629,0
115195,0
101350,0
66444,0
3296,1
76821,0
105025,0
44545,1
37253,1
44720,1
35050,1
18477,1
78033,0
11895,1
114541,0
99007,0
33583,1
44275,1
54105,0
106614,0
28272,1
30539,1
30579,1
83493,0
87202,0
126085,0
34881,1
36333,1
18061,1
98628,0
82025,0
52067,0
30030,1
10825,1
53443,0
86116,0
148619,0
64346,0
138265,0
130756,0
38339,1
84162,0
76569,0
84078,0
49223,0
61921,0
116963,0
113398,0
89666,0
42806,1
7407,1
35217,1
35351,1
53866,0
68138,0
52184,0
109237,0
25771,1
39150,1
157472,0
57570,0
148335,0
144328,0
73489,0
86544,0
147189,0
28448,1
5268,1
111835,0
33500,1
22161,1
149984,0
12264,1
155557,0
94769,0
21768,1
112791,0
676,1
126650,0
120482,0
69164,0
104020,0
141908,0
44599,1
25006,1
51152,0
100733,0
97631,0
68687,0
114428,0
142477,0
104329,0
131079,0
54768,0
22555,1
37191,1
147522,0
149856,0
20660,1
29276,1
4962,1
127985,0
78391,0
45109,0
29422,1
86437,0
152069,0
64716,0
83989,0
155230,0
132267,0
75961,0
87775,0
38796,1
157564,0
139403,0
61601,0
70538,0
19983,1
19731,1
123557,0
16754,1
96636,0
129301,0
155066,0
103156,0
12379,1
55921,0
14476,1
109271,0
79902,0
90482,0
93064,0
64979,0
92896,0
102599,0
52450,0
84928,0
36022,1
134678,0
64628,0
16101,1
24740,1
24515,1
131501,0
103301,0
12361,1
62524,0
108280,0
9990,1
87441,0
69645,0
92698,0
148350,0
58332,0
136469,0
144239,0
45606,0
57970,0
83850,0
20383,1
57858,0
24601,1
6753,1
37561,1
116456,0
153806,0
52548,0
144459,0
155102,0
139710,0
6596,1
114824,0
2053,1
39524,1
99016,0
7939,1
155459,0
34651,1
47060,0
30914,1
28470,1
58450,0
356,1
116228,0
74261,0
146571,0
82615,0
97521,0
83774,0
71313,0
121014,0
25108,1
55440,0
132524,0
142189,0
60396,0
75513,0
51392,0
15032,1
7972,1
114735,0
85688,0
22294,1
77498,0
11198,1
46498,0
105844,0
71023,0
2479,1
28671,1
63955,0
116497,0
76996,0
80735,0
159594,0
121057,0
142197,0
45462,0
6626,1
123307,0
151224,0
142895,0
2666,1
144210,0
19411,1
111009,0
60046,0
55347,0
146968,0
66190,0
104882,0
89943,0
63012,0
147358,0
51096,0
127000,0
154539,0
20432,1
121388,0
3392,1
157009,0
23425,1
20376,1
57018,0
107559,0
151960,0
19599,1
16416,1
55122,0
36081,1
53145,0
50657,0
131545,0
57823,0
51666,0
153968,0
85758,0
141465,0
3560,1
15972,1
49956,0
51334,0
112103,0
103452,0
118089,0
108355,0
38519,1
115480,0
623,1
112278,0
145092,0
56350,0
27247,1
80228,0
82998,0
47605,0
130761,0
86726,0
100582,0
75976,0
75406,0
71946,0
154402,0
104231,0
120814,0
114057,0
31551,1
57954,0
62327,0
157705,0
46591,0
67552,0
148008,0
36389,1
76486,0
150973,0
128966,0
73692,0
39290,1
113648,0
3023,1
88168,0
110553,0
116021,0
106220,0
127063,0
124781,0
40323,1
25782,1
121037,0
12975,1
94425,0
82642,0
23691,1
115237,0
134661,0
57170,0
97406,0
36198,1
133682,0
105016,0
159605,0
153049,0
54508,0
29455,1
649,1
77856,0
52648,0
95701,0
143371,0
123252,0
60270,0
105714,0
153122,0
82469,0
1517,1
29445,1
43827,1
131459,0
43439,1
25635,1
71277,0
83228,0
151146,0
9818,1
57352,0
122528,0
30046,1
43780,1
154022,0
51583,0
120267,0
113419,0
67311,0
118639,0
22177,1
128873,0
138397,0
9421,1
147679,0
144037,0
29859,1
50042,0
63500,0
14767,1
53563,0
12463,1
154810,0
50405,0
111919,0
101769,0
78157,0
117254,0
54028,0
54991,0
48669,0
129002,0
121958,0
116640,0
67526,0
105762,0
143501,0
32505,1
54454,0
4513,1
25549,1
137261,0
2146,1
9161,1
91643,0
105053,0
7182,1
54706,0
8234,1
144797,0
105153,0
104465,0
106186,0
116844,0
21619,1
12994,1
36097,1
62145,0
129175,0
4334,1
12591,1
10166,1
3564,1
87089,0
23258,1
36997,1
23116,1
43761,1
48958,0
157918,0
48230,0
115850,0
85159,0
37878,1
109455,0
41189,1
109188,0
135746,0
41420,1
31831,1
153309,0
30363,1
108935,0
10396,1
38456,1
70108,0
84240,0
71529,0
23600,1
58645,0
124744,0
112600,0
106596,0
47325,0
152815,0
36685,1
141028,0
71442,0
660,1
141447,0
43000,1
103448,0
132978,0
47223,0
107600,0
53109,0
116225,0
110011,0
98190,0
141258,0
8399,1
92253,0
94217,0
83942,0
81040,0
142718,0
12077,1
2943,1
111636,0
103407,0
24535,1
158406,0
133387,0
54395,0
34389,1
68272,0
135433,0
62036,0
69024,0
150956,0
140833,0
53713,0
134370,0
121374,0
83063,0
105541,0
88154,0
28713,1
56006,0
66722,0
54520,0
127313,0
111202,0
23205,1
149569,0
127759,0
16776,1
106540,0
66527,0
88117,0
114473,0
67980,0
129140,0
125075,0
125389,0
113375,0
82829,0
19858,1
63859,0
112582,0
10259,1
42224,1
111180,0
94210,0
6391,1
90211,0
103874,0
45340,0
154007,0
9522,1
155297,0
37942,1
27945,1
126745,0
23840,1
137833,0
28964,1
93876,0
67034,0
148302,0
18953,1
136099,0
66346,0
149596,0
156657,0
42671,1
78433,0
126458,0
63687,0
109574,0
43700,1
157516,0
103477,0
84590,0
148305,0
65236,0
90571,0
56356,0
127666,0
65248,0
95904,0
51271,0
141600,0
49798,0
73048,0
143071,0
149115,0
117221,0
972,1
113029,0
31893,1
62344,0
58485,0
28497,1
66992,0
151679,0
92412,0
41350,1
41877,1
90090,0
52181,0
21955,1
120471,0
116629,0
157386,0
24980,1
59827,0
136427,0
5116,1
34480,1
27170,1
96455,0
106593,0
597,1
104449,0
126398,0
46407,0
52869,0
100564,0
44920,1
68252,0
134520,0
76814,0
158291,0
99281,0
112941,0
29328,1
149056,0
132018,0
12891,1
106079,0
19564,1
21412,1
114348,0
42811,1
109236,0
88832,0
107161,0
66104,0
114597,0
140708,0
19294,1
44136,1
100580,0
155527,0
64538,0
23256,1
138466,0
144963,0
40549,1
4833,1
115768,0
13099,1
108736,0
83370,0
60144,0
145668,0
117101,0
159595,0
114345,0
152555,0
53339,0
98366,0
10168,1
74507,0
127403,0
48700,0
130866,0
109010,0
40052,1
21543,1
64682,0
88544,0
12992,1
64891,0
88118,0
141050,0
113293,0
74478,0
110488,0
58587,0
141023,0
114605,0
140731,0
72424,0
13002,1
68600,0
45732,0
31169,1
26188,1
24863,1
104296,0
153003,0
92104,0
7209,1
37435,1
43651,1
43670,1
102903,0
100925,0
53428,0
102773,0
152733,0
79609,0
118713,0
115776,0
40659,1
106796,0
58868,0
28491,1
159552,0
35525,1
1506,1
108765,0
142796,0
76286,0
140221,0
48359,0
54417,0
118092,0
119007,0
114051,0
146215,0
56523,0
76902,0
15928,1
78953,0
52281,0
90445,0
107481,0
34556,1
137703,0
149119,0
82457,0
112090,0
60707,0
152477,0
80226,0
1729,1
73630,0
131309,0
52395,0
118784,0
117840,0
56227,0
101628,0
44411,1
63705,0
134051,0
60882,0
150494,0
67349,0
99550,0
50892,0
104743,0
150135,0
129041,0
12104,1
73747,0
152672,0
32047,1
12109,1
153418,0
5479,1
44452,1
76254,0
127380,0
8986,1
78094,0
106296,0
37242,1
151323,0
53126,0
62288,0
98683,0
7478,1
120398,0
70882,0
20374,1
97632,0
118239,0
45685,0
70685,0
32242,1
82109,0
49712,0
25804,1
152889,0
102724,0
94974,0
10841,1
156710,0
130059,0
93499,0
91564,0
26491,1
6474,1
135264,0
111322,0
23945,1
15084,1
81632,0
109952,0
149513,0
52131,0
135324,0
51263,0
77214,0
38438,1
10020,1
130395,0
28452,1
80476,0
115910,0
109660,0
66129,0
48387,0
1458,1
54568,0
151148,0
116771,0
78804,0
51668,0
83736,0
117336,0
36334,1
95065,0
46279,0
142934,0
19928,1
146453,0
24306,1
123850,0
124420,0
67590,0
105294,0
48708,0
105450,0
79758,0
113577,0
59839,0
8131,1
26898,1
145122,0
101026,0
22102,1
30131,1
88279,0
56883,0
66314,0
1959,1
62033,0
75003,0
32502,1
72876,0
144134,0
15035,1
92638,0
146222,0
118025,0
36134,1
94741,0
94619,0
31449,1
14790,1
68594,0
73316,0
80445,0
75897,0
38375,1
63485,0
80923,0
133066,0
32592,1
43280,1
139115,0
521,1
6612,1
16015,1
146140,0
37784,1
17842,1
10821,1
30201,1
127344,0
38180,1
140593,0
25726,1
41294,1
11223,1
30586,1
71320,0
10773,1
51450,0
129924,0
17586,1
88218,0
92000,0
124821,0
58952,0
133804,0
23190,1
93174,0
121141,0
35191,1
119424,0
34405,1
125962,0
104600,0
129232,0
159232,0
50917,0
12837,1
81925,0
135389,0
86566,0
139342,0
31977,1
86917,0
100541,0
21962,1
38040,1
93386,0
9489,1
1211,1
41646,1
30074,1
83794,0
115558,0
24876,1
1001,1
122332,0
140522,0
111393,0
14510,1
134392,0
67972,0
71286,0
149943,0
105651,0
5571,1
30475,1
32262,1
66025,0
4787,1
147802,0
72703,0
155018,0
85398,0
133798,0
58126,0
153668,0
91393,0
122019,0
65089,0
56928,0
118128,0
120549,0
127371,0
97552,0
69486,0
119495,0
84189,0
132237,0
127524,0
40177,1
66588,0
138590,0
158714,0
159663,0
100626,0
111569,0
64184,0
80334,0
17005,1
97325,0
96564,0
33581,1
74179,0
31310,1
59924,0
149055,0
10419,1
57621,0
12122,1
140655,0
59067,0
11665,1
107679,0
33501,1
151107,0
73998,0
149137,0
70843,0
120098,0
47119,0
96291,0
65482,0
42406,1
41481,1
14473,1
4236,1
132647,0
113345,0
115852,0
54831,0
33959,1
94309,0
7700,1
64942,0
93640,0
21722,1
22877,1
121467,0
146739,0
70635,0
49812,0
100586,0
149320,0
23702,1
139881,0
137954,0
151523,0
84076,0
104576,0
77068,0
78889,0
128345,0
154157,0
102129,0
142880,0
100229,0
128832,0
142656,0
11831,1
143311,0
86146,0
88968,0
53000,0
67707,0
73769,0
135926,0
73231,0
96802,0
83024,0
7097,1
74089,0
57927,0
92343,0
119141,0
28872,1
94650,0
39006,1
78818,0
3615,1
157004,0
39450,1
144555,0
85388,0
132594,0
95967,0
114588,0
149870,0
89499,0
127374,0
67219,0
101338,0
54676,0
70087,0
79023,0
135419,0
14713,1
26323,1
30617,1
41503,1
70703,0
32361,1
100381,0
54556,0
156628,0
77294,0
853,1
64561,0
123784,0
58554,0
53221,0
157039,0
108515,0
24426,1
120631,0
25005,1
27537,1
143395,0
59041,0
35343,1
95506,0
80469,0
87482,0
150545,0
40692,1
135400,0
34617,1
88140,0
101730,0
129163,0
3143,1
57062,0
81296,0
1497,1
158481,0
135935,0
95311,0
71114,0
16071,1
125145,0
75590,0
61907,0
149294,0
104056,0
137772,0
43484,1
25365,1
80717,0
35444,1
84918,0
59015,0
7406,1
159545,0
38699,1
83235,0
132007,0
79604,0
138165,0
4691,1
53553,0
147973,0
18789,1
159560,0
34402,1
2030,1
73672,0
31153,1
34127,1
115326,0
14083,1
1221,1
5907,1
151121,0
134137,0
12740,1
101540,0
22276,1
34015,1
7607,1
69346,0
90621,0
2843,1
28009,1
88892,0
80768,0
12987,1
25478,1
50135,0
59449,0
52857,0
59661,0
145328,0
24595,1
141990,0
15396,1
24033,1
96767,0
33588,1
8872,1
77707,0
68710,0
110146,0
90907,0
86695,0
120817,0
70276,0
106117,0
155519,0
79589,0
61411,0
154728,0
8737,1
36551,1
141905,0
138637,0
46888,0
35608,1
67170,0
81535,0
119337,0
10455,1
151755,0
119238,0
124418,0
105492,0
153798,0
12551,1
62630,0
3834,1
116922,0
52583,0
69773,0
14728,1
134277,0
144042,0
7332,1
58605,0
107582,0
129125,0
42145,1
41407,1
60668,0
96075,0
141392,0
60040,0
108756,0
83553,0
85248,0
121660,0
7953,1
20067,1
111825,0
2096,1
154222,0
35349,1
26657,1
17234,1
152071,0
157412,0
115148,0
14532,1
36973,1
124121,0
80426,0
142078,0
23117,1
104337,0
31517,1
126329,0
55010,0
113043,0
139833,0
145401,0
89211,0
17299,1
97932,0
58778,0
152367,0
105862,0
16610,1
120911,0
120038,0
128031,0
30485,1
44220,1
51462,0
123597,0
142001,0
89135,0
44668,1
1002,1
111134,0
19730,1
53481,0
6639,1
40092,1
66428,0
33192,1
49842,0
70742,0
35087,1
68261,0
46244,0
120563,0
79149,0
84973,0
106689,0
29621,1
137102,0
38388,1
26465,1
5289,1
16528,1
64556,0
19381,1
93693,0
26768,1
90334,0
59945,0
159566,0
35628,1
139604,0
139672,0
90706,0
66124,0
41432,1
72005,0
117072,0
114520,0
125806,0
105650,0
99336,0
122308,0
154520,0
155865,0
56151,0
12461,1
55648,0
31943,1
140704,0
56832,0
34108,1
118814,0
142605,0
141924,0
61671,0
86783,0
27854,1
139757,0
125989,0
71230,0
128065,0
4872,1
150647,0
3469,1
100459,0
44816,1
37060,1
68581,0
12756,1
12760,1
135015,0
139500,0
89664,0
87170,0
58413,0
69862,0
36051,1
146771,0
156724,0
67525,0
45542,0
117910,0
89667,0
153512,0
82069,0
110888,0
155456,0
133059,0
85851,0
136770,0
86531,0
151440,0
20627,1
44949,1
93800,0
107210,0
146979,0
99690,0
155948,0
111027,0
56342,0
114462,0
126639,0
130556,0
80168,0
36294,1
133632,0
74011,0
118807,0
44437,1
112920,0
31255,1
79656,0
85107,0
108317,0
9883,1
32638,1
45443,0
72589,0
108195,0
55745,0
110148,0
102346,0
116390,0
150770,0
51365,0
93394,0
35070,1
147868,0
11079,1
143976,0
14013,1
37654,1
68319,0
29191,1
127655,0
79247,0
148803,0
81425,0
107066,0
109658,0
87799,0
127605,0
101039,0
107491,0
36262,1
100230,0
18759,1
41442,1
78327,0
107738,0
49115,0
27351,1
97565,0
79984,0
31531,1
24009,1
148626,0
145479,0
66298,0
148914,0
106520,0
71347,0
13855,1
94115,0
140079,0
102548,0
4870,1
99143,0
31012,1
112479,0
63569,0
36686,1
5972,1
86789,0
159537,0
55777,0
82692,0
146448,0
77712,0
151370,0
79696,0
95882,0
2185,1
112394,0
31065,1
152684,0
40234,1
11987,1
24018,1
137492,0
74330,0
13007,1
46470,0
134325,0
113762,0
105506,0
111614,0
109873,0
95741,0
81638,0
49225,0
37475,1
150235,0
95988,0
59415,0
132785,0
69638,0
78654,0
157985,0
61224,0
127719,0
148538,0
84471,0
22525,1
109581,0
112761,0
64371,0
37958,1
108411,0
135346,0
37715,1
121301,0
18007,1
121262,0
87142,0
77635,0
125747,0
36265,1
53764,0
49063,0
148127,0
100550,0
154490,0
154737,0
132815,0
154725,0
141550,0
47397,0
63976,0
137503,0
136265,0
100385,0
49018,0
42968,1
96181,0
141752,0
57184,0
60099,0
123809,0
112469,0
86771,0
115087,0
34990,1
84188,0
119866,0
135269,0
24057,1
101409,0
135854,0
99014,0
79485,0
133112,0
141847,0
69670,0
47523,0
135801,0
13548,1
19872,1
39381,1
52809,0
114318,0
44462,1
22421,1
156106,0
83872,0
155665,0
2910,1
146973,0
486,1
153654,0
60014,0
39013,1
158308,0
73102,0
109069,0
18675,1
100525,0
134929,0
148831,0
9638,1
149789,0
157217,0
117189,0
159782,0
65221,0
82028,0
6793,1
50123,0
145942,0
82426,0
67414,0
19874,1
66760,0
83591,0
155241,0
155943,0
113986,0
76588,0
102527,0
125592,0
49657,0
110637,0
26257,1
122204,0
4910,1
18990,1
91753,0
103853,0
15874,1
79450,0
111070,0
59543,0
149587,0
144018,0
122522,0
121639,0
115573,0
67613,0
33828,1
36378,1
32430,1
157630,0
113155,0
142633,0
132448,0
66836,0
95790,0
35276,1
5045,1
34975,1
141555,0
30905,1
54390,0
72607,0
97359,0
158122,0
120074,0
100072,0
134910,0
24634,1
62709,0
125745,0
69979,0
118129,0
67151,0
23483,1
96671,0
64688,0
10408,1
107320,0
101629,0
5303,1
70155,0
45164,0
148192,0
29718,1
44475,1
81539,0
139231,0
120550,0
147178,0
64890,0
38606,1
111261,0
102815,0
17681,1
153457,0
55303,0
132037,0
90428,0
65298,0
129000,0
87296,0
74411,0
91170,0
59280,0
130241,0
131317,0
29720,1
14056,1
129969,0
29846,1
30936,1
37590,1
138797,0
5041,1
41982,1
118743,0
43805,1
142101,0
143542,0
12917,1
77854,0
75973,0
37536,1
36460,1
151451,0
1627,1
132095,0
13474,1
96635,0
60155,0
61847,0
76788,0
150161,0
156448,0
155397,0
43726,1
92241,0
71008,0
103816,0
96834,0
57683,0
326,1
103616,0
21654,1
155646,0
140673,0
16058,1
58120,0
4468,1
151037,0
57334,0
108393,0
149996,0
76294,0
81611,0
87687,0
84534,0
111827,0
156889,0
66192,0
125021,0
81731,0
143587,0
83665,0
78158,0
112006,0
89362,0
65783,0
18025,1
150152,0
138224,0
3302,1
109054,0
104339,0
6871,1
125565,0
89532,0
22722,1
153617,0
139227,0
147546,0
80590,0
147156,0
151095,0
32272,1
60931,0
111394,0
75292,0
123644,0
4997,1
7920,1
37656,1
118893,0
27633,1
46467,0
34694,1
157996,0
125589,0
152385,0
124538,0
26671,1
39002,1
29830,1
54513,0
124260,0
38821,1
38429,1
9407,1
141285,0
153796,0
117441,0
16920,1
95066,0
13674,1
6267,1
85695,0
97337,0
103956,0
29299,1
13897,1
113493,0
10892,1
108762,0
86603,0
12140,1
42059,1
6353,1
49971,0
114373,0
71253,0
27319,1
62347,0
101357,0
126307,0
102206,0
24246,1
107928,0
90473,0
1414,1
11995,1
68933,0
4853,1
2560,1
158904,0
146390,0
82027,0
31200,1
126727,0
83599,0
152725,0
87959,0
89435,0
38779,1
2564,1
53382,0
31544,1
99642,0
147678,0
21499,1
67262,0
79060,0
70468,0
126587,0
6508,1
72117,0
90403,0
107028,0
72571,0
148037,0
1498,1
155298,0
22337,1
121674,0
14003,1
69781,0
43427,1
42772,1
60773,0
92177,0
114759,0
43440,1
70756,0
101699,0
49767,0
75741,0
140773,0
89046,0
79090,0
76542,0
32776,1
62798,0
19130,1
42837,1
55528,0
93363,0
124363,0
95175,0
41856,1
105789,0
64607,0
155938,0
26521,1
130013,0
159380,0
46307,0
115739,0
93044,0
34166,1
29502,1
117376,0
124540,0
5326,1
43390,1
87584,0
77210,0
29314,1
106509,0
56836,0
128043,0
3548,1
156848,0
7556,1
124027,0
131747,0
82787,0
6087,1
72897,0
67582,0
132581,0
134323,0
74346,0
43817,1
13817,1
74896,0
84347,0
142799,0
134463,0
88335,0
86557,0
89551,0
86573,0
27528,1
40762,1
37290,1
84452,0
28991,1
64737,0
75274,0
72529,0
52443,0
133676,0
86212,0
18783,1
39847,1
113472,0
151413,0
128944,0
28325,1
127129,0
78438,0
123900,0
32183,1
123642,0
40421,1
58142,0
93924,0
157683,0
32763,1
85572,0
159260,0
157976,0
57747,0
8331,1
49166,0
89173,0
42229,1
88869,0
19402,1
89766,0
21971,1
58394,0
98952,0
8747,1
10496,1
133871,0
25898,1
2457,1
92574,0
93619,0
118417,0
107944,0
11257,1
3379,1
99068,0
95322,0
151567,0
138735,0
101280,0
41548,1
149452,0
53095,0
113012,0
140208,0
145757,0
87258,0
38025,1
143242,0
143093,0
143917,0
136771,0
59517,0
135676,0
58119,0
98500,0
49846,0
34997,1
75763,0
1671,1
129363,0
28446,1
55328,0
29818,1
118363,0
64215,0
155001,0
99888,0
145847,0
39704,1
54596,0
138232,0
44483,1
41446,1
3454,1
93513,0
131944,0
8474,1
104814,0
12059,1
108230,0
85318,0
29953,1
22792,1
148230,0
147190,0
106260,0
133617,0
149641,0
155933,0
127685,0
95380,0
47496,0
117566,0
130464,0
52350,0
142196,0
34754,1
56717,0
133009,0
63856,0
14976,1
87281,0
79268,0
5471,1
27919,1
79278,0
119918,0
59376,0
133977,0
105871,0
135071,0
9579,1
82186,0
16609,1
134976,0
3847,1
134089,0
5765,1
67709,0
30619,1
16318,1
131872,0
125866,0
9170,1
13361,1
131763,0
46355,0
131416,0
156809,0
108693,0
3007,1
140151,0
76334,0
134430,0
154563,0
147641,0
52533,0
44719,1
138747,0
38007,1
124099,0
94688,0
127516,0
76941,0
89299,0
83030,0
60712,0
38744,1
135443,0
43558,1
87461,0
67306,0
150529,0
134084,0
115566,0
41728,1
136941,0
56573,0
109667,0
50953,0
35666,1
44923,1
5137,1
101140,0
84124,0
127122,0
119001,0
14715,1
39238,1
137659,0
67285,0
140917,0
22359,1
2979,1
71006,0
131517,0
75058,0
17242,1
148693,0
82055,0
61015,0
46558,0
37084,1
149966,0
126234,0
15383,1
117011,0
77709,0
139668,0
37840,1
121250,0
150406,0
74541,0
124312,0
100043,0
109119,0
46269,0
11591,1
134263,0
17511,1
108988,0
156200,0
115106,0
51758,0
5227,1
48963,0
4175,1
43425,1
139497,0
61896,0
94643,0
16545,1
57844,0
60593,0
21807,1
16678,1
130228,0
108933,0
68534,0
59373,0
54853,0
23025,1
30510,1
34980,1
107667,0
10206,1
19087,1
12696,1
130917,0
88654,0
70462,0
73034,0
34484,1
75594,0
127045,0
57986,0
53090,0
32555,1
141714,0
59659,0
109812,0
155224,0
110740,0
43877,1
71163,0
105317,0
23972,1
151099,0
31968,1
137963,0
21876,1
43553,1
64445,0
53399,0
125196,0
126756,0
65322,0
123053,0
40596,1
121463,0
85147,0
33324,1
9715,1
46384,0
51165,0
76150,0
24387,1
46843,0
21478,1
65408,0
9598,1
125009,0
150452,0
120390,0
86703,0
44486,1
2704,1
147671,0
78447,0
100899,0
57603,0
141472,0
147951,0
77955,0
97633,0
66047,0
6512,1
90547,0
90537,0
1578,1
100546,0
90214,0
51831,0
12096,1
57634,0
1946,1
152903,0
32925,1
140044,0
154448,0
16766,1
46031,0
154501,0
119332,0
129808,0
75035,0
76332,0
23035,1
4980,1
22380,1
39483,1
147191,0
81056,0
4906,1
65472,0
54837,0
83771,0
20065,1
126954,0
34952,1
82943,0
56973,0
114733,0
146902,0
40524,1
111752,0
129520,0
33487,1
87173,0
78429,0
81020,0
145973,0
51727,0
981,1
22736,1
63013,0
27861,1
92707,0
96117,0
86623,0
155708,0
54699,0
116980,0
32160,1
102706,0
125975,0
120950,0
142759,0
125363,0
148016,0
75437,0
94212,0
92220,0
136436,0
68524,0
26283,1
54664,0
73467,0
15410,1
41648,1
55073,0
17835,1
11927,1
39152,1
148524,0
105365,0
21533,1
67229,0
98744,0
62014,0
158474,0
90615,0
137470,0
109959,0
96159,0
11728,1
84897,0
123573,0
102995,0
152313,0
76514,0
18046,1
2791,1
68481,0
11508,1
147395,0
27061,1
109949,0
79900,0
82490,0
96896,0
32407,1
36909,1
74974,0
64191,0
6146,1
42262,1
11254,1
106853,0
64090,0
17176,1
122859,0
87287,0
52780,0
70593,0
2781,1
72623,0
141826,0
98797,0
40518,1
123275,0
138791,0
139905,0
84842,0
50043,0
73081,0
76400,0
125849,0
87341,0
13887,1
74976,0
130886,0
137940,0
137850,0
21791,1
28698,1
120739,0
38762,1
104567,0
149015,0
101725,0
100906,0
37167,1
140689,0
105301,0
122633,0
105733,0
121236,0
159693,0
115733,0
30064,1
98763,0
29478,1
23437,1
26017,1
107821,0
53554,0
80308,0
113195,0
109165,0
106483,0
111187,0
20134,1
115496,0
106129,0
18070,1
50714,0
156124,0
11385,1
1812,1
146941,0
159269,0
39702,1
148557,0
4163,1
124676,0
111982,0
21383,1
15503,1
17355,1
9002,1
928,1
96979,0
156292,0
143554,0
89440,0
28298,1
117679,0
53506,0
150658,0
96109,0
121809,0
87884,0
4579,1
103883,0
35992,1
33872,1
139795,0
23515,1
134921,0
59800,0
150114,0
74712,0
37812,1
117869,0
9037,1
93857,0
151359,0
38377,1
34040,1
64812,0
52408,0
134570,0
155091,0
53660,0
156722,0
85755,0
98635,0
136607,0
11084,1
90654,0
60327,0
56199,0
99170,0
61171,0
51529,0
93983,0
30328,1
20035,1
142042,0
91628,0
125524,0
90052,0
97505,0
110199,0
30225,1
116001,0
145044,0
17207,1
107122,0
6827,1
75328,0
145242,0
88437,0
32753,1
109989,0
59181,0
16962,1
37933,1
7839,1
1022,1
76024,0
69583,0
157017,0
106192,0
127094,0
156544,0
95284,0
101694,0
126154,0
26834,1
28994,1
38914,1
102647,0
80164,0
130057,0
142641,0
133118,0
37946,1
114340,0
109963,0
105687,0
130689,0
92994,0
60764,0
103960,0
89593,0
70450,0
98535,0
123983,0
20069,1
34022,1
8516,1
60361,0
87210,0
75462,0
71087,0
30614,1
107297,0
135529,0
95074,0
77950,0
66092,0
148022,0
120169,0
45484,0
75188,0
141949,0
33344,1
37678,1
49472,0
152341,0
146433,0
5552,1
51327,0
69234,0
30219,1
13284,1
83259,0
98045,0
81028,0
86416,0
57252,0
113255,0
12973,1
3443,1
104105,0
138669,0
22964,1
144470,0
97556,0
87284,0
60122,0
144603,0
120448,0
98594,0
130904,0
96359,0
66211,0
28857,1
6923,1
18413,1
47946,0
75002,0
144064,0
47902,0
81482,0
62205,0
46424,0
77792,0
143425,0
35186,1
18014,1
83862,0
12511,1
138259,0
34202,1
74202,0
30286,1
51855,0
68161,0
5941,1
65295,0
135274,0
153100,0
88317,0
38808,1
84247,0
115051,0
33374,1
124269,0
70182,0
94829,0
96838,0
32493,1
106452,0
44358,1
41654,1
59242,0
104302,0
143630,0
27730,1
53929,0
64074,0
15388,1
103500,0
80918,0
111584,0
131195,0
121008,0
152484,0
62079,0
96055,0
3571,1
115793,0
58149,0
96817,0
39753,1
29110,1
157822,0
63419,0
75990,0
3992,1
51171,0
131810,0
16191,1
64972,0
11266,1
92359,0
38130,1
151046,0
24020,1
36865,1
143332,0
15765,1
25393,1
146594,0
15902,1
25612,1
23453,1
67273,0
148002,0
10109,1
59008,0
141389,0
32886,1
126313,0
1537,1
103050,0
113394,0
36320,1
54150,0
50711,0
70203,0
105560,0
47778,0
6349,1
146070,0
154183,0
122142,0
48012,0
78251,0
82413,0
59180,0
143484,0
42953,1
110182,0
49952,0
138750,0
72804,0
110679,0
140904,0
154834,0
44359,1
117625,0
32103,1
109344,0
68833,0
5124,1
47769,0
125434,0
55426,0
145150,0
70317,0
76725,0
22649,1
142990,0
127657,0
97758,0
4894,1
105613,0
30968,1
49151,0
84218,0
39698,1
153734,0
106682,0
128696,0
102060,0
12171,1
81864,0
144919,0
83899,0
61598,0
84576,0
81929,0
117579,0
118586,0
105869,0
20658,1
6098,1
86122,0
91174,0
105897,0
124506,0
118960,0
11020,1
89203,0
110646,0
130574,0
159607,0
67513,0
38434,1
7089,1
126835,0
17014,1
37288,1
16676,1
21671,1
132499,0
19384,1
27413,1
86618,0
80327,0
23381,1
22831,1
47621,0
31897,1
22443,1
69230,0
42637,1
106591,0
126632,0
66296,0
10358,1
66866,0
90198,0
39197,1
92990,0
98416,0
121233,0
71398,0
159136,0
51803,0
93680,0
121422,0
147713,0
137455,0
67753,0
8568,1
148597,0
63831,0
48374,0
142287,0
123570,0
7142,1
123163,0
42473,1
53465,0
9588,1
68912,0
126272,0
135837,0
142015,0
102352,0
86247,0
158943,0
111062,0
35725,1
4265,1
92628,0
57228,0
71477,0
26625,1
112223,0
7977,1
89533,0
5181,1
90075,0
5601,1
115650,0
96986,0
69666,0
85154,0
128388,0
17665,1
82300,0
32323,1
2558,1
125731,0
128304,0
155599,0
104594,0
2720,1
143868,0
63744,0
46665,0
76942,0
146611,0
154996,0
59554,0
100065,0
41430,1
30784,1
156634,0
8691,1
124599,0
32252,1
52428,0
55127,0
130141,0
75197,0
97077,0
105719,0
102854,0
35498,1
87915,0
81004,0
1477,1
132609,0
20848,1
10557,1
118847,0
132050,0
95294,0
118946,0
13122,1
71183,0
141321,0
20872,1
14699,1
75932,0
128943,0
69745,0
34200,1
8520,1
45584,0
5797,1
68442,0
89004,0
24514,1
11981,1
36823,1
7151,1
13875,1
90337,0
39588,1
28041,1
4283,1
135195,0
56839,0
115367,0
158423,0
158629,0
16850,1
76347,0
30027,1
136449,0
51186,0
133700,0
76655,0
126938,0
102261,0
85642,0
107905,0
72916,0
75781,0
30823,1
51404,0
76716,0
137613,0
115574,0
43545,1
96689,0
113908,0
139643,0
142210,0
57699,0
139931,0
46037,0
141578,0
20637,1
134998,0
95631,0
91016,0
155712,0
52602,0
57254,0
88679,0
77043,0
81765,0
129142,0
35893,1
42009,1
22605,1
81459,0
70561,0
56160,0
35151,1
102629,0
73246,0
147029,0
126492,0
121981,0
32936,1
121782,0
150790,0
153332,0
73525,0
25783,1
13755,1
47938,0
87500,0
91638,0
58569,0
128114,0
73351,0
87480,0
3993,1
132833,0
152107,0
63928,0
133377,0
48806,0
50344,0
52787,0
144771,0
7840,1
49321,0
20951,1
104606,0
42141,1
102514,0
49733,0
9981,1
95952,0
10507,1
94244,0
98811,0
155892,0
8714,1
62008,0
37680,1
92685,0
81555,0
100300,0
137809,0
87429,0
73841,0
146781,0
14444,1
140867,0
26024,1
12484,1
73737,0
2054,1
3578,1
78826,0
24419,1
158195,0
47572,0
6716,1
129597,0
15993,1
16876,1
76806,0
118024,0
71450,0
62482,0
159181,0
136126,0
114781,0
135295,0
65172,0
62407,0
8693,1
67898,0
41768,1
155566,0
147834,0
142044,0
67759,0
1763,1
147601,0
50730,0
110722,0
85324,0
65839,0
67684,0
156935,0
156118,0
67801,0
127712,0
59911,0
121082,0
64617,0
147905,0
145628,0
52715,0
62351,0
39871,1
23788,1
18738,1
155073,0
63256,0
7643,1
64593,0
106966,0
115359,0
99119,0
66853,0
22194,1
137301,0
79443,0
2121,1
28300,1
45716,0
124059,0
159461,0
87145,0
57238,0
45032,1
31268,1
105269,0
41736,1
32885,1
31385,1
158815,0
128990,0
134502,0
99526,0
137638,0
107587,0
109715,0
82389,0
94526,0
53661,0
61438,0
57383,0
143225,0
77022,0
90834,0
117234,0
42480,1
9335,1
11916,1
133409,0
57788,0
156269,0
82347,0
77523,0
131350,0
3595,1
106417,0
29728,1
109214,0
72927,0
143032,0
153559,0
66174,0
40190,1
134523,0
39383,1
58614,0
66401,0
39608,1
149218,0
81894,0
103850,0
157946,0
957,1
15215,1
105766,0
105374,0
131775,0
118037,0
131868,0
118900,0
44794,1
148341,0
28955,1
128661,0
12279,1
90233,0
62298,0
70124,0
1301,1
64503,0
149711,0
145017,0
144240,0
104570,0
81866,0
101565,0
120697,0
47321,0
159780,0
76104,0
123652,0
35267,1
97452,0
135143,0
145457,0
125463,0
108184,0
158625,0
50979,0
118141,0
100103,0
78759,0
12838,1
45906,0
139404,0
157724,0
32515,1
72285,0
66103,0
140861,0
30991,1
122072,0
95565,0
84785,0
38047,1
98882,0
62193,0
38301,1
5057,1
149332,0
93734,0
94708,0
32197,1
52177,0
123572,0
69139,0
35100,1
103184,0
14445,1
128594,0
82612,0
159078,0
77942,0
152471,0
145191,0
108643,0
107699,0
156813,0
2533,1
113141,0
128518,0
83984,0
103991,0
59726,0
11749,1
131351,0
105623,0
99197,0
56071,0
43273,1
67271,0
7321,1
17991,1
153596,0
132194,0
149346,0
158434,0
19771,1
28147,1
87965,0
93466,0
95070,0
81378,0
69766,0
69201,0
42133,1
146931,0
117797,0
120842,0
97764,0
20616,1
22014,1
69947,0
12284,1
50729,0
153852,0
135509,0
86681,0
25200,1
47865,0
15828,1
68828,0
114273,0
55734,0
6195,1
16840,1
82638,0
115223,0
153865,0
32796,1
61930,0
2105,1
133086,0
3464,1
30501,1
95164,0
47448,0
104040,0
146264,0
1390,1
142824,0
31361,1
72013,0
58073,0
19289,1
155548,0
26541,1
141571,0
45199,0
47682,0
142817,0
104655,0
20746,1
41570,1
90111,0
52595,0
34737,1
98266,0
112118,0
95055,0
66436,0
36074,1
157378,0
104109,0
4907,1
158706,0
98518,0
4549,1
104801,0
74101,0
45080,1
15361,1
108394,0
96521,0
152670,0
130646,0
97001,0
40032,1
79909,0
77475,0
74566,0
105752,0
40378,1
66687,0
78788,0
41845,1
2379,1
129771,0
61668,0
151113,0
128016,0
155378,0
61045,0
81862,0
40721,1
81413,0
27462,1
58360,0
90468,0
48464,0
3691,1
7290,1
81649,0
132715,0
92702,0
32860,1
78781,0
105881,0
48143,0
40728,1
17931,1
32780,1
3020,1
17476,1
34955,1
156531,0
122916,0
78854,0
27924,1
172,1
58092,0
643,1
150092,0
89921,0
18507,1
125760,0
106901,0
112309,0
56283,0
5035,1
92464,0
13435,1
106291,0
15294,1
95168,0
142619,0
83536,0
29429,1
146364,0
125168,0
40890,1
62737,0
72773,0
71301,0
143514,0
71918,0
139782,0
141235,0
25646,1
120296,0
131891,0
1170,1
125288,0
155440,0
59070,0
56937,0
60989,0
152045,0
49826,0
139387,0
46626,0
87781,0
44547,1
88215,0
14216,1
125043,0
42584,1
53247,0
136478,0
82780,0
111937,0
147278,0
130211,0
136192,0
62633,0
82084,0
8654,1
23592,1
72204,0
78832,0
18955,1
53592,0
54488,0
12336,1
78385,0
51621,0
134687,0
131697,0
99917,0
99721,0
149642,0
153808,0
43908,1
82682,0
87789,0
149822,0
94694,0
78508,0
26316,1
54272,0
10340,1
14694,1
61623,0
60784,0
129861,0
70781,0
146645,0
107591,0
23306,1
58352,0
114110,0
54909,0
66617,0
81042,0
81612,0
9304,1
77001,0
90567,0
59952,0
46948,0
100848,0
32469,1
10346,1
100191,0
77904,0
51796,0
29873,1
41288,1
118923,0
30053,1
65160,0
149858,0
141158,0
77839,0
46313,0
146660,0
96441,0
85406,0
62451,0
19709,1
49868,0
18224,1
33528,1
58509,0
3133,1
117503,0
105009,0
9032,1
44442,1
36561,1
80396,0
68274,0
68836,0
6150,1
145422,0
139721,0
113105,0
83676,0
10612,1
72863,0
34766,1
62330,0
110845,0
60409,0
119288,0
21672,1
74659,0
37708,1
59173,0
89245,0
157289,0
74443,0
115458,0
102492,0
86038,0
35904,1
40071,1
19425,1
131886,0
87911,0
104584,0
67521,0
19321,1
6622,1
61103,0
108100,0
124547,0
74038,0
61480,0
20199,1
44465,1
108028,0
91183,0
106034,0
150058,0
88482,0
10593,1
61676,0
14483,1
59879,0
117265,0
95866,0
100879,0
122077,0
118815,0
82072,0
63442,0
52400,0
111370,0
59792,0
138744,0
575,1
55458,0
95048,0
10958,1
89929,0
15622,1
51766,0
114280,0
120418,0
3317,1
118308,0
25964,1
158336,0
151384,0
70311,0
147883,0
102704,0
88647,0
144639,0
67234,0
49634,0
97825,0
126191,0
81954,0
82731,0
33885,1
1237,1
106490,0
35063,1
97050,0
113764,0
106541,0
67558,0
57864,0
9114,1
68322,0
34635,1
140374,0
9568,1
99283,0
56495,0
57284,0
68328,0
119934,0
158505,0
154232,0
137379,0
159004,0
137068,0
93721,0
14280,1
127103,0
150604,0
76926,0
77780,0
69697,0
59764,0
134422,0
33397,1
82113,0
144835,0
74149,0
107536,0
104804,0
131243,0
10030,1
70202,0
53765,0
115344,0
127697,0
149464,0
94127,0
75614,0
105912,0
101147,0
23370,1
13332,1
138962,0
151155,0
151966,0
11942,1
128416,0
148874,0
116476,0
134802,0
132215,0
142142,0
104867,0
74906,0
9556,1
85811,0
57040,0
40203,1
113364,0
48016,0
83083,0
104946,0
150310,0
155967,0
42912,1
104173,0
136435,0
111069,0
60625,0
40933,1
8316,1
117705,0
158562,0
50871,0
96265,0
57850,0
54647,0
9293,1
133576,0
3804,1
70038,0
5912,1
39653,1
69253,0
52327,0
126822,0
147561,0
118432,0
14839,1
23120,1
120379,0
92515,0
149510,0
115960,0
17358,1
155436,0
44329,1
79002,0
34825,1
159410,0
61357,0
28313,1
106915,0
67785,0
102443,0
146680,0
52086,0
93127,0
35366,1
159419,0
46695,0
113218,0
34699,1
158161,0
62225,0
21681,1
70717,0
123562,0
46536,0
127417,0
6537,1
62186,0
15774,1
94637,0
37658,1
76491,0
104905,0
56854,0
115778,0
119659,0
133038,0
153190,0
40812,1
98961,0
58083,0
54,1
128279,0
92457,0
124207,0
33568,1
37929,1
137935,0
87377,0
153455,0
103985,0
41891,1
139236,0
109956,0
121218,0
126448,0
7604,1
110469,0
41078,1
134906,0
94076,0
29118,1
39650,1
157073,0
34768,1
62381,0
62388,0
85939,0
75357,0
19284,1
108159,0
101166,0
47387,0
98329,0
147226,0
112315,0
85627,0
36396,1
22007,1
23554,1
56161,0
112475,0
125430,0
100859,0
98532,0
89424,0
147309,0
64259,0
44934,1
112601,0
8096,1
141594,0
23982,1
36391,1
56711,0
65841,0
92294,0
113199,0
17226,1
126330,0
120231,0
65061,0
103711,0
10513,1
37938,1
154004,0
121242,0
66060,0
32682,1
159350,0
3356,1
61179,0
127440,0
90649,0
44600,1
118231,0
36153,1
133656,0
12435,1
51361,0
127967,0
106210,0
137264,0
19272,1
98253,0
96492,0
116330,0
112055,0
20971,1
133709,0
62933,0
12001,1
154391,0
152936,0
58877,0
103969,0
3939,1
62749,0
144157,0
5859,1
105266,0
136418,0
38314,1
15638,1
73062,0
57472,0
64611,0
158456,0
12458,1
10826,1
125850,0
43160,1
19066,1
90597,0
62438,0
84700,0
110019,0
152933,0
6137,1
100033,0
122425,0
82997,0
85299,0
14320,1
23283,1
78483,0
123357,0
121971,0
38915,1
117682,0
14743,1
141659,0
71346,0
93946,0
53388,0
138729,0
101259,0
108659,0
143964,0
147143,0
102161,0
123453,0
106587,0
121171,0
116545,0
138483,0
138133,0
37147,1
97115,0
57113,0
131448,0
121247,0
16719,1
71591,0
99284,0
52066,0
142417,0
87647,0
26207,1
76410,0
21936,1
242,1
115802,0
100217,0
81064,0
106404,0
5875,1
101892,0
12925,1
27560,1
143204,0
63873,0
112592,0
64893,0
58300,0
129438,0
150862,0
144289,0
17746,1
76879,0
51006,0
124238,0
21524,1
129505,0
84796,0
99747,0
79356,0
38062,1
129687,0
125587,0
111917,0
61124,0
140163,0
13713,1
84536,0
1099,1
65349,0
124286,0
151846,0
74170,0
89906,0
27085,1
93387,0
85066,0
155981,0
32811,1
119576,0
73504,0
130235,0
6543,1
159327,0
111797,0
12802,1
151626,0
123405,0
139812,0
96673,0
152212,0
21238,1
51850,0
46226,0
11630,1
84805,0
128551,0
32027,1
121136,0
125570,0
44398,1
63633,0
62099,0
107770,0
112876,0
70805,0
51227,0
33809,1
87966,0
66999,0
143000,0
72502,0
19273,1
72846,0
91310,0
22965,1
147103,0
92872,0
129820,0
1675,1
6864,1
68484,0
126971,0
1581,1
54308,0
983,1
134969,0
63367,0
147416,0
115748,0
88472,0
104060,0
128013,0
116076,0
108113,0
39956,1
50436,0
94364,0
126394,0
42188,1
29432,1
132924,0
33216,1
143,1
52405,0
15935,1
6006,1
72111,0
128894,0
91329,0
6139,1
156001,0
127142,0
153658,0
97107,0
59496,0
40012,1
67355,0
98334,0
93352,0
23077,1
33170,1
95010,0
143800,0
7047,1
44554,1
38492,1
141154,0
42136,1
6998,1
29068,1
74292,0
17028,1
81030,0
85313,0
90762,0
23922,1
45798,0
73664,0
86293,0
86209,0
28584,1
150433,0
41396,1
52557,0
47721,0
121459,0
78173,0
89177,0
134893,0
26206,1
110007,0
52587,0
9551,1
85668,0
18145,1
136262,0
109078,0
65415,0
154057,0
67216,0
115866,0
76607,0
82217,0
145626,0
44180,1
8524,1
62271,0
25996,1
70481,0
13603,1
71892,0
43429,1
84168,0
139279,0
138728,0
16306,1
99657,0
101990,0
107663,0
63908,0
31816,1
103449,0
66856,0
468,1
90536,0
56121,0
45366,0
31594,1
1363,1
30507,1
102698,0
18267,1
152083,0
115901,0
112383,0
121837,0
25721,1
150663,0
99782,0
84171,0
117476,0
117985,0
140839,0
126730,0
71549,0
26658,1
38250,1
15710,1
38370,1
132217,0
110085,0
35383,1
62142,0
22084,1
7066,1
48174,0
148251,0
121853,0
139147,0
89656,0
16849,1
143808,0
122655,0
133077,0
124382,0
103187,0
78504,0
939,1
29713,1
129253,0
38140,1
83521,0
1373,1
39316,1
147021,0
149735,0
71611,0
71524,0
149195,0
105203,0
44979,1
101662,0
17696,1
16632,1
151064,0
45842,0
70690,0
120035,0
148,1
46890,0
127040,0
74975,0
134990,0
65717,0
134031,0
66900,0
66545,0
21640,1
28708,1
33410,1
123237,0
122545,0
79827,0
82014,0
72291,0
102646,0
74473,0
99282,0
124997,0
18892,1
14167,1
116780,0
37685,1
153172,0
134418,0
153270,0
139630,0
84589,0
44717,1
74953,0
150610,0
65245,0
159076,0
65865,0
33045,1
70119,0
155777,0
131685,0
73794,0
144200,0
157175,0
119397,0
95080,0
110702,0
152506,0
91361,0
147280,0
116311,0
88653,0
93546,0
18068,1
103590,0
7540,1
51345,0
68784,0
1780,1
60278,0
19454,1
94597,0
105118,0
117878,0
149007,0
152013,0
56516,0
147250,0
48077,0
19229,1
110287,0
127560,0
41762,1
142123,0
46266,0
60605,0
35159,1
84045,0
150965,0
20362,1
23242,1
7693,1
97384,0
135038,0
154162,0
1611,1
89410,0
33089,1
53602,0
52057,0
68595,0
72757,0
111962,0
11919,1
44144,1
95846,0
8961,1
113670,0
108550,0
84617,0
46217,0
139823,0
150756,0
35132,1
142894,0
61622,0
34295,1
6288,1
77984,0
20684,1
14239,1
12616,1
155878,0
87989,0
104422,0
147229,0
68479,0
145411,0
68697,0
134738,0
20373,1
116698,0
94017,0
156922,0
140723,0
54075,0
156171,0
80265,0
56895,0
17712,1
90833,0
130479,0
108753,0
16031,1
47839,0
87355,0
25241,1
18204,1
49200,0
61730,0
20803,1
20421,1
8211,1
122404,0
14729,1
8021,1
103737,0
77167,0
19574,1
21714,1
55518,0
55667,0
41273,1
112329,0
101398,0
117478,0
71668,0
90938,0
141278,0
99585,0
128831,0
153165,0
39330,1
61043,0
130142,0
118919,0
10280,1
93247,0
106968,0
158064,0
122086,0
111507,0
79279,0
33169,1
71741,0
116954,0
144315,0
156377,0
153624,0
41429,1
61923,0
90448,0
154936,0
84641,0
83458,0
6029,1
142053,0
47070,0
33515,1
74519,0
57430,0
106191,0
11904,1
37228,1
144113,0
16203,1
111655,0
97082,0
117858,0
93727,0
22838,1
2543,1
89522,0
88561,0
16983,1
158243,0
131612,0
31040,1
113109,0
112906,0
29917,1
30952,1
69845,0
121522,0
138584,0
117928,0
133140,0
49739,0
5852,1
44901,1
139726,0
100670,0
52403,0
21379,1
83695,0
80165,0
19806,1
144530,0
138642,0
121643,0
81748,0
71776,0
130075,0
70972,0
46989,0
60604,0
19936,1
10911,1
128775,0
88575,0
144653,0
27829,1
40690,1
72292,0
116303,0
55135,0
3919,1
125987,0
37433,1
33432,1
1530,1
80414,0
82876,0
31645,1
115859,0
40624,1
117237,0
114967,0
3120,1
134830,0
60609,0
132604,0
390,1
30486,1
89104,0
127093,0
30097,1
39111,1
148743,0
49678,0
149089,0
69390,0
76749,0
64689,0
21541,1
43515,1
27662,1
121028,0
121356,0
140721,0
129048,0
46459,0
21243,1
55182,0
127586,0
103602,0
103732,0
139071,0
49675,0
122284,0
49392,0
42055,1
74164,0
51620,0
88452,0
120830,0
124049,0
126656,0
9877,1
13033,1
125484,0
17258,1
54258,0
22241,1
126527,0
151971,0
38677,1
78640,0
46295,0
71792,0
34388,1
60053,0
23460,1
26315,1
140240,0
134278,0
13003,1
14507,1
54969,0
92337,0
136472,0
22083,1
119054,0
156647,0
88843,0
83313,0
77907,0
14747,1
5766,1
66991,0
78367,0
25647,1
14478,1
21285,1
102098,0
3589,1
129229,0
113796,0
44126,1
93231,0
53986,0
102762,0
112432,0
7016,1
87573,0
42551,1
75726,0
68409,0
67105,0
39195,1
108821,0
158763,0
82996,0
47811,0
36318,1
27653,1
78329,0
100583,0
149303,0
107261,0
42070,1
67075,0
95564,0
86890,0
125873,0
157890,0
110741,0
64209,0
13844,1
134524,0
150789,0
136601,0
141464,0
16027,1
114040,0
128129,0
65444,0
48442,0
14905,1
60321,0
32879,1
115819,0
712,1
97508,0
97843,0
4688,1
97474,0
10846,1
70451,0
77417,0
78241,0
95203,0
120100,0
641,1
36977,1
128331,0
63443,0
52717,0
32206,1
128750,0
98495,0
97578,0
107592,0
31249,1
55065,0
97089,0
100410,0
63833,0
150953,0
111396,0
13054,1
68953,0
79866,0
25560,1
80098,0
116518,0
30144,1
22956,1
144987,0
147188,0
54431,0
58983,0
15677,1
131040,0
117782,0
101227,0
147061,0
1638,1
63398,0
104252,0
98705,0
6511,1
28863,1
132528,0
36327,1
9544,1
112725,0
66446,0
46069,0
5914,1
153273,0
109163,0
104120,0
2438,1
146763,0
17981,1
81914,0
88354,0
121555,0
37463,1
131809,0
134178,0
25079,1
118518,0
127240,0
9365,1
13869,1
91810,0
28184,1
21843,1
10592,1
149356,0
41966,1
64431,0
154129,0
119629,0
11302,1
29815,1
118829,0
142528,0
128100,0
113596,0
132868,0
71942,0
26828,1
60978,0
154891,0
146189,0
42254,1
144845,0
58876,0
97407,0
107498,0
153563,0
125118,0
133465,0
105667,0
71382,0
85212,0
126433,0
29165,1
114629,0
146148,0
116917,0
47877,0
110823,0
153329,0
105864,0
6228,1
129353,0
27869,1
14192,1
154159,0
87186,0
136274,0
9475,1
84071,0
154359,0
8228,1
71517,0
137184,0
150467,0
113184,0
107585,0
36519,1
106921,0
34616,1
11707,1
129760,0
134740,0
21207,1
48871,0
1915,1
77595,0
142497,0
154362,0
28539,1
19911,1
27931,1
62746,0
138546,0
92161,0
123854,0
5407,1
35752,1
106252,0
48350,0
77176,0
53608,0
22298,1
114757,0
52224,0
140993,0
87763,0
57156,0
59216,0
50536,0
49304,0
81258,0
125008,0
68418,0
86644,0
147660,0
432,1
121409,0
109628,0
33834,1
153036,0
53275,0
58327,0
51757,0
137543,0
72620,0
127623,0
66088,0
92663,0
113800,0
62049,0
76930,0
101661,0
134288,0
75443,0
142957,0
47272,0
135978,0
13691,1
29642,1
92370,0
154314,0
117768,0
114440,0
16880,1
38646,1
4670,1
77620,0
15229,1
38367,1
48573,0
151596,0
88046,0
53451,0
124122,0
64100,0
23648,1
88989,0
76875,0
36346,1
124553,0
46697,0
38333,1
135055,0
70045,0
80503,0
126366,0
25751,1
12183,1
64718,0
78882,0
47593,0
143702,0
48391,0
96234,0
71278,0
38902,1
88714,0
38579,1
74429,0
103809,0
123258,0
27022,1
100007,0
20371,1
52953,0
139217,0
123455,0
3551,1
71748,0
109458,0
20403,1
151747,0
151953,0
85633,0
119769,0
47127,0
56258,0
148562,0
3570,1
33361,1
55007,0
78248,0
145486,0
142395,0
144135,0
1145,1
150548,0
1388,1
54569,0
43551,1
57675,0
33810,1
56757,0
133348,0
152142,0
83100,0
84035,0
64298,0
77250,0
27038,1
95104,0
85798,0
157865,0
91450,0
100702,0
86891,0
14837,1
82716,0
21903,1
54570,0
25723,1
106851,0
75466,0
23196,1
153890,0
47830,0
116794,0
122904,0
5509,1
84858,0
45849,0
28798,1
35610,1
49918,0
54039,0
91259,0
118977,0
109531,0
152035,0
135350,0
67332,0
100432,0
28918,1
30698,1
129724,0
125306,0
3446,1
98181,0
73706,0
32874,1
76953,0
94089,0
16548,1
10424,1
93524,0
40497,1
39261,1
150932,0
157035,0
77014,0
11970,1
69575,0
2938,1
119648,0
47193,0
120652,0
42330,1
63552,0
154597,0
78038,0
60592,0
70897,0
127392,0
156900,0
52325,0
103001,0
49261,0
83949,0
2688,1
140889,0
144463,0
70100,0
109534,0
148440,0
21080,1
77763,0
127213,0
121961,0
154552,0
79456,0
14235,1
43356,1
113316,0
134327,0
17917,1
139916,0
44815,1
10266,1
115486,0
6013,1
40881,1
99455,0
3745,1
96592,0
118305,0
149958,0
62843,0
113460,0
106390,0
98906,0
149047,0
107952,0
47278,0
82598,0
141843,0
156340,0
33657,1
2846,1
44824,1
68798,0
85617,0
147007,0
76626,0
141581,0
136501,0
55520,0
12836,1
94693,0
51632,0
136364,0
99746,0
108598,0
74660,0
20088,1
84749,0
51310,0
139865,0
95581,0
131703,0
58914,0
4120,1
26500,1
90890,0
19626,1
2813,1
11674,1
114668,0
46290,0
18200,1
287,1
126163,0
77219,0
3520,1
147180,0
7938,1
99059,0
146685,0
58027,0
84029,0
104671,0
86397,0
86898,0
158851,0
46928,0
73936,0
42386,1
66639,0
37562,1
27905,1
95562,0
1203,1
101008,0
9108,1
137691,0
23878,1
117954,0
97773,0
156507,0
131670,0
136096,0
29362,1
129146,0
90238,0
25886,1
55847,0
110494,0
110968,0
91663,0
140804,0
130337,0
64606,0
6114,1
158660,0
78080,0
50079,0
67208,0
148573,0
36526,1
59287,0
123028,0
137563,0
121377,0
57715,0
2675,1
56898,0
109248,0
156258,0
63014,0
135516,0
150017,0
150542,0
86797,0
114851,0
85296,0
56389,0
137877,0
819,1
71980,0
90030,0
24398,1
50477,0
59303,0
83975,0
151581,0
114697,0
104193,0
83795,0
146356,0
86286,0
157707,0
105526,0
90587,0
76382,0
83428,0
103840,0
3822,1
17332,1
86743,0
137324,0
18106,1
85555,0
159555,0
29430,1
74683,0
16886,1
119850,0
100166,0
138922,0
77801,0
99464,0
132212,0
26104,1
39365,1
105823,0
102710,0
113743,0
106439,0
81269,0
54404,0
155670,0
144398,0
13148,1
30900,1
152996,0
112389,0
113575,0
28230,1
93212,0
3228,1
82807,0
117316,0
151859,0
108346,0
96604,0
122210,0
17000,1
7597,1
70402,0
118451,0
77654,0
84415,0
156887,0
19843,1
36128,1
58122,0
116150,0
7488,1
11723,1
132490,0
47371,0
131036,0
153200,0
34750,1
135339,0
18894,1
104636,0
70079,0
8769,1
61112,0
126323,0
94798,0
4489,1
67588,0
111363,0
135849,0
7791,1
30869,1
27983,1
99186,0
138519,0
49559,0
64916,0
4984,1
62927,0
97779,0
66167,0
155444,0
55587,0
151714,0
10861,1
122227,0
86348,0
83823,0
113930,0
53830,0
110612,0
49813,0
9295,1
22274,1
148779,0
119635,0
107700,0
36922,1
94753,0
155354,0
29636,1
135294,0
75393,0
152915,0
64200,0
80653,0
25572,1
34162,1
120113,0
15238,1
139154,0
31399,1
150356,0
11755,1
100449,0
94427,0
113371,0
29467,1
55963,0
86176,0
92084,0
95621,0
72466,0
32741,1
6049,1
53406,0
65987,0
28993,1
36514,1
29046,1
124253,0
3153,1
45781,0
86491,0
59844,0
106515,0
87505,0
101602,0
53457,0
102425,0
23051,1
43104,1
93985,0
112412,0
31271,1
158533,0
85510,0
51597,0
52976,0
28783,1
70923,0
102821,0
59486,0
62552,0
53649,0
11545,1
76541,0
29987,1
144151,0
113147,0
103929,0
81374,0
84051,0
36476,1
19149,1
7831,1
145180,0
6221,1
114625,0
93062,0
131672,0
93969,0
20119,1
136052,0
33679,1
123158,0
78103,0
18381,1
728,1
6203,1
49289,0
106711,0
16392,1
42731,1
82350,0
154180,0
78360,0
52788,0
48418,0
58637,0
56228,0
149715,0
65682,0
121638,0
16791,1
14337,1
12088,1
58314,0
18677,1
156757,0
134968,0
113966,0
73022,0
153080,0
118463,0
34380,1
26777,1
136926,0
151607,0
67391,0
144308,0
95517,0
37771,1
89188,0
2593,1
103251,0
1659,1
68300,0
336,1
70763,0
93217,0
121164,0
158931,0
67163,0
60925,0
139816,0
30282,1
39545,1
97559,0
117529,0
118487,0
123876,0
89149,0
11157,1
134182,0
52593,0
68146,0
61305,0
1808,1
122007,0
40816,1
104163,0
101584,0
44924,1
137081,0
107875,0
65743,0
61265,0
46317,0
156648,0
152693,0
154000,0
91998,0
93979,0
63872,0
43491,1
112272,0
675,1
72140,0
69615,0
35022,1
145593,0
77024,0
74815,0
144874,0
71048,0
84498,0
142134,0
143247,0
54700,0
137992,0
98633,0
75561,0
149194,0
8083,1
15740,1
87549,0
20699,1
97615,0
153696,0
38901,1
135815,0
13286,1
24372,1
149875,0
130974,0
28549,1
82071,0
50093,0
115539,0
18059,1
140131,0
156594,0
28493,1
159529,0
41344,1
149236,0
25621,1
136371,0
31811,1
132810,0
144491,0
1461,1
49984,0
129303,0
158063,0
1759,1
146818,0
66516,0
129027,0
155555,0
154815,0
65038,0
69839,0
90601,0
98515,0
135637,0
105739,0
107003,0
44620,1
110,1
88018,0
31057,1
27664,1
124050,0
18012,1
94521,0
112280,0
120632,0
59597,0
45738,0
12781,1
116166,0
65614,0
78665,0
31374,1
114699,0
50143,0
23426,1
4842,1
102753,0
148784,0
136209,0
21263,1
151551,0
8324,1
19885,1
120452,0
10420,1
87544,0
14495,1
54087,0
69824,0
96130,0
57909,0
83000,0
25930,1
3063,1
36805,1
59119,0
23103,1
35779,1
96766,0
26105,1
74388,0
138309,0
45643,0
77759,0
29620,1
106464,0
121131,0
1433,1
70270,0
114532,0
92647,0
37815,1
29341,1
121007,0
19880,1
146786,0
155608,0
79444,0
136963,0
82812,0
95795,0
27217,1
148640,0
11345,1
109853,0
6598,1
110476,0
151677,0
114840,0
102376,0
73922,0
21155,1
6708,1
25071,1
20024,1
131165,0
145623,0
109675,0
12488,1
69566,0
59823,0
134842,0
2235,1
93277,0
125501,0
36552,1
59207,0
61965,0
74259,0
133874,0
22100,1
63382,0
69039,0
17716,1
101859,0
107654,0
102394,0
97364,0
87979,0
120688,0
89401,0
81946,0
82319,0
114671,0
32434,1
72592,0
52112,0
114983,0
137444,0
71264,0
106325,0
14848,1
85729,0
127801,0
77069,0
101844,0
138497,0
7747,1
100959,0
46675,0
155304,0
96085,0
77419,0
82862,0
75580,0
104107,0
57679,0
40111,1
129837,0
123979,0
75319,0
147155,0
140453,0
152248,0
116907,0
93938,0
6949,1
147988,0
107934,0
83015,0
51878,0
87574,0
5736,1
81403,0
68574,0
56046,0
122436,0
83593,0
11119,1
102477,0
137317,0
95235,0
9248,1
80254,0
57304,0
138154,0
73895,0
144723,0
29401,1
120998,0
89596,0
10938,1
33322,1
150222,0
151704,0
70544,0
38175,1
18119,1
150191,0
51544,0
127522,0
16854,1
73623,0
83452,0
102413,0
146040,0
20935,1
28132,1
136270,0
8754,1
49913,0
130675,0
156998,0
31821,1
148221,0
4206,1
137458,0
68313,0
113978,0
106861,0
14998,1
67587,0
123892,0
10630,1
23765,1
103950,0
84841,0
110648,0
33637,1
77289,0
128716,0
114731,0
47449,0
56262,0
138237,0
17749,1
146067,0
70405,0
43130,1
47233,0
74303,0
12784,1
78653,0
35296,1
86948,0
158179,0
86581,0
67861,0
64697,0
127379,0
49707,0
59771,0
107795,0
106022,0
109460,0
26991,1
57652,0
101168,0
146698,0
266,1
82402,0
130488,0
111536,0
15895,1
28796,1
17690,1
145845,0
29548,1
117531,0
114424,0
7199,1
79937,0
11730,1
156917,0
129006,0
109621,0
42580,1
148797,0
129100,0
103197,0
3393,1
45489,0
133046,0
88746,0
123147,0
31062,1
2478,1
22277,1
155453,0
87207,0
47538,0
8303,1
62883,0
114787,0
65938,0
69653,0
135671,0
45531,0
100020,0
158459,0
14274,1
27105,1
97858,0
78046,0
149113,0
50854,0
10257,1
81448,0
24055,1
159367,0
88389,0
117197,0
96865,0
18452,1
132423,0
35371,1
115692,0
41577,1
159667,0
141797,0
71057,0
25407,1
107953,0
80765,0
80100,0
80805,0
1551,1
10464,1
36987,1
81533,0
56236,0
47690,0
150866,0
126206,0
96511,0
29375,1
136807,0
117200,0
110190,0
42242,1
132125,0
67403,0
20220,1
138656,0
88252,0
138848,0
132168,0
26380,1
81343,0
91620,0
110958,0
110969,0
115905,0
143454,0
1269,1
7530,1
105827,0
62571,0
10128,1
81043,0
40942,1
111954,0
146919,0
53225,0
94053,0
56212,0
102005,0
40029,1
26583,1
66888,0
34903,1
77299,0
151336,0
79822,0
117651,0
119293,0
112153,0
151305,0
26337,1
24856,1
52070,0
7814,1
115397,0
114231,0
43852,1
94601,0
58663,0
54507,0
3916,1
132862,0
86288,0
55151,0
76955,0
23067,1
33088,1
4029,1
57325,0
157031,0
36905,1
39213,1
37301,1
56115,0
24933,1
1339,1
33447,1
90721,0
62221,0
49065,0
49774,0
23332,1
55714,0
56329,0
50550,0
30429,1
65530,0
20499,1
155705,0
6222,1
75419,0
34235,1
99765,0
114766,0
157268,0
16245,1
74267,0
154579,0
103504,0
16661,1
51770,0
131779,0
73247,0
57877,0
106212,0
111667,0
11663,1
64117,0
153020,0
6443,1
47280,0
150764,0
63425,0
131478,0
54722,0
43082,1
56487,0
49995,0
155700,0
101396,0
104629,0
31418,1
100793,0
9457,1
41473,1
63479,0
28711,1
23699,1
112308,0
4929,1
42685,1
71052,0
57174,0
70466,0
13554,1
108409,0
156293,0
72893,0
34027,1
130579,0
116809,0
3215,1
159642,0
48757,0
143185,0
143507,0
26481,1
89897,0
69919,0
22680,1
65905,0
92426,0
74257,0
147938,0
144440,0
112520,0
95365,0
334,1
26590,1
94275,0
9199,1
8876,1
33946,1
120006,0
26353,1
142970,0
59328,0
62773,0
88961,0
106060,0
141925,0
72444,0
135401,0
100358,0
902,1
106106,0
138372,0
59130,0
31782,1
54506,0
145074,0
49434,0
106548,0
23272,1
93138,0
66315,0
104015,0
5495,1
12904,1
56076,0
81819,0
118150,0
125585,0
2723,1
4060,1
95306,0
47004,0
124648,0
101238,0
133079,0
112538,0
129402,0
137835,0
125350,0
81161,0
18297,1
132914,0
89543,0
157522,0
103163,0
24263,1
53051,0
83476,0
126507,0
4586,1
113304,0
51284,0
82036,0
17331,1
23126,1
67324,0
119689,0
20603,1
71303,0
48896,0
9056,1
116493,0
112276,0
66341,0
102848,0
19359,1
140872,0
38501,1
117608,0
102299,0
66851,0
70866,0
109754,0
71491,0
81520,0
151405,0
99189,0
122977,0
65520,0
111787,0
98490,0
8637,1
100328,0
42545,1
104971,0
20825,1
53463,0
32525,1
115782,0
106435,0
4428,1
13862,1
124892,0
143463,0
76094,0
34660,1
13582,1
70442,0
28377,1
12527,1
13042,1
154652,0
59192,0
120099,0
28750,1
123001,0
126691,0
18942,1
144679,0
15596,1
23572,1
99500,0
11555,1
33388,1
16855,1
90883,0
99481,0
55511,0
76291,0
69651,0
48974,0
138078,0
27095,1
4600,1
1800,1
830,1
85038,0
59083,0
83659,0
23679,1
30924,1
85428,0
120455,0
14061,1
27871,1
134315,0
29093,1
27010,1
9110,1
40786,1
60297,0
9106,1
35910,1
63574,0
22109,1
115002,0
145828,0
152577,0
49552,0
158853,0
21539,1
137403,0
57555,0
9369,1
34716,1
19020,1
19906,1
36703,1
2803,1
137346,0
68403,0
103312,0
28264,1
139253,0
39918,1
87494,0
80010,0
52743,0
2484,1
113991,0
22892,1
16425,1
85530,0
94703,0
92305,0
129799,0
29017,1
108326,0
144068,0
134185,0
111715,0
28622,1
28513,1
145002,0
69159,0
113532,0
139356,0
75890,0
70391,0
64330,0
121843,0
151672,0
140871,0
18979,1
110537,0
34437,1
82050,0
136111,0
99115,0
107686,0
53918,0
61250,0
82317,0
102595,0
137309,0
6327,1
82311,0
148631,0
125581,0
92453,0
155812,0
109917,0
85585,0
159057,0
84507,0
86886,0
151066,0
138193,0
151197,0
2942,1
4534,1
46606,0
55434,0
139530,0
150575,0
113509,0
69014,0
113223,0
128598,0
92334,0
35694,1
123895,0
76044,0
63841,0
49881,0
52326,0
48401,0
111826,0
143596,0
110858,0
6466,1
106200,0
9429,1
119722,0
31417,1
120409,0
89967,0
68376,0
16005,1
127721,0
19350,1
87503,0
151856,0
43885,1
141370,0
142730,0
35281,1
49794,0
1832,1
28884,1
67715,0
67079,0
132497,0
15171,1
98300,0
131127,0
110497,0
103375,0
93970,0
158697,0
23531,1
110527,0
95372,0
48100,0
120185,0
139100,0
118456,0
125602,0
125896,0
93784,0
72037,0
102742,0
138456,0
157115,0
59238,0
31295,1
80892,0
154803,0
106089,0
144007,0
145655,0
157751,0
103212,0
74331,0
149458,0
146108,0
37655,1
71722,0
131434,0
155640,0
38164,1
146239,0
156400,0
85396,0
66080,0
36859,1
47611,0
129762,0
70287,0
119186,0
8910,1
25330,1
122429,0
142198,0
31092,1
107761,0
411,1
136810,0
117415,0
92229,0
5084,1
76818,0
154811,0
13783,1
100655,0
147089,0
4155,1
16211,1
4121,1
52785,0
20256,1
63742,0
79768,0
135121,0
68774,0
41667,1
27178,1
50808,0
45699,0
31834,1
17798,1
156147,0
130170,0
73730,0
135580,0
120684,0
67923,0
92675,0
13848,1
100553,0
31369,1
5560,1
38698,1
104947,0
9285,1
75602,0
134598,0
40722,1
37940,1
96203,0
96119,0
66377,0
77168,0
138923,0
89782,0
157561,0
33489,1
147435,0
73636,0
89785,0
49114,0
21733,1
159548,0
143900,0
14103,1
14335,1
50988,0
61406,0
146778,0
114170,0
145001,0
17377,1
79707,0
65715,0
41026,1
155404,0
120459,0
83085,0
62727,0
63461,0
81428,0
126821,0
80051,0
53810,0
97511,0
157556,0
1621,1
19995,1
83603,0
60412,0
130627,0
24702,1
65439,0
51202,0
129710,0
49970,0
69655,0
159137,0
2097,1
144187,0
64773,0
54848,0
90007,0
107777,0
32391,1
41703,1
68567,0
102367,0
114615,0
91701,0
94037,0
106043,0
150419,0
87327,0
129062,0
152151,0
141153,0
93123,0
129993,0
146937,0
31401,1
11389,1
85690,0
130080,0
67627,0
47595,0
13376,1
50292,0
96118,0
91196,0
78797,0
8398,1
49107,0
15796,1
120095,0
139621,0
112439,0
66751,0
59573,0
67160,0
50901,0
85614,0
23412,1
137463,0
143170,0
120079,0
37096,1
33823,1
20737,1
95501,0
7506,1
71845,0
31909,1
73520,0
137911,0
142802,0
87079,0
73161,0
61633,0
157124,0
11815,1
157197,0
76428,0
56951,0
49656,0
78503,0
150040,0
13829,1
98709,0
126893,0
92233,0
89025,0
11526,1
112587,0
83888,0
72500,0
72853,0
67474,0
91317,0
144932,0
18078,1
124687,0
146188,0
44685,1
114686,0
15206,1
151162,0
105519,0
9148,1
122663,0
12962,1
37698,1
19431,1
44183,1
7942,1
62829,0
119166,0
137439,0
124865,0
116740,0
44551,1
120368,0
73505,0
136870,0
36497,1
109723,0
103973,0
122719,0
50584,0
35688,1
129276,0
158282,0
35399,1
83508,0
151913,0
153439,0
68103,0
79108,0
68876,0
18076,1
61340,0
108500,0
91003,0
22387,1
54053,0
39959,1
125620,0
145785,0
52302,0
143491,0
47442,0
68904,0
139476,0
28480,1
14942,1
85475,0
75515,0
95216,0
138128,0
60349,0
130269,0
102321,0
62263,0
72619,0
108524,0
70091,0
65175,0
118064,0
48527,0
30987,1
92315,0
146250,0
144456,0
3958,1
123149,0
59018,0
112673,0
16459,1
110895,0
94267,0
123267,0
135297,0
132082,0
158141,0
119192,0
30420,1
86731,0
148351,0
76481,0
57691,0
37018,1
1937,1
59283,0
154155,0
1313,1
115334,0
92285,0
47680,0
143510,0
142837,0
158882,0
79273,0
72552,0
47462,0
124029,0
107289,0
50370,0
113479,0
18903,1
158105,0
21665,1
16903,1
26112,1
88381,0
66175,0
125531,0
147861,0
107560,0
72915,0
27721,1
7441,1
37429,1
21461,1
139703,0
13159,1
808,1
157048,0
158617,0
48296,0
64570,0
45949,0
38525,1
141150,0
146688,0
131916,0
79872,0
46415,0
44863,1
13664,1
135198,0
88149,0
80055,0
41278,1
57508,0
13057,1
33599,1
139106,0
65994,0
5653,1
32319,1
133160,0
21693,1
10115,1
60797,0
98521,0
66510,0
155959,0
39848,1
35146,1
159412,0
57934,0
149444,0
92144,0
130662,0
35039,1
80421,0
51128,0
10248,1
45859,0
32922,1
64470,0
133430,0
59704,0
13256,1
61591,0
154831,0
155973,0
83155,0
68536,0
52343,0
50975,0
48118,0
92318,0
81953,0
32194,1
130992,0
132412,0
34155,1
132692,0
141441,0
145910,0
22596,1
157371,0
7621,1
41212,1
145366,0
105552,0
67092,0
28917,1
36696,1
81100,0
64800,0
90113,0
100193,0
19132,1
59140,0
128302,0
7844,1
17703,1
70693,0
115489,0
29687,1
17882,1
112624,0
118480,0
157624,0
136750,0
8107,1
72688,0
27070,1
12167,1
54206,0
12080,1
16755,1
22994,1
106187,0
69517,0
57943,0
82403,0
24598,1
18002,1
146701,0
21781,1
49680,0
91089,0
61939,0
45306,0
113086,0
77868,0
100522,0
56605,0
154198,0
96565,0
25730,1
28335,1
142615,0
112686,0
134644,0
143819,0
54424,0
98165,0
48408,0
88688,0
74472,0
57983,0
3574,1
112460,0
105063,0
116893,0
31697,1
107016,0
32278,1
42798,1
101090,0
52989,0
16696,1
120309,0
54902,0
39446,1
69867,0
33305,1
121186,0
96651,0
15671,1
158116,0
90087,0
71395,0
149896,0
34691,1
54204,0
84573,0
27867,1
95452,0
4741,1
45478,0
55312,0
8608,1
12970,1
60782,0
158831,0
87136,0
159674,0
55822,0
51169,0
90453,0
30545,1
1436,1
39016,1
98655,0
78006,0
667,1
33551,1
138290,0
73780,0
5378,1
23089,1
139713,0
150686,0
149067,0
122382,0
99719,0
119873,0
12307,1
156406,0
139080,0
86939,0
142421,0
90885,0
79962,0
4561,1
119581,0
36208,1
106605,0
20520,1
2513,1
127237,0
3246,1
73197,0
140652,0
15697,1
159192,0
150996,0
26043,1
159023,0
49880,0
135622,0
44961,1
159066,0
45523,0
152398,0
142676,0
18055,1
116259,0
89700,0
75029,0
66703,0
124875,0
72715,0
47662,0
136210,0
101369,0
65115,0
10838,1
63453,0
29937,1
119992,0
57866,0
152750,0
151354,0
70455,0
119211,0
154689,0
45144,0
52160,0
70216,0
93163,0
97891,0
108277,0
111412,0
57925,0
126211,0
42331,1
59869,0
50717,0
135415,0
63576,0
34870,1
8475,1
70483,0
153886,0
120960,0
104347,0
73170,0
47368,0
5836,1
133980,0
63494,0
124473,0
68902,0
74413,0
3694,1
94240,0
115071,0
128370,0
739,1
145416,0
70566,0
93692,0
98003,0
31448,1
27751,1
140807,0
95640,0
157043,0
146948,0
60616,0
124020,0
69813,0
142556,0
73657,0
12162,1
138909,0
7526,1
33912,1
73451,0
83560,0
122219,0
113724,0
133110,0
73093,0
95103,0
58160,0
150093,0
23658,1
26556,1
155627,0
113462,0
35468,1
88511,0
102512,0
103535,0
110344,0
8919,1
48836,0
105227,0
92576,0
35599,1
54752,0
32062,1
116994,0
14143,1
122795,0
51907,0
73633,0
91360,0
104136,0
94013,0
25194,1
140285,0
11543,1
109136,0
153844,0
17021,1
1330,1
62155,0
13260,1
101949,0
136795,0
155126,0
120276,0
18730,1
124425,0
1961,1
92136,0
30512,1
128976,0
125269,0
19582,1
120108,0
22545,1
22175,1
130516,0
46353,0
134608,0
133329,0
17051,1
130839,0
78565,0
79167,0
63791,0
86390,0
154153,0
130254,0
117657,0
31936,1
105594,0
154326,0
76713,0
43754,1
9053,1
157117,0
110275,0
118649,0
33460,1
151079,0
112096,0
28873,1
30551,1
54389,0
83031,0
18941,1
64278,0
142715,0
84578,0
138707,0
89611,0
120819,0
9546,1
113104,0
105128,0
79245,0
154723,0
8974,1
31865,1
135948,0
154813,0
147078,0
8509,1
126566,0
159680,0
3084,1
62028,0
141350,0
61505,0
75861,0
136731,0
42621,1
108757,0
115283,0
102748,0
49156,0
56582,0
105178,0
101448,0
42457,1
118685,0
97692,0
68006,0
63670,0
94454,0
61119,0
43288,1
127397,0
58791,0
101814,0
134869,0
62085,0
95453,0
123634,0
131642,0
110304,0
49445,0
54695,0
99279,0
65699,0
123748,0
74088,0
84164,0
33293,1
111741,0
115658,0
64483,0
38664,1
77052,0
100412,0
104016,0
143352,0
159550,0
77020,0
6258,1
55418,0
100714,0
84038,0
45773,0
99973,0
153445,0
45737,0
145666,0
60258,0
48956,0
94248,0
78776,0
36091,1
143609,0
27135,1
79437,0
56062,0
111228,0
5871,1
142929,0
135588,0
127413,0
158424,0
1592,1
1260,1
43238,1
76479,0
144999,0
127998,0
16383,1
33259,1
31788,1
135239,0
19184,1
134242,0
96999,0
1622,1
118352,0
103316,0
159622,0
29187,1
10664,1
96028,0
93271,0
81706,0
112448,0
112848,0
10300,1
124960,0
52721,0
145445,0
127124,0
76154,0
91545,0
8724,1
27418,1
56162,0
66724,0
149367,0
116023,0
42139,1
17514,1
134320,0
45942,0
33430,1
34948,1
30722,1
21534,1
35869,1
70014,0
99664,0
140654,0
82384,0
147955,0
2695,1
6696,1
29892,1
30148,1
156414,0
14162,1
156075,0
27335,1
95250,0
26076,1
7610,1
125513,0
96154,0
108057,0
33901,1
60377,0
37193,1
11008,1
67661,0
23335,1
5677,1
72911,0
72789,0
44822,1
41824,1
33623,1
7430,1
29347,1
155887,0
122109,0
14610,1
101816,0
119262,0
26428,1
92283,0
101830,0
37203,1
24690,1
149131,0
127529,0
21709,1
27712,1
56677,0
53993,0
94082,0
149245,0
150282,0
117061,0
148075,0
42538,1
41464,1
113842,0
14866,1
104283,0
97614,0
60521,0
133984,0
28155,1
127125,0
96287,0
110337,0
31003,1
42462,1
113367,0
125834,0
110249,0
23707,1
157113,0
16906,1
97434,0
149028,0
23189,1
89157,0
43214,1
118978,0
88841,0
84373,0
128967,0
7515,1
70056,0
25261,1
19595,1
139914,0
18884,1
98468,0
82587,0
12468,1
4239,1
135290,0
10058,1
106116,0
151028,0
48645,0
121546,0
5919,1
148438,0
11742,1
46896,0
60569,0
101967,0
140111,0
84094,0
50156,0
30573,1
108827,0
6050,1
109775,0
158778,0
15481,1
71144,0
145840,0
125994,0
8574,1
49051,0
44217,1
83753,0
24855,1
58433,0
88502,0
62674,0
142430,0
146457,0
42355,1
98359,0
105753,0
158968,0
30290,1
145636,0
11878,1
13907,1
62987,0
40946,1
123498,0
142266,0
24864,1
121787,0
125328,0
69046,0
86332,0
58771,0
47225,0
128808,0
98110,0
122607,0
73366,0
38460,1
58113,0
104789,0
68805,0
48292,0
103428,0
96185,0
132556,0
22015,1
120384,0
52199,0
138676,0
77671,0
3169,1
35512,1
153510,0
24193,1
59900,0
69642,0
145235,0
100162,0
123781,0
146497,0
106438,0
25046,1
38815,1
77603,0
109622,0
101414,0
144913,0
20884,1
68080,0
120932,0
74602,0
26789,1
105747,0
115744,0
157267,0
108043,0
48661,0
10226,1
140099,0
60939,0
118324,0
66463,0
108450,0
20466,1
103314,0
125853,0
82320,0
58873,0
128526,0
28909,1
152641,0
2234,1
65925,0
33795,1
51521,0
150614,0
76512,0
95643,0
10487,1
96532,0
138135,0
141032,0
4220,1
31575,1
89269,0
132398,0
43023,1
8668,1
112086,0
80591,0
24998,1
20602,1
28684,1
36235,1
151857,0
116965,0
121134,0
123160,0
70262,0
52101,0
29235,1
103878,0
34018,1
119431,0
144447,0
64748,0
33309,1
72851,0
36714,1
86657,0
4131,1
52962,0
13185,1
28911,1
132725,0
116717,0
76985,0
75692,0
47243,0
96509,0
11559,1
64172,0
2462,1
91567,0
101821,0
6411,1
57517,0
108987,0
99884,0
98215,0
2834,1
153985,0
116346,0
135163,0
7754,1
123029,0
74637,0
79939,0
57966,0
69133,0
39616,1
59405,0
25182,1
90528,0
22288,1
136336,0
83495,0
59385,0
116022,0
95771,0
69707,0
7448,1
106844,0
131648,0
73589,0
2288,1
111375,0
97762,0
153973,0
111990,0
52473,0
95623,0
67988,0
144198,0
27433,1
22812,1
51030,0
21949,1
63292,0
8891,1
120949,0
151019,0
63176,0
627,1
116838,0
79346,0
148135,0
13904,1
32527,1
20131,1
92211,0
55278,0
1039,1
70998,0
2683,1
28788,1
33621,1
119943,0
99032,0
140603,0
37498,1
65369,0
115982,0
62978,0
21848,1
136457,0
102086,0
38647,1
56261,0
121311,0
86083,0
106867,0
151939,0
144427,0
5006,1
21332,1
159339,0
150851,0
112528,0
87725,0
48818,0
5283,1
123372,0
39696,1
117802,0
104151,0
26994,1
64997,0
86444,0
3614,1
10486,1
97554,0
64973,0
53711,0
4736,1
122601,0
157846,0
135241,0
156853,0
159179,0
118148,0
153223,0
153657,0
95872,0
35892,1
66056,0
83061,0
5955,1
8372,1
74914,0
37617,1
128256,0
10748,1
10820,1
78734,0
121847,0
86266,0
40610,1
121571,0
131067,0
131848,0
90987,0
86262,0
12805,1
72854,0
124169,0
115870,0
10040,1
69360,0
106307,0
14037,1
141709,0
125171,0
21193,1
64274,0
141623,0
145028,0
26952,1
105472,0
14465,1
4836,1
118647,0
120712,0
114589,0
63031,0
121930,0
89387,0
122470,0
48810,0
81969,0
90115,0
130650,0
121893,0
121487,0
13544,1
115072,0
66965,0
72379,0
1073,1
68152,0
154675,0
6315,1
141963,0
16460,1
41154,1
135840,0
23966,1
14692,1
93905,0
98446,0
2806,1
128101,0
6224,1
31940,1
20471,1
76172,0
43132,1
46385,0
6516,1
101843,0
55812,0
4558,1
151985,0
38488,1
87381,0
11650,1
158839,0
31426,1
80771,0
98462,0
99187,0
5669,1
78156,0
138748,0
114241,0
144235,0
53793,0
56103,0
109779,0
137589,0
66030,0
155603,0
389,1
144039,0
9617,1
137685,0
62303,0
153923,0
119678,0
126342,0
123051,0
63022,0
51091,0
104886,0
86377,0
45586,0
39699,1
24781,1
89893,0
25993,1
124949,0
124715,0
141696,0
153475,0
78497,0
61023,0
37640,1
144220,0
102769,0
44477,1
129488,0
131512,0
82265,0
89829,0
57280,0
3653,1
71463,0
20531,1
105660,0
155536,0
128040,0
112484,0
157554,0
2732,1
44251,1
67058,0
4035,1
129675,0
61914,0
32403,1
155551,0
44839,1
94617,0
156084,0
114452,0
88494,0
119161,0
79567,0
49323,0
141419,0
106448,0
46262,0
94874,0
61211,0
8265,1
30729,1
71502,0
134761,0
83119,0
128407,0
112403,0
50274,0
112318,0
135639,0
147649,0
158429,0
24619,1
111490,0
48476,0
49389,0
73833,0
39269,1
158118,0
46742,0
147723,0
88240,0
30516,1
73009,0
55372,0
96503,0
65457,0
156193,0
136678,0
86206,0
70563,0
125857,0
146714,0
98222,0
70005,0
142587,0
36525,1
44745,1
149709,0
108122,0
79182,0
58853,0
110445,0
83578,0
104349,0
158449,0
83229,0
16718,1
144515,0
133593,0
72719,0
88014,0
147919,0
19484,1
46192,0
139407,0
92910,0
157950,0
131974,0
4838,1
38547,1
46717,0
88572,0
71390,0
109293,0
145921,0
5321,1
80899,0
1765,1
28201,1
12055,1
108786,0
12007,1
79038,0
101914,0
44360,1
107308,0
61302,0
98008,0
216,1
88675,0
28942,1
68630,0
87824,0
43966,1
124323,0
71414,0
98254,0
142103,0
39309,1
29004,1
129075,0
79143,0
153251,0
78214,0
32345,1
121880,0
78815,0
136431,0
26587,1
13290,1
142307,0
71152,0
151940,0
145971,0
4003,1
78969,0
93707,0
116277,0
104832,0
86596,0
139571,0
132255,0
144432,0
62652,0
88729,0
116191,0
3806,1
87877,0
142601,0
57231,0
66359,0
33438,1
141299,0
62,1
53061,0
128767,0
38378,1
38033,1
7404,1
113713,0
83548,0
91662,0
153726,0
26360,1
81107,0
104072,0
136108,0
31180,1
98507,0
112986,0
51731,0
77235,0
36644,1
58836,0
131516,0
135702,0
87123,0
49443,0
60602,0
118505,0
109713,0
152562,0
14081,1
53846,0
47108,0
159596,0
16629,1
106124,0
53134,0
112742,0
120124,0
65921,0
31051,1
132256,0
143138,0
139788,0
90580,0
139995,0
159712,0
81067,0
113903,0
76948,0
58511,0
135940,0
108961,0
75376,0
63072,0
11505,1
111243,0
54541,0
95153,0
81334,0
13758,1
143412,0
36598,1
2211,1
120910,0
150609,0
129414,0
117880,0
133585,0
67549,0
41565,1
98592,0
91771,0
135453,0
20535,1
150227,0
119301,0
11765,1
109005,0
123906,0
46720,0
156845,0
81127,0
104108,0
105672,0
52120,0
81075,0
3476,1
92592,0
23368,1
12186,1
92615,0
13893,1
76938,0
10562,1
39996,1
92061,0
7487,1
139204,0
81162,0
159042,0
56243,0
74406,0
44951,1
117755,0
150476,0
128293,0
11737,1
31926,1
76765,0
72648,0
128612,0
68369,0
111171,0
40385,1
47652,0
135687,0
154583,0
55076,0
109456,0
84729,0
75709,0
35270,1
10595,1
140399,0
114321,0
28162,1
66670,0
84251,0
28694,1
8959,1
18554,1
121882,0
114815,0
25651,1
60556,0
86691,0
39053,1
48307,0
132858,0
121260,0
154460,0
30949,1
51981,0
74264,0
115972,0
86013,0
121426,0
26085,1
53229,0
56150,0
50297,0
145220,0
99712,0
56369,0
125985,0
34872,1
136140,0
82854,0
42983,1
156591,0
123805,0
122619,0
13798,1
42992,1
50131,0
57272,0
38376,1
1153,1
84400,0
67568,0
84420,0
155817,0
86593,0
125032,0
30358,1
12287,1
82037,0
55405,0
60855,0
68512,0
61306,0
47568,0
45967,0
30202,1
48713,0
47454,0
104639,0
87016,0
139674,0
72968,0
81594,0
29903,1
26586,1
114217,0
121608,0
92691,0
123398,0
89037,0
50572,0
143925,0
54243,0
62249,0
10297,1
54643,0
139505,0
79227,0
56259,0
56838,0
130983,0
4416,1
34003,1
69204,0
129225,0
24459,1
138864,0
128910,0
2759,1
8029,1
119242,0
23228,1
147592,0
58168,0
111233,0
106816,0
32529,1
100844,0
117035,0
35049,1
148074,0
6807,1
79204,0
109680,0
19275,1
136183,0
51925,0
80046,0
131551,0
84683,0
33780,1
83436,0
39208,1
52469,0
107409,0
121704,0
81491,0
57998,0
29952,1
147014,0
34571,1
150786,0
8597,1
28814,1
141844,0
142553,0
85603,0
100218,0
129275,0
64531,0
45840,0
46301,0
12921,1
101436,0
25404,1
144416,0
137588,0
83763,0
122650,0
22117,1
128795,0
119946,0
54593,0
103696,0
79001,0
91702,0
144534,0
140362,0
113220,0
77283,0
152458,0
142575,0
58949,0
21244,1
92222,0
147554,0
73717,0
41659,1
156227,0
136684,0
154536,0
46869,0
18099,1
11425,1
43799,1
81785,0
97830,0
43276,1
154139,0
137843,0
46402,0
43573,1
59747,0
11839,1
102294,0
18970,1
128633,0
145484,0
46936,0
127341,0
64132,0
28250,1
82941,0
44986,1
77101,0
127651,0
63700,0
99408,0
84032,0
10234,1
36734,1
46360,0
95414,0
151870,0
21892,1
134851,0
57751,0
152401,0
54973,0
154643,0
123196,0
44625,1
116988,0
27774,1
4758,1
54874,0
19558,1
125681,0
46090,0
61395,0
33233,1
149545,0
158441,0
76211,0
119100,0
13660,1
26526,1
72815,0
159049,0
144648,0
107499,0
91715,0
151661,0
137289,0
142569,0
58849,0
124574,0
147231,0
116599,0
72153,0
114349,0
258,1
62981,0
142242,0
150469,0
12764,1
104718,0
79687,0
157852,0
87320,0
154654,0
55594,0
37050,1
69227,0
1178,1
109474,0
96078,0
113176,0
71096,0
157863,0
67380,0
54337,0
133471,0
71597,0
44508,1
41591,1
4469,1
87323,0
2895,1
106399,0
79284,0
123314,0
136044,0
10787,1
156261,0
99278,0
48129,0
52615,0
126712,0
140866,0
1155,1
150723,0
62256,0
22402,1
84643,0
12086,1
125684,0
126522,0
72300,0
155259,0
88464,0
60395,0
2787,1
51066,0
75606,0
118152,0
7358,1
91692,0
84906,0
113018,0
157132,0
153245,0
73613,0
141013,0
112644,0
93517,0
138250,0
13991,1
9712,1
1316,1
150582,0
38353,1
132259,0
108749,0
140985,0
32496,1
18424,1
24472,1
147832,0
2902,1
103121,0
66788,0
155379,0
107102,0
65451,0
102485,0
149423,0
50286,0
30489,1
129716,0
62433,0
86073,0
76280,0
78270,0
116491,0
17890,1
128113,0
56981,0
74449,0
130457,0
7656,1
62126,0
19544,1
41811,1
42765,1
86707,0
41358,1
12065,1
108439,0
55862,0
58938,0
55917,0
13589,1
6394,1
95652,0
67009,0
143697,0
118091,0
115709,0
91594,0
59951,0
32030,1
67690,0
152713,0
151560,0
20345,1
41381,1
60134,0
74576,0
34298,1
15297,1
91518,0
128298,0
143378,0
66963,0
140287,0
70423,0
118870,0
60681,0
136079,0
23305,1
106226,0
59670,0
79187,0
38163,1
45494,0
53726,0
109211,0
24443,1
140248,0
41277,1
130212,0
135756,0
148021,0
37127,1
33916,1
43632,1
120736,0
83005,0
58226,0
92300,0
148180,0
142966,0
43300,1
20206,1
43861,1
149170,0
109589,0
93340,0
117277,0
69329,0
18974,1
109353,0
86575,0
95802,0
37797,1
134941,0
115763,0
27787,1
37821,1
82915,0
67580,0
145746,0
124381,0
50987,0
99897,0
98886,0
64504,0
64925,0
116442,0
136197,0
58704,0
34798,1
102281,0
50624,0
157373,0
131662,0
21704,1
77272,0
69194,0
68018,0
101549,0
131558,0
56729,0
56157,0
11851,1
100786,0
154928,0
129182,0
62871,0
130073,0
44841,1
32534,1
17907,1
41397,1
113235,0
89723,0
151519,0
9391,1
132364,0
58401,0
83745,0
14117,1
65022,0
55934,0
60856,0
63484,0
4682,1
49040,0
150216,0
152466,0
146093,0
15061,1
12496,1
126671,0
26365,1
80335,0
136508,0
68545,0
1003,1
87829,0
92901,0
56709,0
38939,1
35014,1
96909,0
104516,0
110997,0
23278,1
93495,0
93519,0
121862,0
150472,0
59612,0
69709,0
129851,0
98255,0
86410,0
74233,0
67804,0
47707,0
41888,1
7823,1
137739,0
116094,0
13781,1
148856,0
126322,0
157593,0
78285,0
57475,0
22972,1
87869,0
110155,0
137001,0
123371,0
148344,0
150928,0
53183,0
143335,0
153631,0
143213,0
21436,1
54608,0
149163,0
77347,0
105756,0
48532,0
79253,0
148474,0
37960,1
18905,1
46166,0
151811,0
25801,1
7403,1
79681,0
5696,1
32436,1
148540,0
753,1
99212,0
53136,0
69784,0
110289,0
50512,0
140398,0
123989,0
99869,0
69938,0
30431,1
128403,0
91535,0
10145,1
40460,1
103223,0
8484,1
150314,0
84166,0
95660,0
25231,1
33183,1
92961,0
45134,0
72033,0
1441,1
45290,0
38995,1
59762,0
130943,0
27852,1
83867,0
107044,0
42505,1
34869,1
11401,1
140894,0
30515,1
83486,0
44779,1
30182,1
43785,1
142193,0
79576,0
18687,1
150066,0
125499,0
15912,1
101203,0
82380,0
127007,0
93356,0
6945,1
137382,0
45973,0
131119,0
14339,1
72310,0
17101,1
65869,0
18072,1
77983,0
117844,0
42128,1
66583,0
3620,1
52876,0
69168,0
46093,0
103101,0
22125,1
102652,0
130979,0
119468,0
79610,0
32875,1
64749,0
106714,0
96178,0
54635,0
129053,0
140257,0
51033,0
96416,0
23059,1
14448,1
100354,0
10499,1
159430,0
103300,0
69600,0
35481,1
99489,0
51245,0
20957,1
101865,0
44401,1
40688,1
30642,1
44252,1
36103,1
143013,0
96000,0
25865,1
49414,0
113334,0
108264,0
7443,1
20993,1
154727,0
5557,1
14806,1
122069,0
11336,1
2823,1
83087,0
89575,0
93885,0
3168,1
51180,0
64911,0
30260,1
106726,0
139935,0
63021,0
82391,0
107578,0
73890,0
138179,0
94310,0
101002,0
131904,0
122866,0
96448,0
113307,0
6236,1
114432,0
31229,1
66993,0
2538,1
79851,0
96551,0
88415,0
71024,0
99652,0
153649,0
145882,0
73655,0
78856,0
133757,0
6731,1
99337,0
63487,0
87982,0
63588,0
63964,0
86115,0
57889,0
114411,0
153983,0
22992,1
78715,0
42750,1
105111,0
71873,0
26121,1
155771,0
116009,0
118559,0
47333,0
100465,0
17636,1
46170,0
69485,0
46833,0
138247,0
89946,0
26205,1
37689,1
118093,0
122383,0
16633,1
15540,1
114470,0
29850,1
22429,1
74308,0
8632,1
36000,1
92501,0
29254,1
103281,0
62605,0
99935,0
103807,0
25874,1
5624,1
105495,0
54773,0
85216,0
33921,1
121497,0
32225,1
134076,0
10944,1
116997,0
128666,0
119216,0
104328,0
61557,0
76886,0
155833,0
10470,1
102692,0
34680,1
123704,0
100946,0
88868,0
60288,0
155942,0
83271,0
129826,0
75451,0
116557,0
33271,1
4843,1
86069,0
39375,1
98881,0
26504,1
120808,0
15888,1
65392,0
75779,0
39731,1
143657,0
15121,1
108373,0
147913,0
68,1
136922,0
106779,0
143903,0
153590,0
6527,1
133075,0
130864,0
18101,1
73804,0
48872,0
101555,0
57485,0
36264,1
101097,0
40327,1
124481,0
111308,0
129366,0
131312,0
55469,0
64900,0
9185,1
100363,0
104220,0
39100,1
6787,1
157648,0
24718,1
35890,1
110514,0
117741,0
113695,0
26068,1
39835,1
40581,1
158987,0
130240,0
33342,1
52402,0
121594,0
15102,1
26709,1
77271,0
116319,0
108287,0
14912,1
52387,0
134522,0
149058,0
30069,1
25568,1
125900,0
41744,1
141398,0
18561,1
35304,1
93725,0
10144,1
88089,0
81379,0
124300,0
57320,0
16038,1
104714,0
115236,0
96233,0
144372,0
56969,0
108412,0
109708,0
31752,1
23890,1
19421,1
75506,0
70548,0
126069,0
98094,0
127830,0
155144,0
45075,1
157598,0
128189,0
21899,1
32587,1
97945,0
150617,0
137163,0
109040,0
131811,0
50760,0
144650,0
63914,0
111597,0
117103,0
62565,0
11910,1
108571,0
89084,0
46372,0
44090,1
72850,0
22840,1
62481,0
54005,0
53386,0
113748,0
26326,1
98261,0
114647,0
149780,0
81408,0
23703,1
101659,0
9163,1
11422,1
5114,1
71736,0
116817,0
75480,0
76824,0
90461,0
53673,0
129111,0
42896,1
76070,0
21815,1
146797,0
149761,0
15414,1
134834,0
97210,0
144568,0
3046,1
11506,1
122233,0
108278,0
89293,0
81325,0
4854,1
149871,0
133250,0
106912,0
37699,1
23906,1
135785,0
131632,0
72396,0
153877,0
25720,1
59675,0
101543,0
60673,0
21915,1
133794,0
11885,1
3977,1
124915,0
103235,0
10977,1
99991,0
131034,0
61025,0
36657,1
64886,0
143923,0
81719,0
94360,0
144925,0
17994,1
111579,0
148826,0
146271,0
100352,0
132753,0
13094,1
80384,0
71814,0
3033,1
86769,0
105085,0
69104,0
42699,1
132140,0
73230,0
64125,0
97398,0
14303,1
51816,0
105086,0
155167,0
152376,0
83227,0
94278,0
51329,0
55786,0
103922,0
103347,0
99056,0
129049,0
1173,1
139477,0
130011,0
131592,0
133099,0
12227,1
75054,0
95275,0
90389,0
88145,0
69445,0
131191,0
19301,1
115603,0
19819,1
113423,0
23811,1
65550,0
110897,0
136578,0
40991,1
153745,0
153577,0
100827,0
97201,0
107720,0
3136,1
94928,0
147859,0
62058,0
24356,1
118678,0
137756,0
63196,0
73071,0
156372,0
74913,0
20998,1
140379,0
13815,1
25339,1
116819,0
117977,0
68800,0
119232,0
68766,0
23827,1
113739,0
27804,1
73414,0
47913,0
106660,0
130674,0
97369,0
32031,1
114606,0
88769,0
26974,1
28118,1
124267,0
135754,0
146753,0
29672,1
41402,1
159329,0
15031,1
84391,0
11629,1
33929,1
123947,0
24429,1
141341,0
21772,1
52140,0
6206,1
159086,0
72167,0
88816,0
97116,0
62626,0
38430,1
139719,0
86643,0
129919,0
147001,0
106677,0
65206,0
137413,0
120175,0
113343,0
9999,1
15284,1
61344,0
91618,0
96959,0
103319,0
148032,0
25534,1
127437,0
22599,1
116666,0
72980,0
14428,1
68665,0
83020,0
112446,0
26995,1
63681,0
26279,1
130920,0
156567,0
117547,0
166,1
78389,0
60542,0
132920,0
19401,1
19148,1
148660,0
122244,0
904,1
103271,0
38834,1
30847,1
71827,0
83255,0
126146,0
21604,1
84207,0
35299,1
61296,0
53256,0
141774,0
58937,0
92495,0
110879,0
80063,0
78679,0
116412,0
50663,0
100413,0
102463,0
69274,0
143909,0
99689,0
82032,0
143001,0
25483,1
156361,0
89741,0
97278,0
10735,1
129346,0
62956,0
151793,0
83581,0
22725,1
75470,0
21287,1
148819,0
111834,0
40938,1
79188,0
84191,0
57588,0
81073,0
34919,1
112487,0
60153,0
57135,0
127080,0
102354,0
34624,1
55795,0
156369,0
144685,0
144556,0
30323,1
61204,0
22901,1
115468,0
36954,1
82016,0
95650,0
148694,0
140571,0
37973,1
96135,0
148525,0
45083,1
152584,0
67563,0
17410,1
72391,0
22151,1
9571,1
83766,0
35422,1
14914,1
76677,0
73703,0
119695,0
19099,1
106872,0
158720,0
5808,1
34339,1
114109,0
31729,1
101224,0
20947,1
155080,0
117077,0
62973,0
91165,0
18309,1
124227,0
112283,0
122520,0
71257,0
142328,0
69199,0
95677,0
3116,1
149594,0
30191,1
120260,0
67385,0
137078,0
37989,1
96676,0
53738,0
81110,0
145812,0
65171,0
124732,0
18283,1
135284,0
119679,0
1420,1
149130,0
134956,0
129475,0
59757,0
37009,1
149589,0
58872,0
72308,0
11874,1
78274,0
125098,0
80672,0
82547,0
111931,0
148632,0
154820,0
6092,1
112344,0
76643,0
62717,0
9943,1
56260,0
125134,0
101981,0
122816,0
137487,0
76723,0
85936,0
11579,1
141656,0
156655,0
124598,0
143915,0
40551,1
34684,1
152347,0
75767,0
119076,0
126137,0
45719,0
98338,0
86717,0
28757,1
71885,0
40543,1
12924,1
12628,1
59960,0
19945,1
18469,1
143979,0
117624,0
152099,0
86219,0
112557,0
98970,0
19159,1
159705,0
88988,0
41434,1
119453,0
122886,0
142322,0
104597,0
44152,1
150107,0
4856,1
21320,1
15177,1
132651,0
74380,0
51944,0
47076,0
41809,1
96349,0
43543,1
102966,0
119830,0
128543,0
122758,0
71679,0
148744,0
155945,0
66982,0
80239,0
67974,0
131254,0
130033,0
91171,0
32374,1
17088,1
135780,0
19693,1
111946,0
55376,0
57672,0
20389,1
75679,0
74632,0
126825,0
130229,0
94971,0
95547,0
105246,0
104194,0
134977,0
131080,0
77643,0
156980,0
152793,0
35620,1
23248,1
9449,1
11200,1
47603,0
120804,0
114807,0
80684,0
48388,0
131498,0
83032,0
19649,1
37547,1
155944,0
72346,0
122634,0
4932,1
139639,0
113736,0
84413,0
14654,1
103571,0
47394,0
150512,0
35196,1
139987,0
7710,1
59746,0
101563,0
150543,0
131005,0
67605,0
60448,0
4164,1
135471,0
15646,1
71444,0
29015,1
117185,0
18461,1
52703,0
33101,1
75663,0
151033,0
18329,1
114028,0
66683,0
2931,1
28562,1
125757,0
27011,1
119073,0
32685,1
54906,0
11444,1
32549,1
64715,0
26650,1
10982,1
123584,0
111800,0
100110,0
100128,0
22216,1
69356,0
64406,0
153545,0
73654,0
110149,0
665,1
88143,0
114803,0
91684,0
35766,1
30906,1
89343,0
108797,0
19853,1
142856,0
52371,0
5651,1
55150,0
58169,0
49622,0
133624,0
96674,0
78339,0
71894,0
70712,0
92420,0
66017,0
82015,0
32970,1
142025,0
153937,0
130281,0
104729,0
2771,1
138810,0
37041,1
95881,0
19856,1
84598,0
141886,0
76378,0
74099,0
109729,0
57560,0
28802,1
2630,1
139006,0
144273,0
62369,0
33016,1
58335,0
13835,1
116901,0
69822,0
57069,0
146370,0
22011,1
148318,0
102497,0
78100,0
117341,0
52394,0
142228,0
81916,0
32386,1
122918,0
36105,1
70665,0
154505,0
117827,0
48032,0
104376,0
11504,1
12037,1
127969,0
136488,0
8143,1
15271,1
59235,0
127156,0
4862,1
109492,0
84845,0
145609,0
1950,1
17893,1
91623,0
132045,0
25665,1
79597,0
3788,1
110208,0
150641,0
130648,0
56918,0
73008,0
81853,0
87644,0
36704,1
99405,0
46965,0
150808,0
131251,0
150890,0
30933,1
126511,0
38884,1
94764,0
24552,1
148627,0
34889,1
68585,0
87933,0
126969,0
28966,1
107148,0
14936,1
132031,0
80615,0
127566,0
145304,0
72548,0
85547,0
120365,0
52059,0
102796,0
10322,1
40847,1
79035,0
53548,0
49979,0
100301,0
94370,0
98320,0
138379,0
133845,0
147587,0
79277,0
145186,0
7197,1
7502,1
113751,0
155007,0
136886,0
25428,1
42626,1
143810,0
93397,0
107172,0
73852,0
115396,0
151974,0
19930,1
154164,0
156235,0
80772,0
2413,1
132936,0
99510,0
90956,0
148098,0
142731,0
39841,1
23560,1
117292,0
81738,0
134797,0
28927,1
112284,0
22096,1
46735,0
63628,0
119534,0
98228,0
8387,1
57489,0
34445,1
21072,1
69309,0
6440,1
85981,0
148958,0
2601,1
14070,1
154451,0
60594,0
158031,0
116682,0
129168,0
5253,1
83634,0
145903,0
42467,1
28925,1
102124,0
59577,0
108949,0
77396,0
150606,0
78268,0
151057,0
124077,0
141616,0
141288,0
93588,0
40989,1
104110,0
111798,0
141169,0
93400,0
62428,0
67647,0
137500,0
81759,0
86338,0
103359,0
43686,1
83449,0
17120,1
112437,0
138377,0
13114,1
87479,0
42572,1
90446,0
152280,0
122839,0
64028,0
37195,1
56458,0
51069,0
115448,0
131751,0
33360,1
82056,0
147361,0
42612,1
18742,1
146166,0
78775,0
55136,0
3080,1
84127,0
4662,1
143286,0
149124,0
151621,0
19961,1
98847,0
38672,1
1034,1
71672,0
14951,1
70022,0
8277,1
105476,0
83241,0
112224,0
59489,0
108536,0
20519,1
91369,0
84329,0
139091,0
49549,0
142603,0
99135,0
149357,0
101933,0
128674,0
88920,0
202,1
130010,0
51498,0
30859,1
75273,0
31170,1
95451,0
58980,0
104897,0
131024,0
104223,0
13843,1
18047,1
123320,0
13995,1
116990,0
72604,0
36960,1
124856,0
94867,0
114889,0
44985,1
18536,1
15187,1
93325,0
72864,0
73500,0
138619,0
127020,0
12675,1
100825,0
150981,0
97867,0
111072,0
78944,0
143876,0
103895,0
78481,0
149061,0
72593,0
45631,0
84674,0
15018,1
113794,0
117340,0
103047,0
32639,1
41985,1
138080,0
65238,0
159451,0
87791,0
89369,0
145217,0
49020,0
28418,1
69097,0
87360,0
16464,1
29531,1
62764,0
57513,0
68260,0
28668,1
114368,0
10434,1
90212,0
26644,1
112424,0
112529,0
53912,0
79180,0
34306,1
1916,1
68914,0
151729,0
20914,1
18535,1
110153,0
69927,0
159445,0
121561,0
66165,0
3978,1
33640,1
68354,0
132366,0
54085,0
62911,0
96562,0
33694,1
141467,0
298,1
69012,0
15487,1
50144,0
16248,1
134177,0
131472,0
53529,0
18637,1
53121,0
17071,1
142216,0
47647,0
105265,0
111327,0
88621,0
20702,1
67695,0
125545,0
60695,0
58816,0
83451,0
113640,0
107682,0
35693,1
146010,0
134546,0
150891,0
99002,0
125407,0
73320,0
102207,0
107641,0
104404,0
138573,0
30181,1
67087,0
89186,0
43631,1
136500,0
52923,0
13528,1
104555,0
3016,1
2646,1
94184,0
70229,0
101484,0
94958,0
122651,0
87485,0
149013,0
111903,0
65605,0
35700,1
42560,1
63255,0
27320,1
70401,0
123594,0
7461,1
14529,1
52285,0
70164,0
109347,0
24497,1
68650,0
77516,0
154086,0
77778,0
76641,0
99164,0
158072,0
128632,0
4964,1
56935,0
11998,1
53454,0
141705,0
76488,0
58544,0
100241,0
151118,0
12213,1
80773,0
121668,0
119398,0
152330,0
480,1
2645,1
93098,0
78769,0
5192,1
156487,0
51163,0
51188,0
36928,1
28415,1
34154,1
92546,0
153553,0
100338,0
141208,0
73646,0
140164,0
38137,1
51535,0
92483,0
112534,0
74575,0
36102,1
6606,1
103599,0
91967,0
136520,0
136652,0
82410,0
151157,0
2794,1
48820,0
43362,1
77468,0
154570,0
95412,0
54132,0
123519,0
16196,1
122821,0
55740,0
89652,0
31866,1
118957,0
109584,0
114405,0
29890,1
125547,0
62398,0
92729,0
158205,0
103336,0
15548,1
14118,1
1704,1
111571,0
154574,0
131770,0
66199,0
92116,0
125794,0
98231,0
128993,0
147562,0
107749,0
57974,0
82392,0
27020,1
12338,1
26954,1
130387,0
9381,1
130649,0
86576,0
96468,0
1750,1
22724,1
88286,0
127338,0
54810,0
30974,1
93033,0
37369,1
25065,1
89790,0
23681,1
45398,0
127297,0
91241,0
143485,0
74761,0
6995,1
66294,0
67973,0
159454,0
47087,0
73699,0
38970,1
81228,0
108451,0
94670,0
103110,0
16166,1
385,1
53015,0
32379,1
9116,1
9996,1
38458,1
147378,0
8805,1
130437,0
43046,1
137240,0
56562,0
145270,0
148982,0
11864,1
154667,0
30955,1
131515,0
144143,0
74701,0
137397,0
20048,1
60608,0
147841,0
117979,0
104841,0
109426,0
146849,0
17388,1
108422,0
76191,0
18330,1
118452,0
11712,1
118916,0
31652,1
64160,0
62776,0
33001,1
115133,0
72559,0
4877,1
43043,1
122631,0
145698,0
124112,0
152851,0
153770,0
8060,1
3070,1
155439,0
100720,0
109761,0
139694,0
107065,0
66111,0
43818,1
135618,0
110730,0
48149,0
49937,0
62913,0
49204,0
70692,0
124990,0
155905,0
97629,0
102545,0
12717,1
48691,0
12814,1
31420,1
140745,0
54941,0
18167,1
18935,1
32378,1
126176,0
94654,0
132809,0
145224,0
4941,1
25278,1
84465,0
130216,0
50111,0
8300,1
81576,0
125475,0
135049,0
152205,0
133177,0
130140,0
122681,0
93171,0
154048,0
69531,0
95837,0
28094,1
91128,0
114147,0
121493,0
65808,0
68685,0
100468,0
4649,1
97929,0
39041,1
22324,1
54212,0
51536,0
133185,0
66863,0
75686,0
64932,0
11964,1
148927,0
107442,0
69539,0
128627,0
73698,0
88584,0
102046,0
133173,0
8116,1
42152,1
154020,0
10438,1
11048,1
115281,0
158198,0
27117,1
11473,1
26282,1
49787,0
38404,1
81774,0
68136,0
38409,1
93615,0
148526,0
46969,0
61209,0
103791,0
73576,0
87415,0
34761,1
58127,0
87735,0
46859,0
59184,0
10568,1
139764,0
65375,0
107630,0
79991,0
137478,0
154948,0
87008,0
69063,0
68119,0
68342,0
80417,0
110748,0
8320,1
5222,1
52380,0
140728,0
39633,1
76764,0
80982,0
55194,0
24996,1
8146,1
5094,1
136608,0
704,1
121063,0
120302,0
56418,0
34810,1
150383,0
153891,0
125239,0
92479,0
39900,1
80264,0
64002,0
70330,0
131130,0
125106,0
106552,0
13977,1
65325,0
5596,1
4475,1
153149,0
50185,0
152505,0
106533,0
79136,0
66577,0
83342,0
91506,0
142461,0
70111,0
116661,0
51594,0
44710,1
83279,0
157062,0
77450,0
112089,0
115437,0
36568,1
103610,0
91863,0
38866,1
55259,0
15706,1
54366,0
85457,0
45873,0
4917,1
137429,0
140368,0
131076,0
45532,0
104534,0
94543,0
110955,0
7200,1
76266,0
82352,0
895,1
150069,0
122606,0
72488,0
100005,0
51154,0
101806,0
25820,1
86653,0
91691,0
116604,0
157681,0
28376,1
110221,0
122241,0
33394,1
129101,0
96285,0
114718,0
151832,0
7112,1
68725,0
36168,1
70982,0
118426,0
36694,1
21861,1
139591,0
13707,1
58440,0
49347,0
64755,0
31550,1
53345,0
156326,0
106604,0
9192,1
110701,0
95658,0
87105,0
30783,1
123581,0
83174,0
145740,0
1861,1
40492,1
112023,0
125128,0
38406,1
51442,0
142060,0
133751,0
108548,0
85020,0
153854,0
23162,1
75302,0
88313,0
53709,0
40366,1
107357,0
120586,0
93479,0
37342,1
111791,0
91169,0
37694,1
103432,0
157460,0
128659,0
148842,0
104943,0
51111,0
32724,1
27272,1
93405,0
149635,0
108200,0
96699,0
101748,0
32887,1
129387,0
156589,0
82449,0
1345,1
10204,1
99843,0
118173,0
143509,0
64457,0
19947,1
7742,1
120916,0
8623,1
93602,0
52104,0
134781,0
10680,1
128292,0
146001,0
55262,0
102567,0
70141,0
144560,0
97373,0
49581,0
93191,0
88703,0
141810,0
155478,0
24186,1
100431,0
79488,0
20231,1
16144,1
27198,1
14116,1
31193,1
34153,1
49335,0
124857,0
137687,0
156209,0
50940,0
155155,0
43005,1
95251,0
83232,0
118348,0
33769,1
42902,1
79718,0
38739,1
53475,0
109348,0
13559,1
24924,1
146092,0
133414,0
132159,0
60670,0
141781,0
109158,0
73860,0
29023,1
146760,0
97540,0
63765,0
19029,1
86364,0
144850,0
579,1
11158,1
72389,0
46992,0
149504,0
67789,0
133835,0
21316,1
12108,1
107178,0
71920,0
107272,0
39509,1
49213,0
125963,0
66681,0
141610,0
48413,0
40906,1
74697,0
45126,0
34753,1
15015,1
26147,1
21281,1
54285,0
125503,0
111057,0
34436,1
6223,1
3899,1
124435,0
127206,0
105645,0
91985,0
44047,1
69427,0
146696,0
67747,0
68537,0
133201,0
140050,0
8924,1
117660,0
40742,1
103607,0
105366,0
67669,0
30416,1
151307,0
41289,1
112332,0
151380,0
116578,0
138242,0
62949,0
58649,0
47629,0
119013,0
101062,0
56413,0
136725,0
66000,0
12787,1
114864,0
83698,0
64552,0
50607,0
115127,0
93198,0
34667,1
138737,0
72950,0
8630,1
29690,1
78428,0
37119,1
42404,1
92094,0
37023,1
132507,0
96637,0
68291,0
6542,1
115001,0
93843,0
154230,0
23717,1
35292,1
130459,0
155482,0
46233,0
30912,1
83775,0
10032,1
10277,1
55746,0
132966,0
146708,0
59522,0
147633,0
76943,0
55264,0
35420,1
63468,0
105549,0
153007,0
151923,0
26601,1
14111,1
17673,1
154225,0
49487,0
18121,1
50732,0
102763,0
14363,1
89605,0
63822,0
100475,0
135417,0
119331,0
61874,0
46933,0
75830,0
98766,0
16139,1
118416,0
142534,0
87940,0
7485,1
97765,0
106474,0
101314,0
71718,0
30335,1
16478,1
93671,0
139368,0
152220,0
6694,1
124336,0
105069,0
93797,0
92344,0
30081,1
92725,0
109819,0
84190,0
35102,1
131604,0
107576,0
4795,1
85842,0
90640,0
34216,1
102699,0
95433,0
29303,1
33154,1
102659,0
134686,0
91893,0
159701,0
139482,0
132054,0
58825,0
54732,0
106341,0
132602,0
104746,0
8819,1
4982,1
111392,0
74781,0
106102,0
131554,0
96056,0
55282,0
62796,0
37414,1
76852,0
89591,0
148710,0
33947,1
135749,0
40288,1
148518,0
84266,0
35635,1
84407,0
34396,1
85750,0
56087,0
55287,0
8364,1
41022,1
30054,1
910,1
150067,0
10811,1
159397,0
117165,0
14782,1
130427,0
104224,0
159282,0
122028,0
7800,1
109686,0
21778,1
93220,0
125322,0
68560,0
8431,1
55040,0
43051,1
119409,0
77484,0
132953,0
67425,0
16210,1
16635,1
50748,0
156078,0
123140,0
110125,0
57828,0
86216,0
30126,1
104649,0
85331,0
5699,1
20770,1
32267,1
129185,0
137975,0
124400,0
45852,0
1932,1
139050,0
74270,0
87254,0
142563,0
136338,0
55295,0
97922,0
142616,0
91048,0
6840,1
125739,0
80437,0
18522,1
149573,0
133916,0
32298,1
40208,1
54589,0
31079,1
157095,0
54118,0
53140,0
117748,0
18169,1
8902,1
136383,0
88828,0
17525,1
71911,0
9136,1
65365,0
7973,1
47466,0
22668,1
119023,0
78635,0
54858,0
120196,0
158266,0
137192,0
118116,0
150763,0
149771,0
139228,0
75630,0
79226,0
135842,0
67109,0
120533,0
126048,0
74512,0
143926,0
115060,0
73319,0
116018,0
5757,1
13420,1
158174,0
81682,0
112457,0
129433,0
146415,0
20574,1
1238,1
117593,0
52113,0
16514,1
141345,0
36488,1
139292,0
57085,0
145595,0
131658,0
105938,0
147655,0
22918,1
154472,0
57886,0
132276,0
78587,0
18727,1
71219,0
87559,0
97202,0
69134,0
44793,1
12894,1
542,1
58940,0
126517,0
13879,1
77771,0
83224,0
32964,1
29358,1
13010,1
128671,0
98695,0
114690,0
64210,0
3798,1
52554,0
117235,0
156916,0
133130,0
120366,0
123686,0
102842,0
24159,1
88331,0
5824,1
4222,1
133629,0
6523,1
144422,0
73026,0
145679,0
98213,0
138547,0
128811,0
34462,1
945,1
141741,0
135552,0
154275,0
71910,0
82393,0
37945,1
51863,0
116786,0
114953,0
55098,0
1249,1
119368,0
40078,1
47587,0
115689,0
100105,0
140142,0
136798,0
7711,1
138819,0
20282,1
59991,0
150794,0
58518,0
78376,0
109796,0
152778,0
127365,0
95926,0
25264,1
135920,0
121449,0
156322,0
108289,0
6568,1
39277,1
104407,0
69568,0
57148,0
151245,0
121533,0
63701,0
72673,0
65580,0
58379,0
34787,1
37875,1
120588,0
134246,0
100945,0
140334,0
95920,0
81666,0
140435,0
55994,0
79311,0
56480,0
82443,0
152171,0
24804,1
134878,0
128834,0
25537,1
113333,0
130900,0
60138,0
55474,0
148926,0
75969,0
46523,0
105103,0
100205,0
19549,1
94494,0
38003,1
144933,0
30262,1
24389,1
7767,1
126315,0
121907,0
93560,0
143385,0
157981,0
158707,0
71789,0
120728,0
59706,0
76790,0
122327,0
137748,0
15405,1
20467,1
8887,1
143382,0
133353,0
67422,0
140326,0
49210,0
17718,1
75808,0
71167,0
119694,0
62312,0
28444,1
63508,0
53187,0
129189,0
60587,0
24154,1
149169,0
88791,0
119051,0
56095,0
105230,0
128778,0
6112,1
64488,0
128121,0
56294,0
2303,1
102358,0
7465,1
68746,0
40396,1
139121,0
91320,0
69198,0
1632,1
8833,1
149865,0
68736,0
61123,0
11327,1
59305,0
123298,0
122964,0
85824,0
157339,0
130402,0
62800,0
50763,0
18481,1
35224,1
122518,0
27642,1
58616,0
13966,1
38557,1
7329,1
142102,0
157719,0
140471,0
103486,0
54394,0
153390,0
62513,0
278,1
23529,1
111368,0
96029,0
142168,0
131627,0
138655,0
32892,1
76877,0
24831,1
75421,0
58783,0
97862,0
135571,0
95516,0
119145,0
123467,0
87474,0
119011,0
146088,0
141880,0
159313,0
101561,0
112425,0
98289,0
128083,0
136527,0
134888,0
36875,1
15050,1
47635,0
111037,0
154406,0
113680,0
6387,1
31263,1
51420,0
29839,1
64559,0
30833,1
47463,0
130747,0
12541,1
52149,0
93211,0
29908,1
47054,0
121834,0
16368,1
24796,1
88120,0
69382,0
114071,0
45557,0
14961,1
43969,1
30236,1
29389,1
150072,0
8216,1
39088,1
134286,0
57291,0
122038,0
61212,0
101824,0
90811,0
20245,1
75114,0
43544,1
6894,1
103936,0
99602,0
136397,0
40957,1
20042,1
6057,1
81699,0
81827,0
77796,0
102662,0
59304,0
55438,0
41612,1
136920,0
135292,0
110430,0
56181,0
56648,0
72329,0
62493,0
111250,0
50907,0
83788,0
154772,0
122230,0
118098,0
9179,1
56821,0
58493,0
36045,1
79528,0
123428,0
100311,0
134131,0
41621,1
122093,0
107209,0
54745,0
91411,0
136029,0
106530,0
100921,0
68838,0
145312,0
62113,0
157738,0
65857,0
38624,1
23610,1
140185,0
137653,0
77751,0
13365,1
63792,0
149371,0
71085,0
96260,0
72015,0
63652,0
40289,1
134402,0
76628,0
157232,0
10373,1
90443,0
98728,0
67452,0
12487,1
81683,0
68398,0
115386,0
98105,0
150179,0
105049,0
156286,0
107469,0
140314,0
70583,0
5332,1
29872,1
58535,0
75917,0
150343,0
102174,0
46929,0
130780,0
20513,1
140805,0
79730,0
26341,1
101130,0
50547,0
134049,0
37378,1
106626,0
80701,0
106428,0
3780,1
51325,0
134715,0
113646,0
25030,1
151051,0
51288,0
14388,1
138021,0
141108,0
43728,1
39872,1
81209,0
42591,1
30073,1
106869,0
127637,0
126241,0
105171,0
10047,1
11779,1
99215,0
145400,0
149353,0
14386,1
126504,0
100141,0
31397,1
58435,0
24190,1
149802,0
117164,0
3127,1
112138,0
120324,0
4341,1
66229,0
97253,0
105451,0
4036,1
52346,0
77026,0
158307,0
37956,1
106304,0
86061,0
19886,1
50395,0
26125,1
27866,1
88636,0
46805,0
301,1
102974,0
155841,0
80963,0
123513,0
130963,0
37090,1
122934,0
46619,0
64974,0
5310,1
134920,0
80656,0
37762,1
132010,0
35912,1
117308,0
85004,0
105852,0
92733,0
124635,0
56545,0
28570,1
13160,1
68853,0
15699,1
138600,0
122434,0
43606,1
145057,0
152188,0
92971,0
3021,1
92783,0
117384,0
17208,1
149121,0
53236,0
56240,0
5259,1
68624,0
10065,1
19642,1
156086,0
1460,1
71196,0
124772,0
25553,1
157314,0
147594,0
146214,0
24407,1
71742,0
16091,1
11484,1
56395,0
68283,0
157806,0
29404,1
54043,0
57600,0
155528,0
12469,1
2421,1
89941,0
55082,0
158100,0
142854,0
55620,0
53325,0
150877,0
36299,1
36886,1
148494,0
56513,0
4198,1
90860,0
30863,1
38655,1
11639,1
116131,0
122718,0
33033,1
44164,1
124591,0
48988,0
96447,0
78486,0
41466,1
83010,0
34197,1
96953,0
97915,0
34205,1
8957,1
26009,1
139066,0
133915,0
52662,0
55169,0
157294,0
122582,0
100249,0
90136,0
50847,0
49672,0
84712,0
128870,0
112176,0
9133,1
24794,1
67154,0
150278,0
77549,0
28312,1
27996,1
77189,0
80557,0
83236,0
155139,0
96335,0
8960,1
65980,0
96895,0
25417,1
119821,0
106246,0
15624,1
78431,0
62948,0
59012,0
108115,0
124745,0
29824,1
20771,1
98279,0
83122,0
38552,1
54705,0
9805,1
97983,0
119182,0
151948,0
117939,0
116107,0
52127,0
151919,0
42147,1
2661,1
9742,1
20566,1
131189,0
69964,0
73854,0
85753,0
150032,0
91554,0
144298,0
125639,0
31272,1
66798,0
22886,1
135081,0
143806,0
114016,0
59471,0
35777,1
33893,1
12537,1
141029,0
137133,0
83207,0
151734,0
3825,1
89214,0
28503,1
14284,1
61299,0
87394,0
71161,0
87092,0
82978,0
43029,1
113149,0
72875,0
68851,0
22729,1
110760,0
156337,0
69322,0
59022,0
153414,0
9126,1
131995,0
57731,0
127404,0
153938,0
113808,0
45015,1
60105,0
53241,0
1989,1
31136,1
64240,0
114178,0
45026,1
148156,0
1760,1
109617,0
150465,0
157504,0
42432,1
67040,0
55019,0
134405,0
107149,0
83587,0
78800,0
139844,0
35875,1
35504,1
136216,0
65532,0
93063,0
130481,0
63669,0
78187,0
113864,0
73534,0
46974,0
122858,0
25246,1
135587,0
107957,0
69107,0
101272,0
93668,0
62810,0
56847,0
156036,0
84302,0
84932,0
18233,1
93404,0
62174,0
23072,1
57300,0
43478,1
42799,1
50050,0
118551,0
10633,1
70105,0
29982,1
26731,1
102617,0
142337,0
91819,0
142160,0
44399,1
26322,1
131392,0
150182,0
145816,0
105110,0
77633,0
111312,0
123821,0
136962,0
10997,1
64056,0
133386,0
35176,1
89283,0
118127,0
55114,0
151518,0
69432,0
122494,0
32114,1
21180,1
75687,0
71091,0
83165,0
82991,0
32285,1
153365,0
61454,0
33391,1
118215,0
98657,0
47519,0
150390,0
85332,0
147987,0
54620,0
74884,0
137770,0
94885,0
139847,0
29284,1
143566,0
117687,0
36317,1
156144,0
1184,1
92904,0
43181,1
135265,0
147404,0
49086,0
131838,0
6425,1
6163,1
106455,0
55449,0
152011,0
156182,0
131813,0
21961,1
30836,1
95090,0
62812,0
121435,0
98771,0
76308,0
47699,0
155186,0
129150,0
136346,0
145562,0
51672,0
123749,0
18244,1
103635,0
30582,1
16310,1
136542,0
145485,0
43935,1
17426,1
24217,1
15794,1
149570,0
68455,0
105010,0
78536,0
14623,1
146987,0
19261,1
142482,0
95550,0
13634,1
13669,1
81336,0
694,1
150458,0
50168,0
159413,0
26259,1
12094,1
13731,1
53319,0
114845,0
32075,1
51109,0
58734,0
71177,0
113471,0
87087,0
141452,0
33431,1
51354,0
21602,1
41917,1
84972,0
7331,1
15668,1
120011,0
69794,0
140643,0
17559,1
20777,1
10119,1
9354,1
93959,0
57367,0
10060,1
69644,0
48409,0
108721,0
45421,0
54885,0
43336,1
102024,0
84287,0
59212,0
88775,0
84041,0
59749,0
56224,0
63416,0
20789,1
75669,0
83497,0
43416,1
41357,1
3862,1
39838,1
73659,0
136013,0
116525,0
17017,1
2976,1
81676,0
77047,0
123729,0
110070,0
2497,1
126887,0
151851,0
30288,1
8507,1
99761,0
90194,0
116736,0
131279,0
4317,1
58040,0
37348,1
18442,1
2076,1
57282,0
102513,0
34326,1
21271,1
31380,1
9464,1
147774,0
62065,0
147076,0
70252,0
68609,0
30432,1
37327,1
128930,0
6946,1
27403,1
10202,1
31730,1
135714,0
45527,0
81685,0
84791,0
5847,1
111428,0
139415,0
99420,0
57735,0
110951,0
125780,0
108283,0
56275,0
56058,0
55656,0
145225,0
46378,0
45227,0
156445,0
40485,1
72509,0
96887,0
14647,1
37250,1
18006,1
152671,0
147,1
41827,1
84943,0
85496,0
154358,0
15689,1
103909,0
17193,1
87702,0
133823,0
126040,0
90269,0
58373,0
29423,1
59589,0
54769,0
36055,1
16522,1
44572,1
138822,0
100835,0
44425,1
46381,0
104504,0
72769,0
89803,0
154846,0
18458,1
134995,0
103497,0
26116,1
42554,1
32205,1
153908,0
114384,0
63283,0
105148,0
154375,0
12610,1
76432,0
76142,0
74329,0
132152,0
63460,0
48233,0
51823,0
121062,0
140791,0
80145,0
48019,0
155213,0
35007,1
11959,1
57488,0
86921,0
19351,1
61974,0
2515,1
75401,0
92041,0
143615,0
53645,0
72007,0
46873,0
4575,1
89658,0
12131,1
141801,0
5106,1
158874,0
87926,0
143450,0
14945,1
106751,0
72075,0
48942,0
105329,0
105375,0
47563,0
64725,0
16032,1
78835,0
26154,1
158405,0
151084,0
117922,0
97941,0
146917,0
48769,0
99137,0
72614,0
1835,1
15227,1
72919,0
73729,0
20601,1
71886,0
89370,0
2309,1
51304,0
144668,0
96144,0
58402,0
131298,0
126618,0
156759,0
89558,0
48219,0
62518,0
117714,0
25689,1
64262,0
102761,0
61751,0
41268,1
125399,0
17601,1
23452,1
67681,0
17013,1
158417,0
147627,0
74773,0
158229,0
104036,0
100894,0
109491,0
32251,1
118925,0
53630,0
111915,0
48190,0
101041,0
52091,0
34544,1
30816,1
142753,0
5694,1
57838,0
123865,0
73100,0
3163,1
103624,0
137866,0
148165,0
102155,0
136835,0
154049,0
32120,1
147773,0
138403,0
6414,1
124794,0
10962,1
135990,0
81393,0
125812,0
113574,0
65116,0
24657,1
81526,0
139090,0
33587,1
138248,0
86204,0
57362,0
54344,0
153302,0
30179,1
138555,0
49766,0
128721,0
106924,0
37103,1
10946,1
91262,0
56404,0
47284,0
66854,0
111793,0
19629,1
66769,0
15419,1
48167,0
151411,0
159591,0
16969,1
68460,0
45726,0
15813,1
23321,1
30606,1
22382,1
64264,0
91282,0
45206,0
17788,1
30188,1
99063,0
122871,0
114713,0
85395,0
27270,1
133867,0
146622,0
145725,0
114480,0
62500,0
82979,0
27419,1
81641,0
92569,0
151961,0
115560,0
108503,0
54491,0
39623,1
132726,0
18316,1
135894,0
54497,0
64250,0
45009,1
82021,0
79891,0
27612,1
135398,0
135225,0
83407,0
136878,0
111999,0
1747,1
132493,0
135119,0
139122,0
6966,1
134412,0
124301,0
116724,0
1438,1
135881,0
52125,0
95194,0
121450,0
136848,0
61497,0
90848,0
134702,0
103622,0
30154,1
50231,0
70149,0
130436,0
63662,0
59367,0
12707,1
91158,0
39907,1
124697,0
87382,0
32098,1
8326,1
112563,0
22055,1
115248,0
58295,0
26476,1
51693,0
122800,0
58221,0
46105,0
101135,0
94819,0
90557,0
33051,1
90011,0
91108,0
137050,0
112239,0
117359,0
130682,0
154692,0
153819,0
17224,1
20275,1
27785,1
98773,0
43242,1
63045,0
113860,0
128801,0
97924,0
42184,1
151696,0
58223,0
117916,0
15623,1
43900,1
121258,0
19594,1
71370,0
50821,0
124153,0
112682,0
58815,0
122716,0
154603,0
66626,0
126857,0
17828,1
107310,0
81226,0
37911,1
3680,1
143597,0
147972,0
57768,0
63502,0
97823,0
107727,0
91107,0
50715,0
57273,0
85005,0
88399,0
37380,1
143618,0
81489,0
60968,0
82431,0
106282,0
60282,0
78999,0
111528,0
30455,1
122847,0
70833,0
9560,1
74599,0
96021,0
144479,0
93625,0
27171,1
65633,0
30505,1
18627,1
103974,0
131910,0
100053,0
7576,1
94461,0
58499,0
98234,0
17403,1
157365,0
80013,0
92687,0
148277,0
156505,0
61524,0
110145,0
5029,1
53998,0
87416,0
80949,0
149592,0
272,1
16175,1
78276,0
102085,0
624,1
44353,1
88405,0
101856,0
132722,0
27203,1
114009,0
104330,0
61491,0
52198,0
56815,0
46790,0
97336,0
26230,1
42822,1
36308,1
24327,1
61795,0
146490,0
45561,0
90807,0
81160,0
56256,0
92391,0
104637,0
151489,0
57109,0
69487,0
97433,0
115239,0
150495,0
100403,0
127282,0
130037,0
1716,1
29831,1
148945,0
122969,0
14635,1
72012,0
120015,0
71310,0
101119,0
60405,0
18924,1
146876,0
66224,0
150332,0
114995,0
38737,1
24051,1
52722,0
31791,1
130666,0
103924,0
4253,1
146764,0
85090,0
89429,0
145743,0
113801,0
51605,0
31043,1
38357,1
80066,0
107077,0
128668,0
129604,0
143874,0
120454,0
120404,0
66754,0
92085,0
125709,0
95776,0
151468,0
4179,1
84632,0
24082,1
42845,1
102256,0
148464,0
40625,1
58660,0
15026,1
133463,0
106971,0
106088,0
25551,1
86751,0
146437,0
96488,0
85775,0
156344,0
50577,0
64328,0
49032,0
91908,0
152303,0
5542,1
85537,0
1836,1
81566,0
56656,0
73792,0
97443,0
87493,0
58893,0
27807,1
119003,0
59203,0
86829,0
154389,0
125723,0
155201,0
144587,0
71558,0
117534,0
101983,0
25702,1
137108,0
21708,1
94674,0
42745,1
31680,1
113714,0
108815,0
43383,1
99039,0
20900,1
83333,0
56897,0
137220,0
62050,0
142827,0
87919,0
108449,0
152781,0
69894,0
145003,0
81847,0
62368,0
86159,0
105137,0
96803,0
140910,0
69493,0
97467,0
91794,0
103376,0
113744,0
20821,1
35763,1
127662,0
113542,0
44266,1
85742,0
8128,1
104955,0
17150,1
66972,0
52238,0
156399,0
129351,0
44684,1
101161,0
140009,0
87393,0
62692,0
81790,0
24022,1
86004,0
102767,0
148575,0
69656,0
127957,0
67120,0
132913,0
142406,0
139148,0
100805,0
81972,0
128742,0
94658,0
86960,0
104883,0
116776,0
56774,0
90449,0
136444,0
47763,0
148148,0
40479,1
139761,0
37524,1
44828,1
9909,1
146648,0
115508,0
124350,0
89822,0
27352,1
11083,1
77187,0
107375,0
84503,0
9069,1
8121,1
6632,1
74851,0
89908,0
55186,0
68501,0
70297,0
81998,0
51049,0
29388,1
117822,0
10134,1
111209,0
59555,0
43914,1
145814,0
111890,0
130754,0
81702,0
77648,0
94967,0
16773,1
55579,0
51039,0
89174,0
151884,0
64405,0
52055,0
81178,0
127218,0
40568,1
137189,0
56557,0
119336,0
153713,0
119454,0
74889,0
122594,0
29851,1
41624,1
107325,0
88441,0
122708,0
80817,0
112321,0
25891,1
60385,0
133536,0
111951,0
11786,1
106374,0
91626,0
82038,0
158386,0
17866,1
139118,0
105322,0
80280,0
122321,0
155101,0
80828,0
146640,0
74205,0
54869,0
139945,0
19996,1
63328,0
94491,0
49186,0
140217,0
134234,0
7096,1
72975,0
60103,0
25160,1
21909,1
52341,0
133382,0
158332,0
102202,0
44761,1
52505,0
127554,0
126823,0
53860,0
107646,0
129068,0
118528,0
88083,0
96050,0
130822,0
136838,0
77393,0
99863,0
90656,0
128448,0
44818,1
38253,1
61852,0
141263,0
55021,0
111051,0
54289,0
87953,0
121706,0
133512,0
137608,0
67386,0
117816,0
159215,0
133703,0
93603,0
69023,0
89691,0
53192,0
57116,0
131914,0
51166,0
104019,0
13428,1
50995,0
158162,0
97117,0
77232,0
18531,1
54330,0
42780,1
110909,0
29922,1
12302,1
84836,0
19073,1
47869,0
157791,0
49023,0
611,1
35520,1
32115,1
146399,0
34322,1
158002,0
151395,0
124526,0
46518,0
6202,1
8996,1
112597,0
98032,0
54329,0
58738,0
110301,0
21382,1
141026,0
15580,1
92421,0
47966,0
4956,1
14893,1
73124,0
48683,0
66902,0
81511,0
31799,1
14050,1
129347,0
158612,0
49395,0
87483,0
154292,0
38178,1
22041,1
81263,0
84027,0
79000,0
97656,0
19732,1
141005,0
65526,0
46905,0
57678,0
123910,0
129202,0
106259,0
146478,0
84931,0
18436,1
97538,0
30080,1
68669,0
130716,0
35750,1
137834,0
70413,0
115562,0
35156,1
30701,1
110113,0
144376,0
122790,0
27704,1
94868,0
74693,0
41306,1
113590,0
28308,1
119322,0
18961,1
9563,1
103340,0
134580,0
70688,0
131646,0
156814,0
142752,0
27776,1
64293,0
152747,0
39012,1
50939,0
148109,0
116567,0
90097,0
107851,0
41106,1
1481,1
12788,1
7588,1
41609,1
87941,0
61371,0
81957,0
31560,1
30087,1
140126,0
154716,0
25579,1
153152,0
93834,0
118800,0
77557,0
85017,0
2664,1
77137,0
64061,0
48277,0
115571,0
154921,0
31427,1
21840,1
31055,1
62659,0
89372,0
8894,1
53079,0
16080,1
89036,0
70735,0
90054,0
54415,0
69987,0
63732,0
64195,0
128411,0
56464,0
152602,0
59640,0
87891,0
156408,0
72113,0
28951,1
154124,0
31719,1
17100,1
85794,0
64212,0
5404,1
140136,0
9101,1
31583,1
123209,0
105930,0
1015,1
2166,1
83820,0
104525,0
16303,1
48600,0
12808,1
34347,1
80380,0
102068,0
138085,0
35597,1
103031,0
49836,0
131297,0
154626,0
63944,0
50398,0
139496,0
43742,1
1595,1
126216,0
3964,1
79125,0
50670,0
98484,0
127257,0
19812,1
73109,0
82329,0
55272,0
29895,1
93922,0
42694,1
136461,0
4176,1
100756,0
158542,0
49120,0
30241,1
104725,0
3963,1
37883,1
27995,1
102578,0
139727,0
20255,1
146794,0
142771,0
15761,1
114488,0
20229,1
9688,1
61737,0
64474,0
28270,1
90046,0
95757,0
55297,0
148781,0
6135,1
119274,0
106747,0
8582,1
41874,1
110704,0
24438,1
135834,0
55280,0
42795,1
158479,0
90651,0
146142,0
133511,0
124024,0
4672,1
58962,0
109859,0
114705,0
62282,0
116765,0
55123,0
102729,0
135322,0
127808,0
150221,0
76147,0
111111,0
37683,1
67067,0
101869,0
121929,0
6470,1
5054,1
31184,1
12276,1
115035,0
146847,0
23019,1
99213,0
61387,0
10217,1
5105,1
39853,1
120279,0
1999,1
110851,0
28768,1
60632,0
6323,1
19390,1
122564,0
31186,1
7741,1
52511,0
12573,1
1011,1
28164,1
105658,0
116600,0
124552,0
34850,1
115424,0
30,1
45971,0
116649,0
134623,0
113683,0
80203,0
61449,0
150553,0
64425,0
101055,0
7663,1
13726,1
157121,0
73906,0
98148,0
108778,0
73057,0
150859,0
81848,0
66001,0
42380,1
72992,0
126177,0
22685,1
65427,0
154465,0
153904,0
136643,0
15413,1
80879,0
61451,0
143126,0
139667,0
25833,1
59176,0
107386,0
23385,1
92591,0
115164,0
92270,0
145878,0
151801,0
38500,1
16950,1
101327,0
31833,1
3483,1
69519,0
32235,1
117734,0
80527,0
43480,1
112555,0
3734,1
29991,1
117182,0
99823,0
144905,0
121968,0
63163,0
20091,1
99174,0
90139,0
94104,0
80029,0
50425,0
143856,0
72262,0
112784,0
3997,1
85467,0
60130,0
59665,0
36076,1
138229,0
47640,0
110818,0
69096,0
7531,1
66846,0
123544,0
38989,1
12568,1
28640,1
88105,0
145873,0
14437,1
81195,0
153238,0
138196,0
60685,0
129548,0
159608,0
16865,1
13824,1
35067,1
12932,1
77374,0
119985,0
147298,0
1834,1
12180,1
11136,1
134863,0
22669,1
131283,0
37853,1
62141,0
65437,0
67023,0
37347,1
135954,0
88444,0
5317,1
28653,1
67737,0
5505,1
62392,0
129413,0
5506,1
141757,0
138512,0
147758,0
149203,0
109998,0
103842,0
89857,0
86607,0
91843,0
56634,0
110484,0
84587,0
121903,0
53017,0
17146,1
63016,0
10390,1
64310,0
159643,0
64834,0
149354,0
117693,0
129503,0
147891,0
67672,0
18912,1
114523,0
135405,0
123201,0
29617,1
111598,0
49000,0
4325,1
27624,1
20049,1
59629,0
83821,0
137326,0
61844,0
145024,0
75540,0
128644,0
128587,0
90499,0
131367,0
73213,0
5933,1
158942,0
96620,0
149429,0
78090,0
117205,0
80006,0
108644,0
13742,1
83421,0
117952,0
155541,0
12959,1
131098,0
73144,0
111046,0
57505,0
99124,0
74189,0
75112,0
81265,0
67423,0
131111,0
120222,0
93070,0
31190,1
55554,0
97488,0
125887,0
39824,1
144352,0
37814,1
39354,1
112585,0
43007,1
21642,1
101170,0
157942,0
151996,0
110825,0
17606,1
114286,0
157134,0
137019,0
38934,1
107886,0
19300,1
132780,0
102895,0
153351,0
65684,0
142525,0
159514,0
152988,0
55304,0
71340,0
29325,1
145800,0
41572,1
146204,0
84330,0
48010,0
155549,0
66201,0
44726,1
37340,1
120793,0
113447,0
150132,0
152450,0
48692,0
158255,0
107096,0
23791,1
74271,0
148012,0
10699,1
151814,0
55156,0
155324,0
29760,1
78691,0
144958,0
82606,0
88715,0
82267,0
140391,0
28043,1
92478,0
69228,0
35207,1
3109,1
116639,0
21225,1
19671,1
148823,0
113927,0
118628,0
9220,1
128898,0
149125,0
73516,0
139102,0
11197,1
125162,0
76069,0
66689,0
9714,1
120333,0
38477,1
139870,0
76457,0
19393,1
112961,0
58688,0
153635,0
100452,0
128439,0
101616,0
148203,0
52831,0
37487,1
1327,1
92929,0
62279,0
48212,0
109441,0
60151,0
11842,1
114543,0
80494,0
95262,0
114875,0
108085,0
120080,0
75902,0
61116,0
113855,0
118889,0
71617,0
83188,0
77964,0
130706,0
13194,1
104466,0
101487,0
95058,0
110123,0
146216,0
101232,0
159515,0
63275,0
124748,0
22508,1
25775,1
44941,1
15087,1
63493,0
8794,1
106936,0
104054,0
50941,0
37111,1
31745,1
32891,1
11978,1
16445,1
11692,1
85968,0
31670,1
32912,1
73695,0
25605,1
4129,1
8098,1
59763,0
106893,0
132221,0
118885,0
134964,0
144809,0
129559,0
153644,0
140786,0
61666,0
130883,0
148815,0
137125,0
98259,0
112887,0
119058,0
142565,0
62807,0
14486,1
94460,0
71262,0
121129,0
16419,1
117149,0
51853,0
104293,0
108717,0
65531,0
76515,0
91928,0
15401,1
82360,0
139735,0
68489,0
133673,0
129953,0
136179,0
84518,0
869,1
33654,1
100700,0
48718,0
29294,1
93035,0
72351,0
9505,1
123474,0
65086,0
90230,0
121274,0
92068,0
107512,0
108415,0
89577,0
49896,0
69009,0
135955,0
139689,0
154380,0
31858,1
149924,0
135876,0
66980,0
77963,0
90588,0
155701,0
75343,0
142786,0
54040,0
39659,1
58108,0
98598,0
18709,1
33393,1
52990,0
56321,0
39323,1
136120,0
157059,0
45992,0
143018,0
26690,1
67173,0
93703,0
124963,0
35629,1
53477,0
66493,0
62860,0
4589,1
142437,0
4309,1
16242,1
20310,1
47000,0
100690,0
40315,1
133260,0
56245,0
100102,0
75600,0
6085,1
76558,0
128445,0
156976,0
55762,0
101849,0
5793,1
13120,1
150857,0
151402,0
44214,1
136023,0
145476,0
99347,0
64454,0
54093,0
48519,0
52365,0
27444,1
21227,1
126728,0
5293,1
98964,0
48584,0
76851,0
91121,0
127235,0
3573,1
6836,1
156944,0
22598,1
22329,1
2397,1
119839,0
121775,0
2208,1
88898,0
110957,0
105179,0
974,1
70696,0
66380,0
148232,0
30147,1
81519,0
29949,1
151976,0
156476,0
36065,1
49136,0
20089,1
108173,0
149386,0
26339,1
9852,1
134237,0
63764,0
99768,0
148040,0
60203,0
81038,0
22205,1
121494,0
112200,0
130163,0
29105,1
146199,0
115481,0
120528,0
57243,0
23078,1
31704,1
124705,0
53222,0
14593,1
51121,0
85935,0
157033,0
6021,1
152723,0
125644,0
90363,0
125811,0
153998,0
21303,1
27358,1
68718,0
101411,0
129704,0
40090,1
33737,1
42373,1
98947,0
73558,0
911,1
18156,1
81707,0
36513,1
73018,0
10167,1
37419,1
44191,1
150876,0
67155,0
41494,1
112913,0
28821,1
128833,0
39762,1
31189,1
30349,1
61899,0
79990,0
47478,0
130029,0
156071,0
121321,0
136456,0
130309,0
106608,0
30477,1
56699,0
5421,1
42972,1
111975,0
52558,0
96136,0
38982,1
89314,0
89727,0
14324,1
38495,1
46428,0
148191,0
48067,0
49453,0
53647,0
154987,0
4138,1
14354,1
82585,0
136792,0
89255,0
41504,1
26255,1
31846,1
121423,0
69244,0
15342,1
86926,0
2029,1
108366,0
121269,0
149810,0
26958,1
81577,0
136095,0
141821,0
138996,0
75967,0
1647,1
71929,0
48055,0
8269,1
129389,0
151889,0
144784,0
99506,0
81710,0
133204,0
82909,0
12647,1
56290,0
42074,1
53801,0
21929,1
135440,0
117021,0
35398,1
154031,0
21280,1
149285,0
114916,0
130786,0
21556,1
91362,0
37879,1
128313,0
77871,0
62514,0
156398,0
119845,0
89229,0
134785,0
141726,0
62646,0
40330,1
123233,0
29604,1
70041,0
152427,0
49217,0
6174,1
43177,1
142861,0
89736,0
30896,1
33506,1
58269,0
33644,1
77774,0
54406,0
86429,0
141570,0
79869,0
58158,0
75954,0
90932,0
68049,0
28838,1
24071,1
98649,0
61872,0
111449,0
152405,0
112210,0
126734,0
12126,1
12127,1
13833,1
125349,0
18358,1
13258,1
79501,0
105971,0
122740,0
25297,1
103761,0
89226,0
108926,0
5086,1
27549,1
49293,0
119077,0
34093,1
97258,0
103275,0
73970,0
57152,0
114649,0
3186,1
95899,0
84984,0
131733,0
16077,1
157716,0
45216,0
158525,0
135168,0
70615,0
37238,1
89831,0
9936,1
64564,0
100785,0
75877,0
62576,0
96360,0
124580,0
24379,1
39345,1
158080,0
130806,0
131722,0
121376,0
17852,1
88921,0
92440,0
138317,0
59881,0
140766,0
26735,1
36300,1
93180,0
31592,1
101502,0
81798,0
122971,0
40653,1
80902,0
80520,0
19645,1
20401,1
100547,0
134945,0
84777,0
107032,0
59943,0
12770,1
73139,0
157867,0
159681,0
141121,0
10383,1
50970,0
86059,0
94698,0
51297,0
78142,0
118882,0
77979,0
42957,1
98423,0
14784,1
143027,0
20390,1
13137,1
137080,0
76419,0
152638,0
58349,0
133639,0
77381,0
9302,1
10323,1
6717,1
149701,0
105226,0
153970,0
94034,0
112021,0
11883,1
65098,0
38611,1
98282,0
48299,0
52446,0
75491,0
71363,0
107776,0
136279,0
40905,1
144397,0
123619,0
103193,0
13476,1
118998,0
46363,0
154464,0
110465,0
148600,0
132985,0
132242,0
127131,0
104742,0
57643,0
156329,0
86546,0
142737,0
29960,1
127460,0
50664,0
110947,0
129031,0
76501,0
24448,1
70191,0
2851,1
118061,0
43169,1
122023,0
111373,0
37554,1
64782,0
62338,0
54485,0
116151,0
67470,0
86836,0
97075,0
155825,0
77670,0
2770,1
157008,0
79982,0
58712,0
95073,0
136127,0
110143,0
39287,1
93188,0
85829,0
130442,0
68423,0
35715,1
50150,0
119552,0
35268,1
82144,0
26053,1
156415,0
26951,1
86733,0
68696,0
5223,1
85165,0
24824,1
126199,0
108973,0
111718,0
50171,0
147688,0
148396,0
141861,0
32884,1
139058,0
104852,0
125395,0
87314,0
152214,0
80996,0
131208,0
111651,0
157266,0
82634,0
28409,1
116782,0
37401,1
12864,1
94763,0
30646,1
64654,0
517,1
18631,1
101297,0
8240,1
130868,0
47959,0
92711,0
58629,0
84583,0
134477,0
75138,0
40198,1
89035,0
54942,0
12178,1
156263,0
111090,0
98893,0
49824,0
26480,1
52911,0
56982,0
79159,0
135751,0
74450,0
116112,0
39822,1
114505,0
93618,0
120344,0
126456,0
149342,0
5895,1
43656,1
22224,1
114782,0
76856,0
122376,0
17275,1
47267,0
155564,0
92803,0
96861,0
14170,1
154755,0
29244,1
107410,0
112559,0
114264,0
156063,0
82597,0
130339,0
73090,0
64887,0
98385,0
34915,1
42785,1
67211,0
98595,0
41766,1
103307,0
123259,0
123085,0
154404,0
76203,0
112145,0
38463,1
11006,1
27932,1
144700,0
50989,0
57902,0
92537,0
97635,0
23065,1
146299,0
63518,0
98262,0
65155,0
33816,1
152722,0
83132,0
54133,0
98884,0
22711,1
80917,0
144032,0
91175,0
143107,0
13659,1
59804,0
131441,0
27055,1
79527,0
41620,1
87754,0
93819,0
124725,0
24761,1
118259,0
8347,1
20364,1
26309,1
153894,0
149918,0
55355,0
64190,0
59649,0
109414,0
12911,1
151968,0
126349,0
151117,0
550,1
154550,0
139827,0
137378,0
126274,0
125714,0
122016,0
156956,0
101921,0
104429,0
39787,1
136107,0
14509,1
78585,0
89477,0
122021,0
99920,0
74297,0
131602,0
8038,1
124133,0
50683,0
17488,1
132729,0
48188,0
61840,0
35352,1
156428,0
1513,1
146724,0
127416,0
152650,0
102792,0
146500,0
81262,0
8824,1
65002,0
97721,0
138895,0
92320,0
134867,0
10437,1
158510,0
100165,0
49139,0
14606,1
51999,0
10554,1
128789,0
8994,1
21838,1
137672,0
123937,0
108938,0
43856,1
75749,0
66615,0
41536,1
140187,0
37813,1
127894,0
42169,1
73992,0
135595,0
113407,0
158934,0
104299,0
133128,0
58571,0
1898,1
93346,0
150631,0
122537,0
10421,1
90077,0
28816,1
112576,0
34128,1
7260,1
128441,0
85507,0
64796,0
150527,0
154043,0
150660,0
138974,0
108687,0
30425,1
9679,1
82581,0
136803,0
56156,0
98093,0
1349,1
125984,0
80080,0
44157,1
69805,0
11594,1
101447,0
102314,0
111959,0
155868,0
145857,0
25378,1
130991,0
85192,0
57792,0
115382,0
82158,0
90439,0
140822,0
115055,0
6395,1
56214,0
33074,1
9251,1
97340,0
120391,0
24359,1
75752,0
141427,0
133592,0
20279,1
97130,0
84922,0
133671,0
39386,1
133207,0
91489,0
150456,0
2762,1
91820,0
91308,0
81363,0
119741,0
148974,0
86154,0
24784,1
105642,0
94282,0
97003,0
119888,0
139619,0
63281,0
91755,0
132799,0
140397,0
146045,0
99637,0
14021,1
72340,0
2364,1
122161,0
12253,1
8125,1
127231,0
10880,1
78728,0
108619,0
40576,1
153503,0
153155,0
51172,0
62450,0
159334,0
104575,0
119479,0
27194,1
53967,0
17787,1
57131,0
137889,0
120558,0
147145,0
73506,0
96874,0
140189,0
133957,0
140929,0
34446,1
71306,0
79152,0
38794,1
49654,0
36234,1
3355,1
159107,0
118662,0
45269,0
116005,0
33234,1
67469,0
95735,0
122385,0
140589,0
31632,1
71302,0
765,1
123120,0
115931,0
15769,1
115440,0
66914,0
35463,1
85504,0
59512,0
10919,1
24606,1
134395,0
22909,1
31542,1
79693,0
57356,0
22196,1
131586,0
29901,1
63340,0
158722,0
89814,0
6248,1
80177,0
153945,0
1684,1
137908,0
114573,0
99623,0
86387,0
18609,1
156643,0
120622,0
29992,1
68170,0
58273,0
99523,0
138081,0
50399,0
58582,0
62054,0
98073,0
24713,1
27614,1
104474,0
139141,0
476,1
134230,0
73859,0
45730,0
77147,0
44999,1
142162,0
115212,0
27455,1
90742,0
105601,0
58106,0
69212,0
8889,1
126317,0
146895,0
12148,1
51872,0
19307,1
115356,0
130495,0
60328,0
157204,0
68202,0
73445,0
153948,0
13714,1
23020,1
77027,0
145716,0
105222,0
40390,1
122669,0
129289,0
124632,0
134136,0
43815,1
128236,0
126084,0
127665,0
24494,1
31889,1
116147,0
17043,1
43068,1
148938,0
99654,0
38570,1
121368,0
137723,0
141694,0
49963,0
79507,0
126142,0
155202,0
93246,0
34286,1
55848,0
49947,0
91168,0
81451,0
26944,1
120846,0
35751,1
110636,0
128901,0
117270,0
55582,0
60104,0
99381,0
107051,0
141448,0
9065,1
133778,0
65707,0
110002,0
135967,0
23758,1
6284,1
17178,1
37931,1
154239,0
100520,0
26109,1
83954,0
45565,0
145566,0
4626,1
113280,0
156684,0
60501,0
148951,0
94270,0
101896,0
42417,1
155408,0
148358,0
66326,0
66467,0
65380,0
53677,0
91039,0
44605,1
14384,1
131370,0
145104,0
154909,0
42550,1
60063,0
61815,0
81288,0
157731,0
78617,0
140150,0
18022,1
94448,0
43587,1
38325,1
123326,0
67494,0
42802,1
60644,0
19185,1
100724,0
144507,0
104794,0
91254,0
146555,0
141973,0
76016,0
92782,0
154656,0
113750,0
85158,0
94687,0
2945,1
11093,1
93238,0
126049,0
30365,1
31244,1
41393,1
126598,0
134441,0
36039,1
106387,0
109479,0
73503,0
81493,0
38798,1
128058,0
104098,0
79583,0
69993,0
122005,0
98440,0
62847,0
127450,0
116070,0
124736,0
26291,1
7166,1
124800,0
33677,1
125403,0
101138,0
20082,1
13578,1
60892,0
73192,0
82020,0
109828,0
145590,0
112132,0
156183,0
119668,0
37563,1
15317,1
152829,0
105915,0
150070,0
143716,0
107962,0
111240,0
21059,1
97103,0
134162,0
95032,0
106913,0
49233,0
16862,1
145599,0
156570,0
62018,0
658,1
116502,0
137342,0
132870,0
11983,1
131110,0
66132,0
46344,0
2356,1
16401,1
90133,0
152879,0
96603,0
97529,0
156442,0
13344,1
11258,1
96600,0
97791,0
33485,1
82546,0
122572,0
118914,0
2597,1
102590,0
5454,1
150136,0
1255,1
50115,0
68421,0
88587,0
51558,0
35551,1
86899,0
18486,1
151488,0
110383,0
75676,0
102986,0
127996,0
33730,1
142376,0
55799,0
145246,0
133256,0
8454,1
99792,0
22526,1
38799,1
97761,0
58266,0
157305,0
99010,0
61058,0
119528,0
42430,1
82479,0
4104,1
50088,0
25989,1
81704,0
53333,0
88465,0
144904,0
103438,0
112209,0
2455,1
67813,0
151313,0
151386,0
89770,0
96409,0
3809,1
58438,0
20962,1
126799,0
44163,1
53880,0
90452,0
42816,1
80135,0
31119,1
55467,0
137028,0
145170,0
19127,1
132374,0
81446,0
130958,0
142187,0
96761,0
56381,0
98430,0
150148,0
109972,0
116983,0
108811,0
628,1
2712,1
57613,0
6734,1
130853,0
141532,0
118458,0
38602,1
99830,0
121152,0
144504,0
13339,1
11700,1
109930,0
114402,0
62318,0
55838,0
64387,0
27533,1
119570,0
62936,0
21264,1
99219,0
8712,1
112247,0
96849,0
72486,0
90323,0
75577,0
156038,0
28962,1
81086,0
131039,0
32203,1
25953,1
17846,1
83539,0
97074,0
144909,0
145071,0
79053,0
99508,0
31735,1
111189,0
39697,1
126249,0
10703,1
9028,1
8734,1
112495,0
54167,0
18428,1
117459,0
41835,1
59284,0
142712,0
5204,1
34861,1
40754,1
76744,0
123167,0
135376,0
55568,0
32739,1
58193,0
102549,0
153044,0
34192,1
54832,0
147139,0
134597,0
142378,0
1526,1
23247,1
79298,0
105741,0
137377,0
155919,0
9157,1
115726,0
103693,0
133997,0
135486,0
132258,0
134917,0
42030,1
113405,0
118273,0
113272,0
113217,0
125143,0
104927,0
137829,0
155597,0
35249,1
6538,1
36199,1
44592,1
72579,0
96970,0
77969,0
116737,0
48080,0
141289,0
116853,0
138794,0
10952,1
145274,0
93897,0
112296,0
140930,0
93023,0
96785,0
13088,1
32893,1
114990,0
17715,1
19488,1
140043,0
152548,0
150393,0
112710,0
49802,0
19365,1
116503,0
55323,0
154650,0
135774,0
78143,0
82757,0
84394,0
101601,0
115336,0
61985,0
64742,0
138704,0
103588,0
124956,0
119497,0
90900,0
90327,0
43335,1
13868,1
96739,0
35739,1
61758,0
5167,1
37046,1
153378,0
146327,0
25336,1
63917,0
89076,0
147666,0
63559,0
79345,0
11693,1
14394,1
6813,1
119068,0
107206,0
95513,0
99499,0
26192,1
130784,0
130597,0
63845,0
69896,0
129319,0
134472,0
64163,0
150881,0
8713,1
11813,1
49354,0
32138,1
136669,0
122684,0
104492,0
7481,1
106855,0
135947,0
11360,1
107570,0
23719,1
84602,0
149304,0
152500,0
100373,0
14711,1
6777,1
87713,0
7964,1
107602,0
108383,0
107980,0
13179,1
17779,1
44880,1
17335,1
71562,0
17774,1
135078,0
153048,0
129451,0
38584,1
148432,0
6437,1
125200,0
114455,0
49986,0
103395,0
70708,0
85229,0
115670,0
148864,0
9494,1
140026,0
101030,0
136161,0
53923,0
121904,0
55215,0
80375,0
56276,0
153079,0
57262,0
119147,0
19550,1
10545,1
141840,0
26325,1
108630,0
14301,1
43501,1
6350,1
34505,1
56213,0
133958,0
101070,0
90665,0
143685,0
138263,0
59510,0
149098,0
133854,0
54160,0
83960,0
127459,0
42115,1
73495,0
53112,0
126710,0
72622,0
105213,0
90201,0
102950,0
125427,0
130763,0
108924,0
96770,0
42841,1
157396,0
140751,0
59445,0
112619,0
10998,1
14128,1
122728,0
22008,1
93359,0
155518,0
1092,1
19352,1
39955,1
146290,0
50366,0
80869,0
69278,0
159466,0
76297,0
135112,0
117288,0
135902,0
109219,0
14227,1
18569,1
56596,0
8869,1
17353,1
104255,0
75622,0
134840,0
150111,0
131897,0
4136,1
18311,1
129655,0
108377,0
146174,0
159122,0
127865,0
38221,1
101558,0
83855,0
2215,1
141390,0
102655,0
122493,0
144241,0
158792,0
97994,0
34467,1
80856,0
130260,0
154268,0
55636,0
75476,0
137368,0
91382,0
154366,0
61227,0
95332,0
38720,1
28076,1
145318,0
44385,1
138973,0
7646,1
50240,0
78825,0
20895,1
107628,0
12225,1
126555,0
84723,0
29654,1
40028,1
49492,0
124968,0
20905,1
155366,0
156736,0
149389,0
59995,0
96568,0
136167,0
147925,0
51249,0
36344,1
37411,1
48689,0
60273,0
59814,0
115493,0
27041,1
130550,0
766,1
26792,1
154564,0
15933,1
16413,1
141294,0
38110,1
33316,1
72425,0
112319,0
102030,0
18187,1
54653,0
81899,0
57992,0
107555,0
96412,0
31522,1
151544,0
83857,0
51277,0
118301,0
44068,1
3663,1
151792,0
21483,1
124878,0
118047,0
66223,0
110676,0
111607,0
120517,0
152842,0
31681,1
126567,0
63161,0
137438,0
75541,0
86875,0
146451,0
45711,0
76124,0
82005,0
150004,0
2160,1
44032,1
112348,0
1783,1
142318,0
52429,0
27665,1
60595,0
131237,0
146230,0
60756,0
97099,0
85844,0
120508,0
10425,1
49039,0
141063,0
67840,0
72745,0
159193,0
43943,1
119377,0
61764,0
141250,0
41070,1
27509,1
138857,0
112486,0
68676,0
88320,0
140194,0
122015,0
97859,0
80864,0
121585,0
49534,0
132793,0
156434,0
127590,0
86734,0
145960,0
27103,1
152703,0
29178,1
31589,1
102581,0
100318,0
30015,1
100307,0
33728,1
20384,1
108607,0
115880,0
133129,0
32058,1
77123,0
5186,1
63293,0
86395,0
45723,0
98681,0
90759,0
123990,0
44635,1
115681,0
74948,0
155215,0
152976,0
147553,0
112753,0
106161,0
88348,0
138028,0
151002,0
142551,0
99683,0
82170,0
29163,1
15148,1
158304,0
132094,0
147013,0
57026,0
77251,0
108356,0
15863,1
47497,0
51028,0
84210,0
47698,0
131657,0
49571,0
4937,1
82635,0
115256,0
51311,0
8821,1
150912,0
85352,0
32959,1
113663,0
84825,0
88805,0
130292,0
91030,0
62083,0
39971,1
149380,0
111985,0
54382,0
77714,0
14840,1
39486,1
76653,0
124266,0
139558,0
85598,0
150189,0
107456,0
16319,1
112169,0
108420,0
94530,0
12163,1
43733,1
140272,0
25954,1
131851,0
32340,1
53243,0
17740,1
119532,0
152844,0
76198,0
6525,1
159241,0
140975,0
115270,0
107557,0
63532,0
96081,0
66598,0
128800,0
86045,0
82599,0
33328,1
22574,1
76174,0
17776,1
51253,0
151170,0
60477,0
159512,0
91903,0
90169,0
136385,0
80844,0
107583,0
42851,1
58840,0
39906,1
72046,0
146898,0
80877,0
39742,1
135536,0
9277,1
117995,0
129452,0
65817,0
58681,0
29040,1
16022,1
78954,0
31643,1
144090,0
74944,0
33845,1
3172,1
9016,1
7771,1
75092,0
39432,1
127490,0
48557,0
57580,0
41949,1
94297,0
59650,0
91327,0
147724,0
149976,0
97603,0
51526,0
88167,0
156728,0
3896,1
146889,0
65932,0
97198,0
38710,1
61820,0
82464,0
106313,0
133672,0
11082,1
52445,0
139873,0
133596,0
67492,0
141799,0
51387,0
23885,1
74384,0
7719,1
79016,0
52,1
65863,0
88813,0
82200,0
28210,1
2446,1
134057,0
12177,1
101180,0
36297,1
144031,0
7760,1
64657,0
104552,0
97742,0
88610,0
108908,0
62591,0
20123,1
158765,0
119925,0
153224,0
75574,0
79720,0
105384,0
23879,1
92719,0
33337,1
107940,0
95161,0
47753,0
151532,0
103218,0
5205,1
53859,0
75226,0
118446,0
46139,0
48474,0
105020,0
64878,0
135511,0
128497,0
31775,1
17726,1
43107,1
62588,0
101924,0
156355,0
51653,0
18662,1
97299,0
118430,0
94052,0
61612,0
143767,0
20331,1
86234,0
66282,0
9583,1
85196,0
135155,0
27634,1
86482,0
49815,0
112160,0
45052,1
129441,0
25793,1
92855,0
100569,0
46557,0
47255,0
118441,0
96518,0
102781,0
146848,0
46506,0
18333,1
2530,1
119162,0
115490,0
108339,0
19946,1
94833,0
126876,0
95172,0
129789,0
917,1
83675,0
136071,0
69347,0
38231,1
130135,0
111952,0
82222,0
44148,1
54776,0
96910,0
34688,1
92746,0
157506,0
61731,0
53393,0
102189,0
19131,1
90383,0
146984,0
113516,0
95916,0
8804,1
127061,0
117482,0
39652,1
111762,0
26161,1
9820,1
144528,0
41361,1
109502,0
38943,1
16792,1
141102,0
154838,0
56519,0
43396,1
58787,0
41266,1
100390,0
91015,0
135675,0
92243,0
143070,0
118890,0
148333,0
90402,0
152734,0
92019,0
152304,0
97270,0
28014,1
27331,1
24224,1
66324,0
51470,0
34936,1
1207,1
134382,0
50085,0
32089,1
155929,0
38343,1
47095,0
19971,1
45194,0
40309,1
34222,1
17708,1
89337,0
14267,1
62120,0
116986,0
57119,0
152435,0
132426,0
2691,1
5606,1
123074,0
47436,0
139436,0
121124,0
12403,1
125083,0
70236,0
61558,0
40738,1
66821,0
80425,0
144291,0
126475,0
156282,0
107461,0
143364,0
74741,0
121054,0
36029,1
12260,1
136360,0
37075,1
85736,0
153384,0
75452,0
159354,0
59227,0
20494,1
145127,0
126781,0
11905,1
78576,0
152144,0
106003,0
111462,0
75507,0
101312,0
36717,1
93533,0
150016,0
106054,0
103733,0
123948,0
2042,1
71595,0
68483,0
47475,0
92627,0
35872,1
131174,0
61195,0
73892,0
26565,1
125321,0
152388,0
1909,1
21123,1
158412,0
139606,0
78787,0
27908,1
59032,0
152854,0
113159,0
145923,0
55392,0
104282,0
55991,0
136703,0
61086,0
37383,1
58513,0
3428,1
115484,0
120070,0
134184,0
21019,1
6689,1
102760,0
133739,0
9977,1
130982,0
9984,1
24288,1
31214,1
91847,0
61402,0
126627,0
79987,0
156960,0
122079,0
140329,0
126465,0
76642,0
141138,0
104623,0
35817,1
2366,1
44114,1
156009,0
140693,0
10118,1
87447,0
155466,0
145662,0
112968,0
31600,1
123005,0
79500,0
139626,0
80195,0
110717,0
36016,1
100932,0
32838,1
68612,0
113432,0
15368,1
94014,0
132445,0
150481,0
143445,0
14031,1
37638,1
83662,0
11783,1
109890,0
135934,0
49028,0
122762,0
58618,0
137064,0
123776,0
123806,0
49525,0
117938,0
23423,1
76020,0
90486,0
113975,0
134925,0
12179,1
146498,0
63436,0
32854,1
154786,0
51077,0
70020,0
104392,0
33782,1
114848,0
3471,1
48345,0
76156,0
48673,0
77338,0
88852,0
93813,0
104578,0
140641,0
20886,1
94737,0
90328,0
124652,0
77944,0
6237,1
99300,0
141164,0
142900,0
136730,0
135432,0
96914,0
77423,0
105809,0
7757,1
136539,0
25772,1
82621,0
24192,1
121836,0
117821,0
103321,0
39764,1
18371,1
92261,0
37309,1
51218,0
116292,0
57589,0
53142,0
56912,0
81786,0
123397,0
92277,0
157146,0
93687,0
135648,0
142561,0
135364,0
129731,0
105751,0
53517,0
116426,0
10294,1
10921,1
29064,1
21118,1
121850,0
49520,0
24243,1
80745,0
54436,0
66114,0
150446,0
111235,0
107223,0
156223,0
57808,0
118533,0
66362,0
126996,0
125550,0
11229,1
149840,0
49560,0
99996,0
51386,0
150916,0
127904,0
13854,1
80182,0
105559,0
83647,0
24989,1
135060,0
110248,0
152705,0
137234,0
137938,0
67689,0
130294,0
74521,0
33700,1
104079,0
52846,0
48696,0
127274,0
59715,0
54943,0
60002,0
153477,0
114464,0
102945,0
88409,0
71282,0
101987,0
42287,1
56126,0
152397,0
107331,0
33186,1
28438,1
117820,0
25191,1
93274,0
70837,0
7749,1
135864,0
44506,1
6756,1
150875,0
124406,0
52493,0
156743,0
9850,1
69836,0
23650,1
154663,0
98188,0
95750,0
32843,1
158952,0
590,1
158357,0
123100,0
75867,0
151273,0
7222,1
110219,0
85638,0
133756,0
112895,0
56987,0
9240,1
88047,0
141842,0
53141,0
42282,1
93402,0
63066,0
46388,0
8493,1
48517,0
145193,0
4809,1
96962,0
148051,0
66938,0
95067,0
114749,0
23805,1
24199,1
87322,0
106104,0
30640,1
64006,0
119568,0
92082,0
7616,1
52607,0
82877,0
966,1
81675,0
58468,0
82405,0
147206,0
132181,0
71142,0
60724,0
124582,0
112353,0
62151,0
140736,0
45806,0
81074,0
8230,1
33711,1
35470,1
119667,0
10697,1
118839,0
61368,0
68277,0
112127,0
61718,0
97673,0
88137,0
92550,0
150240,0
15930,1
107078,0
118525,0
96985,0
53150,0
146139,0
50381,0
144053,0
153597,0
14131,1
119735,0
38797,1
89688,0
51423,0
53167,0
126970,0
132567,0
63926,0
59254,0
106255,0
42120,1
101132,0
13782,1
131397,0
31209,1
92133,0
99711,0
158258,0
97908,0
98578,0
131656,0
13863,1
153316,0
5931,1
24449,1
43294,1
124145,0
43255,1
157780,0
149753,0
43961,1
86382,0
82455,0
5752,1
51292,0
130306,0
120200,0
91352,0
149078,0
61098,0
107026,0
61515,0
145892,0
13208,1
156590,0
83926,0
124841,0
83939,0
57207,0
56604,0
22653,1
126359,0
107193,0
36383,1
30574,1
73685,0
115853,0
123740,0
157704,0
87905,0
125332,0
134804,0
64482,0
34476,1
54320,0
152000,0
59330,0
92503,0
139256,0
86500,0
54297,0
118507,0
135567,0
116204,0
126741,0
10263,1
25313,1
95379,0
56932,0
138807,0
64655,0
147697,0
9589,1
1467,1
157309,0
155469,0
101309,0
27480,1
137862,0
4529,1
105950,0
7516,1
158508,0
111296,0
151602,0
22958,1
75538,0
88336,0
109028,0
103719,0
15546,1
1678,1
126784,0
84935,0
117096,0
117971,0
40561,1
19871,1
91861,0
24703,1
28978,1
86102,0
16810,1
154189,0
33029,1
29088,1
57595,0
60611,0
35759,1
150439,0
43065,1
13356,1
1321,1
63782,0
64301,0
36416,1
15285,1
43497,1
10110,1
111712,0
94937,0
7416,1
49894,0
75603,0
111099,0
63244,0
101893,0
159053,0
107733,0
96386,0
124198,0
55409,0
58320,0
90916,0
127862,0
137255,0
44865,1
23357,1
119823,0
79286,0
15557,1
47754,0
153907,0
32881,1
80535,0
154289,0
124386,0
51164,0
134585,0
90553,0
105580,0
7930,1
100744,0
1181,1
151391,0
35280,1
145554,0
109496,0
141947,0
2246,1
145041,0
125588,0
78321,0
74831,0
97326,0
134625,0
69236,0
732,1
103833,0
107359,0
7078,1
86659,0
119628,0
70927,0
127162,0
55618,0
54179,0
61941,0
72150,0
133025,0
156844,0
151363,0
151022,0
73938,0
39185,1
92710,0
142438,0
156692,0
54262,0
144511,0
58565,0
131167,0
14533,1
76878,0
27115,1
30364,1
69731,0
95527,0
143372,0
155196,0
55422,0
120286,0
36152,1
117066,0
119515,0
102399,0
98370,0
6393,1
29161,1
111927,0
48209,0
12912,1
150911,0
40447,1
77542,0
19523,1
32171,1
53415,0
77053,0
153330,0
133494,0
20655,1
141371,0
152130,0
111500,0
28703,1
159032,0
37579,1
46505,0
75342,0
59332,0
56572,0
36914,1
5278,1
7602,1
124671,0
15869,1
127001,0
122513,0
155350,0
113949,0
68068,0
74468,0
155071,0
95838,0
111151,0
140056,0
122372,0
115065,0
134152,0
102064,0
98844,0
25851,1
104459,0
63372,0
63276,0
16013,1
44597,1
67720,0
118951,0
119360,0
2404,1
98238,0
32957,1
71066,0
143205,0
118970,0
157169,0
140966,0
77131,0
90878,0
18083,1
127877,0
62877,0
38479,1
59145,0
45619,0
101360,0
12261,1
62498,0
94606,0
117874,0
123600,0
139842,0
101852,0
86200,0
16363,1
110934,0
69026,0
63813,0
151306,0
37438,1
154301,0
118189,0
149109,0
73744,0
19902,1
20862,1
92878,0
37353,1
105902,0
111314,0
111853,0
124647,0
33590,1
884,1
40548,1
98623,0
4921,1
44982,1
15288,1
38809,1
94372,0
52863,0
12797,1
116748,0
147846,0
151367,0
134866,0
422,1
59860,0
81735,0
117742,0
64464,0
46172,0
153729,0
87217,0
159776,0
51970,0
120082,0
84202,0
101732,0
47038,0
64627,0
93902,0
143571,0
141558,0
111311,0
34050,1
30801,1
106733,0
154512,0
111566,0
117552,0
8893,1
44174,1
107006,0
69749,0
154161,0
113984,0
47203,0
62067,0
98209,0
42867,1
70347,0
41871,1
79761,0
63171,0
54984,0
101704,0
131239,0
34308,1
74872,0
104383,0
131156,0
132538,0
51221,0
136019,0
47075,0
10182,1
2241,1
58067,0
98524,0
95302,0
114791,0
12291,1
39546,1
144063,0
34191,1
23733,1
138500,0
90981,0
57408,0
52489,0
26248,1
30758,1
47829,0
2930,1
81270,0
37636,1
103279,0
26597,1
18683,1
106147,0
112902,0
23398,1
155032,0
65087,0
45334,0
137092,0
33772,1
3968,1
143859,0
95613,0
141279,0
3414,1
73771,0
138069,0
58194,0
750,1
22138,1
109702,0
112073,0
25254,1
97888,0
28889,1
144086,0
27096,1
70580,0
83489,0
46576,0
110234,0
149662,0
120630,0
49119,0
81474,0
10954,1
158176,0
114407,0
65649,0
6742,1
153147,0
132430,0
36608,1
77669,0
88569,0
71958,0
9937,1
63728,0
100028,0
68145,0
119156,0
80866,0
73817,0
146810,0
78760,0
51835,0
135570,0
96208,0
146928,0
7793,1
82173,0
103362,0
149949,0
115575,0
102550,0
36273,1
122108,0
15397,1
15619,1
146297,0
151230,0
113083,0
58474,0
126683,0
90302,0
49398,0
109139,0
60698,0
114742,0
99819,0
63754,0
145084,0
27153,1
113286,0
25390,1
55342,0
111719,0
137420,0
24576,1
91561,0
25784,1
120484,0
17615,1
90695,0
9887,1
53348,0
62157,0
47729,0
21009,1
64995,0
50903,0
52003,0
78676,0
28833,1
123956,0
65781,0
72397,0
25044,1
125611,0
47137,0
73788,0
119770,0
103485,0
69435,0
11163,1
97265,0
20893,1
158788,0
131710,0
126889,0
52479,0
74836,0
45803,0
408,1
123088,0
41595,1
36577,1
37485,1
31431,1
93812,0
22851,1
3123,1
100762,0
15311,1
148119,0
28746,1
10615,1
79875,0
49351,0
144496,0
105717,0
148556,0
107849,0
159097,0
141785,0
45879,0
99784,0
120555,0
93197,0
50861,0
124948,0
12504,1
9328,1
82040,0
124977,0
158694,0
113114,0
54027,0
58359,0
89147,0
55787,0
57476,0
111444,0
78513,0
91804,0
106144,0
64211,0
145600,0
127587,0
9149,1
64353,0
51557,0
148484,0
53444,0
154435,0
17505,1
72026,0
55517,0
47044,0
55783,0
77019,0
39766,1
15336,1
67927,0
30105,1
104239,0
51887,0
130447,0
108363,0
107643,0
158965,0
117753,0
144598,0
113069,0
72565,0
320,1
97690,0
13913,1
709,1
140590,0
26439,1
64254,0
60910,0
144863,0
57981,0
47897,0
6604,1
121690,0
126998,0
91899,0
75363,0
41764,1
100003,0
49117,0
27266,1
100291,0
91484,0
66935,0
25095,1
56803,0
84440,0
47584,0
116751,0
118322,0
131233,0
123699,0
145584,0
15536,1
12355,1
152421,0
57007,0
95029,0
104562,0
75458,0
46924,0
67294,0
102152,0
90702,0
76123,0
82560,0
84815,0
87412,0
124851,0
28326,1
57547,0
65604,0
70139,0
117662,0
69173,0
99241,0
110255,0
108189,0
132595,0
127147,0
33649,1
96732,0
6804,1
53831,0
110417,0
159187,0
113395,0
133026,0
33256,1
136395,0
31991,1
24391,1
107866,0
29516,1
14890,1
6003,1
23859,1
120461,0
38623,1
32087,1
10906,1
56185,0
43349,1
67971,0
135878,0
81879,0
159531,0
38618,1
67191,0
99256,0
27126,1
9366,1
126651,0
45867,0
76014,0
156199,0
31463,1
110399,0
43906,1
10151,1
91960,0
14773,1
120425,0
69326,0
46914,0
87439,0
89549,0
60814,0
36470,1
121483,0
46617,0
19929,1
47991,0
24385,1
153724,0
86486,0
107405,0
108353,0
76823,0
6509,1
1634,1
136708,0
69455,0
153694,0
41965,1
157089,0
83195,0
19627,1
48052,0
10199,1
116657,0
28975,1
80464,0
125750,0
21880,1
20524,1
101845,0
75641,0
139852,0
25129,1
73856,0
21091,1
101056,0
120927,0
92266,0
82722,0
50641,0
21086,1
77201,0
62015,0
22603,1
20809,1
58730,0
149649,0
154220,0
150219,0
72641,0
54247,0
17463,1
47766,0
31109,1
138915,0
123692,0
31608,1
50511,0
44433,1
54878,0
43977,1
151666,0
149708,0
138853,0
101738,0
106403,0
112958,0
12376,1
120648,0
29013,1
55087,0
3894,1
151794,0
37810,1
20769,1
110431,0
83952,0
2320,1
73175,0
117368,0
60073,0
4396,1
43683,1
135460,0
39654,1
121474,0
64134,0
23027,1
127607,0
149561,0
7565,1
82568,0
11908,1
108120,0
68686,0
148495,0
15904,1
66650,0
45222,0
147656,0
21301,1
86903,0
26875,1
155419,0
20480,1
42500,1
7011,1
99876,0
448,1
112633,0
48887,0
76263,0
147856,0
15718,1
77050,0
69411,0
30929,1
102379,0
41458,1
127174,0
51534,0
83312,0
159294,0
56543,0
148977,0
30223,1
64143,0
67488,0
66110,0
118299,0
119704,0
126035,0
138493,0
132839,0
4918,1
62244,0
84609,0
47873,0
131172,0
38948,1
44848,1
26797,1
81186,0
90152,0
95584,0
126869,0
40863,1
104968,0
111458,0
151335,0
71330,0
118200,0
64717,0
150685,0
133273,0
141429,0
137074,0
85910,0
98624,0
2112,1
7661,1
74018,0
62396,0
46500,0
149010,0
97154,0
71554,0
93804,0
96246,0
92791,0
16685,1
7483,1
36263,1
129494,0
16497,1
17973,1
101467,0
126372,0
99181,0
15079,1
159001,0
60246,0
10324,1
63286,0
154274,0
133789,0
51645,0
112912,0
12810,1
85639,0
119516,0
28144,1
8409,1
82803,0
42298,1
88686,0
45058,1
26887,1
127866,0
152408,0
2447,1
35370,1
59770,0
34206,1
58817,0
28112,1
108877,0
3924,1
119876,0
38852,1
16115,1
153017,0
36964,1
123169,0
125190,0
149279,0
106397,0
94214,0
135895,0
15339,1
13821,1
122150,0
7424,1
80111,0
109249,0
21459,1
115624,0
134961,0
132666,0
68829,0
100031,0
73466,0
132240,0
153740,0
144914,0
9150,1
125518,0
158380,0
119066,0
147461,0
27191,1
138615,0
109178,0
83750,0
8323,1
99567,0
31033,1
74053,0
126660,0
40509,1
158477,0
35916,1
99636,0
154178,0
120868,0
89623,0
86012,0
78116,0
91111,0
87411,0
39455,1
52691,0
28474,1
87325,0
146170,0
25433,1
107550,0
107303,0
100890,0
11900,1
16648,1
88060,0
17086,1
117718,0
149547,0
20330,1
87328,0
81709,0
58934,0
38531,1
19700,1
79270,0
12285,1
102811,0
81167,0
150007,0
123164,0
111522,0
76375,0
2524,1
149388,0
40663,1
105722,0
18685,1
27765,1
134148,0
8473,1
9424,1
153240,0
122058,0
44012,1
18367,1
159284,0
94736,0
57758,0
62180,0
77530,0
80546,0
77471,0
33607,1
16298,1
20511,1
79153,0
136617,0
150416,0
22173,1
80474,0
149071,0
50548,0
22647,1
119152,0
100684,0
3695,1
28778,1
79811,0
17785,1
58090,0
25557,1
29556,1
102963,0
136249,0
112664,0
101111,0
74515,0
10353,1
108135,0
61955,0
24801,1
57767,0
151787,0
6557,1
41701,1
127779,0
21651,1
130496,0
121125,0
87895,0
126263,0
144778,0
32625,1
97866,0
54012,0
66873,0
14583,1
17522,1
85571,0
117228,0
42146,1
54790,0
111045,0
6433,1
135792,0
133473,0
95713,0
37344,1
2786,1
58331,0
24002,1
98012,0
39832,1
117361,0
125169,0
144477,0
146037,0
63001,0
655,1
77647,0
28190,1
151911,0
17042,1
111642,0
115973,0
51416,0
27598,1
151522,0
62996,0
52640,0
184,1
34246,1
9592,1
2041,1
126435,0
92379,0
155272,0
128423,0
50257,0
157406,0
36965,1
131920,0
13390,1
120081,0
110251,0
2415,1
65796,0
74705,0
54292,0
81837,0
36768,1
130068,0
62651,0
61304,0
1818,1
17144,1
13355,1
121382,0
143141,0
116883,0
133208,0
96928,0
120854,0
144080,0
14811,1
49873,0
13044,1
84671,0
93120,0
108062,0
135593,0
129473,0
52761,0
114234,0
51773,0
9972,1
46983,0
91639,0
136585,0
131902,0
20965,1
63464,0
145374,0
99327,0
8416,1
103221,0
143058,0
13982,1
38466,1
144645,0
53719,0
21029,1
4223,1
158263,0
47776,0
14664,1
97097,0
111367,0
156749,0
51074,0
33416,1
143929,0
12529,1
127057,0
6776,1
64511,0
32650,1
128761,0
83187,0
65693,0
135636,0
79447,0
42097,1
152816,0
84879,0
79243,0
76399,0
143026,0
117574,0
117160,0
78232,0
133889,0
42299,1
71040,0
120307,0
31804,1
108654,0
51745,0
148123,0
74868,0
60741,0
151264,0
129364,0
102871,0
103582,0
60843,0
149487,0
35405,1
78079,0
67195,0
22474,1
109933,0
101358,0
148591,0
66708,0
118276,0
8275,1
49993,0
30359,1
53704,0
84819,0
66952,0
27077,1
83776,0
140015,0
156536,0
157215,0
68552,0
6683,1
56592,0
35385,1
52679,0
58696,0
84083,0
37448,1
76306,0
36962,1
82724,0
37964,1
74716,0
154199,0
35664,1
19305,1
79521,0
98647,0
68203,0
49535,0
130224,0
44026,1
62631,0
129719,0
97194,0
153328,0
80103,0
158227,0
32740,1
156763,0
138942,0
97390,0
6363,1
54120,0
89621,0
41589,1
45050,1
9654,1
139596,0
15531,1
157604,0
124246,0
54127,0
129821,0
115749,0
12119,1
19894,1
113923,0
29285,1
147012,0
108809,0
68031,0
57399,0
82773,0
64073,0
25952,1
104321,0
74109,0
101716,0
140994,0
41948,1
9848,1
78040,0
7170,1
44947,1
39965,1
19931,1
107318,0
116353,0
42928,1
30142,1
57336,0
128502,0
132678,0
13795,1
45137,0
54403,0
147484,0
89574,0
10132,1
155496,0
19566,1
141081,0
74035,0
138313,0
64451,0
1453,1
38558,1
154287,0
49703,0
46194,0
126484,0
50245,0
123919,0
136695,0
81600,0
106012,0
87903,0
14732,1
14327,1
77464,0
104648,0
7679,1
101251,0
33336,1
17699,1
136840,0
96052,0
24814,1
9694,1
159691,0
78003,0
2608,1
103480,0
36967,1
36288,1
115273,0
138476,0
133603,0
143387,0
35438,1
136631,0
135085,0
21223,1
99622,0
108880,0
140617,0
156863,0
146445,0
154100,0
100134,0
30029,1
145361,0
92342,0
90098,0
150019,0
159209,0
59861,0
36775,1
120522,0
71840,0
97196,0
128109,0
15212,1
90945,0
69368,0
8788,1
22322,1
109595,0
8419,1
142923,0
34510,1
21670,1
120204,0
138155,0
130954,0
28504,1
88362,0
141188,0
58471,0
3162,1
75297,0
108861,0
91141,0
151485,0
73971,0
141534,0
40771,1
71353,0
15615,1
96326,0
139265,0
129828,0
137205,0
42751,1
123276,0
137606,0
97850,0
32296,1
46460,0
123184,0
17448,1
69280,0
38227,1
4056,1
40536,1
148808,0
151372,0
33697,1
25100,1
53773,0
51044,0
71462,0
82450,0
153481,0
4455,1
4603,1
127269,0
16117,1
26808,1
78758,0
87776,0
66413,0
134373,0
41679,1
15711,1
78089,0
79065,0
127354,0
65630,0
59161,0
147952,0
3526,1
15446,1
132252,0
6366,1
134940,0
29350,1
53208,0
6264,1
75215,0
83006,0
17812,1
57467,0
91944,0
130832,0
86635,0
32687,1
150405,0
135194,0
4647,1
93348,0
51073,0
127641,0
78545,0
117181,0
20328,1
7626,1
69430,0
74484,0
47710,0
148428,0
159600,0
150700,0
93015,0
24676,1
103548,0
53721,0
154951,0
16001,1
91878,0
23490,1
119243,0
25727,1
115813,0
21302,1
142017,0
105923,0
97691,0
7574,1
76993,0
122448,0
12228,1
49664,0
113494,0
108527,0
86592,0
157420,0
22392,1
25438,1
131972,0
35359,1
77764,0
120255,0
153304,0
71387,0
156548,0
57202,0
52267,0
31492,1
37213,1
123096,0
78919,0
136056,0
108917,0
107960,0
27991,1
83725,0
117512,0
19695,1
150117,0
50932,0
132084,0
130502,0
33274,1
7161,1
109448,0
79107,0
141911,0
125002,0
132707,0
18349,1
125838,0
108801,0
135028,0
150740,0
130239,0
101916,0
80810,0
65903,0
5473,1
121513,0
145099,0
106771,0
33720,1
46354,0
56373,0
146788,0
100971,0
85458,0
123060,0
148371,0
66059,0
48563,0
106281,0
130153,0
92522,0
136697,0
158312,0
156045,0
140215,0
123831,0
85483,0
54067,0
145508,0
61903,0
25926,1
34871,1
73822,0
28748,1
44669,1
38480,1
41607,1
66357,0
49685,0
60802,0
70828,0
49110,0
92923,0
135102,0
150264,0
50040,0
2066,1
12933,1
142960,0
28087,1
32859,1
130158,0
140644,0
94191,0
125595,0
46100,0
47347,0
27311,1
104371,0
76333,0
60379,0
29039,1
135422,0
250,1
37154,1
45332,0
136752,0
15218,1
44278,1
102056,0
75598,0
17296,1
19711,1
15142,1
148444,0
67617,0
74424,0
144916,0
78412,0
106445,0
13062,1
58195,0
18779,1
91992,0
14808,1
98842,0
37613,1
112643,0
117483,0
92137,0
54073,0
133681,0
28165,1
345,1
30546,1
123563,0
43723,1
59783,0
34780,1
2429,1
93249,0
95555,0
23023,1
47989,0
48861,0
57960,0
99925,0
31489,1
143432,0
33971,1
92736,0
56252,0
104332,0
52316,0
71578,0
31748,1
69127,0
85108,0
51873,0
68083,0
72253,0
127598,0
79887,0
15260,1
56421,0
136995,0
113699,0
145313,0
56012,0
11227,1
143553,0
141348,0
97408,0
13732,1
91250,0
84072,0
146368,0
155796,0
91095,0
46900,0
97279,0
151871,0
64350,0
144831,0
115375,0
37239,1
20854,1
83914,0
145247,0
39768,1
113231,0
134675,0
81182,0
99764,0
38669,1
102480,0
113955,0
75484,0
13264,1
23139,1
58531,0
108163,0
75467,0
10600,1
93765,0
150335,0
148766,0
50385,0
71589,0
7762,1
109690,0
119972,0
9569,1
89148,0
41354,1
45408,0
58404,0
43415,1
12297,1
60158,0
84976,0
55053,0
110271,0
44519,1
49029,0
36181,1
142956,0
7849,1
19794,1
118747,0
29073,1
139707,0
42702,1
141814,0
76247,0
4128,1
9832,1
10302,1
148004,0
52157,0
147017,0
43320,1
99406,0
89201,0
67653,0
97802,0
152146,0
109472,0
48876,0
11492,1
148648,0
144701,0
104523,0
71027,0
131284,0
122611,0
6970,1
53742,0
61971,0
71859,0
25744,1
62064,0
79581,0
51151,0
84716,0
71917,0
96182,0
75636,0
114392,0
8862,1
141805,0
36938,1
53775,0
74385,0
37894,1
129739,0
58491,0
107426,0
22947,1
20828,1
109711,0
93643,0
134128,0
150950,0
111551,0
36075,1
133253,0
140553,0
50022,0
90305,0
62525,0
73595,0
115797,0
132393,0
57713,0
120875,0
145428,0
67203,0
81096,0
125229,0
108596,0
10429,1
61191,0
105985,0
78596,0
138845,0
20155,1
132284,0
12731,1
157529,0
73652,0
101617,0
42109,1
80636,0
137860,0
105051,0
132156,0
49640,0
112544,0
62081,0
48468,0
32451,1
45212,0
93494,0
39573,1
159767,0
139930,0
130070,0
126628,0
115934,0
116939,0
340,1
32561,1
17301,1
64669,0
38242,1
148802,0
95877,0
97015,0
20937,1
46322,0
39557,1
22438,1
24484,1
147750,0
133780,0
84767,0
142194,0
83284,0
33102,1
62788,0
64208,0
49084,0
158935,0
99610,0
79019,0
24206,1
77467,0
59761,0
557,1
146776,0
143409,0
64401,0
61830,0
122586,0
49906,0
89478,0
12462,1
104311,0
144254,0
16439,1
41345,1
1799,1
14557,1
77758,0
78690,0
11643,1
66879,0
85333,0
43315,1
87389,0
23769,1
67740,0
2622,1
58472,0
19949,1
15332,1
92088,0
70662,0
104764,0
104694,0
138429,0
81031,0
67215,0
118490,0
6890,1
131282,0
150056,0
46984,0
149781,0
105746,0
82233,0
85980,0
55703,0
135106,0
12467,1
57199,0
137952,0
94922,0
9437,1
76370,0
142620,0
102488,0
8967,1
29825,1
63241,0
121174,0
85707,0
18999,1
98650,0
91709,0
102167,0
104381,0
140996,0
17701,1
27281,1
90957,0
120488,0
63368,0
90763,0
69616,0
129894,0
574,1
46919,0
97865,0
2218,1
148934,0
65007,0
147351,0
38964,1
32916,1
53464,0
46111,0
117592,0
39120,1
147195,0
159540,0
148824,0
159488,0
120147,0
41166,1
94485,0
9336,1
81796,0
140273,0
101124,0
57289,0
35993,1
96268,0
8085,1
63507,0
153084,0
10886,1
15786,1
1046,1
43936,1
58187,0
59708,0
29528,1
67961,0
64685,0
145939,0
34366,1
97159,0
148280,0
148274,0
114914,0
84064,0
154662,0
55432,0
152803,0
157428,0
42093,1
147604,0
96092,0
60272,0
82157,0
124390,0
63305,0
45361,0
127680,0
72735,0
131112,0
128744,0
99352,0
41693,1
51051,0
99407,0
125862,0
134592,0
7803,1
25526,1
21509,1
148069,0
21980,1
127983,0
10146,1
78733,0
152311,0
24462,1
30775,1
101660,0
85074,0
77322,0
82284,0
68505,0
15409,1
64016,0
69637,0
56694,0
55391,0
64342,0
9537,1
62980,0
38731,1
139455,0
27274,1
127997,0
23262,1
31574,1
105341,0
100171,0
8271,1
67984,0
98470,0
109349,0
14639,1
4718,1
33412,1
38310,1
53191,0
4745,1
53352,0
76098,0
92640,0
105306,0
133285,0
126010,0
9953,1
106821,0
89559,0
68664,0
102095,0
145088,0
81722,0
62831,0
144340,0
37425,1
79462,0
117236,0
18733,1
107765,0
121617,0
20470,1
145095,0
140936,0
148907,0
32253,1
154628,0
140341,0
59228,0
142041,0
150736,0
148867,0
95256,0
101114,0
3056,1
17174,1
135585,0
131945,0
142485,0
53724,0
45678,0
96310,0
15041,1
78452,0
152172,0
41484,1
148986,0
36365,1
7000,1
67734,0
109409,0
2307,1
56442,0
25922,1
35547,1
52724,0
94394,0
110400,0
112775,0
56797,0
27256,1
8354,1
141622,0
150769,0
58717,0
62418,0
82011,0
20283,1
66640,0
46369,0
102372,0
5791,1
21404,1
20561,1
77800,0
77212,0
112489,0
143838,0
6988,1
100748,0
23664,1
94612,0
94133,0
108854,0
33368,1
124273,0
142833,0
113604,0
129491,0
32905,1
149734,0
120809,0
33380,1
46361,0
61200,0
82690,0
23932,1
57708,0
33955,1
97078,0
69632,0
108648,0
109018,0
8861,1
108967,0
85169,0
125152,0
36984,1
134359,0
85548,0
78886,0
32660,1
146393,0
119461,0
69497,0
32086,1
84863,0
112954,0
7175,1
63039,0
98872,0
111675,0
107786,0
111221,0
144279,0
7777,1
42466,1
76095,0
82593,0
44699,1
132869,0
7019,1
86550,0
153836,0
75521,0
3258,1
9477,1
26784,1
11402,1
83585,0
122903,0
88123,0
144356,0
17576,1
3223,1
33095,1
82696,0
49002,0
93028,0
112860,0
48515,0
4606,1
93629,0
27865,1
54803,0
38390,1
38385,1
44121,1
111372,0
32990,1
58889,0
65303,0
155761,0
25443,1
18957,1
81239,0
52358,0
128004,0
102756,0
76143,0
25965,1
4538,1
74920,0
147884,0
131588,0
128180,0
79474,0
1952,1
16399,1
28245,1
57609,0
125520,0
12775,1
154617,0
33911,1
107981,0
6148,1
114390,0
124886,0
104096,0
78929,0
133132,0
13261,1
71014,0
31662,1
100862,0
139526,0
34806,1
154190,0
157411,0
78470,0
38870,1
47992,0
65187,0
154076,0
145992,0
31508,1
9842,1
22936,1
144319,0
139481,0
104320,0
34918,1
5750,1
124157,0
95509,0
23469,1
114298,0
70385,0
9549,1
14607,1
29074,1
62207,0
49692,0
41643,1
85292,0
120092,0
145629,0
34263,1
141036,0
118985,0
124034,0
107588,0
39104,1
18910,1
29821,1
152521,0
78767,0
73126,0
3741,1
84501,0
76923,0
982,1
64485,0
144883,0
158188,0
128675,0
4983,1
54351,0
159398,0
6932,1
72939,0
35318,1
11725,1
130529,0
80065,0
134519,0
96161,0
154308,0
22755,1
150241,0
63063,0
134204,0
73269,0
143358,0
11356,1
25641,1
105948,0
76580,0
61584,0
63354,0
31138,1
119334,0
1983,1
137160,0
130366,0
153114,0
74977,0
33270,1
99527,0
9080,1
91243,0
100035,0
43809,1
93393,0
128404,0
73526,0
61616,0
142465,0
142686,0
79415,0
85789,0
1813,1
68391,0
131070,0
140895,0
71130,0
64255,0
11791,1
50165,0
46490,0
15472,1
70507,0
72103,0
115379,0
46664,0
143105,0
86430,0
11918,1
150028,0
48289,0
52716,0
84743,0
76994,0
36083,1
131320,0
117770,0
63519,0
66013,0
24439,1
55679,0
43146,1
133305,0
83211,0
94059,0
19296,1
117655,0
58928,0
60160,0
43711,1
141721,0
96798,0
7816,1
109743,0
108720,0
109759,0
84921,0
52183,0
15768,1
797,1
35758,1
64308,0
5187,1
104998,0
28789,1
48932,0
20297,1
89473,0
102447,0
58383,0
78055,0
81149,0
90850,0
134692,0
142026,0
80255,0
55650,0
74681,0
85500,0
13391,1
122373,0
150428,0
140487,0
111259,0
103736,0
49194,0
153710,0
93265,0
52541,0
70291,0
101162,0
147200,0
10104,1
24117,1
72901,0
55945,0
65552,0
138988,0
104778,0
47770,0
27193,1
132338,0
86050,0
49756,0
48828,0
31742,1
48849,0
70310,0
101733,0
21152,1
99277,0
7177,1
14879,1
118596,0
16094,1
145578,0
14873,1
19312,1
150051,0
146127,0
91541,0
59907,0
101164,0
84480,0
20630,1
23085,1
89133,0
63905,0
46778,0
103651,0
62291,0
1897,1
149768,0
47003,0
36070,1
21495,1
71474,0
10993,1
43870,1
65027,0
55206,0
26319,1
135556,0
76869,0
88368,0
42540,1
127558,0
60736,0
92598,0
54477,0
57043,0
1793,1
69318,0
57479,0
80126,0
52491,0
12312,1
143480,0
47191,0
94153,0
133220,0
26545,1
74726,0
18578,1
133290,0
102566,0
81932,0
948,1
143827,0
6451,1
150650,0
51943,0
146755,0
6158,1
52441,0
132379,0
156737,0
69089,0
80548,0
124352,0
12508,1
31601,1
147629,0
116172,0
21668,1
101493,0
132563,0
86687,0
41084,1
99482,0
34332,1
81568,0
112102,0
109082,0
90272,0
66723,0
15755,1
5743,1
146691,0
2719,1
41028,1
35883,1
56975,0
38113,1
92293,0
72553,0
24760,1
93672,0
7362,1
16821,1
103088,0
112277,0
19419,1
69165,0
149399,0
12436,1
89009,0
35210,1
117019,0
16377,1
43660,1
89758,0
147296,0
51667,0
128758,0
77291,0
64526,0
62452,0
107979,0
115738,0
136895,0
45996,0
48049,0
43204,1
20290,1
48144,0
26231,1
109391,0
89739,0
152541,0
39910,1
51830,0
15315,1
46830,0
132547,0
49914,0
61074,0
151796,0
100851,0
49992,0
100808,0
79802,0
64581,0
109960,0
100075,0
86182,0
154731,0
44675,1
116340,0
33311,1
37553,1
84881,0
113970,0
65597,0
45111,0
131623,0
145947,0
45220,0
64908,0
126090,0
99715,0
52488,0
95301,0
155675,0
52499,0
89364,0
64352,0
27340,1
102809,0
75024,0
2104,1
70527,0
80205,0
15258,1
90544,0
137023,0
131305,0
3878,1
12269,1
66553,0
59061,0
104646,0
44458,1
159654,0
142627,0
56443,0
61285,0
67885,0
148949,0
105909,0
66177,0
106799,0
65695,0
40644,1
121951,0
97687,0
17172,1
17337,1
15712,1
95249,0
96143,0
58580,0
127947,0
75950,0
69072,0
12124,1
37646,1
153827,0
91807,0
46602,0
20308,1
134231,0
70058,0
107956,0
95999,0
159144,0
44028,1
85374,0
111169,0
63170,0
60745,0
12512,1
99774,0
74756,0
108675,0
74060,0
74876,0
7990,1
109731,0
139542,0
67719,0
116081,0
155388,0
26871,1
49253,0
138526,0
145652,0
46525,0
43710,1
125798,0
92960,0
90219,0
147500,0
140308,0
16758,1
19143,1
64369,0
90332,0
101578,0
91914,0
104951,0
38636,1
27582,1
36347,1
7216,1
159041,0
46988,0
36808,1
14755,1
13398,1
20910,1
75842,0
64257,0
35559,1
120552,0
63270,0
148966,0
146238,0
40973,1
50839,0
28624,1
135325,0
115232,0
29759,1
123486,0
149646,0
120656,0
121202,0
57341,0
6171,1
12674,1
60679,0
145818,0
55892,0
148570,0
95531,0
113634,0
158526,0
45356,0
63169,0
31667,1
81055,0
119549,0
31225,1
117114,0
133221,0
121427,0
91539,0
78924,0
61312,0
145047,0
5704,1
128686,0
5010,1
48853,0
91970,0
46627,0
72156,0
116807,0
124674,0
2374,1
138630,0
111326,0
107147,0
85393,0
26540,1
156407,0
13464,1
35088,1
112230,0
66953,0
77539,0
117911,0
15199,1
135018,0
60110,0
24015,1
29739,1
41385,1
98549,0
151533,0
4145,1
15770,1
156857,0
148328,0
54817,0
76707,0
3216,1
29588,1
149361,0
9930,1
155208,0
1180,1
114403,0
59459,0
18386,1
106011,0
23098,1
106049,0
134865,0
98808,0
89884,0
31577,1
40902,1
69017,0
126044,0
113466,0
11230,1
69560,0
63160,0
54550,0
22511,1
21779,1
157273,0
114727,0
31452,1
137825,0
154785,0
35707,1
109213,0
11203,1
126103,0
124927,0
93111,0
158878,0
121138,0
81548,0
1881,1
18525,1
105945,0
43194,1
57704,0
135555,0
93932,0
44019,1
74592,0
107052,0
7906,1
55918,0
129523,0
58100,0
130045,0
26938,1
76972,0
97951,0
23254,1
38052,1
132656,0
18082,1
129089,0
100269,0
122850,0
26107,1
40589,1
149334,0
106829,0
42894,1
121917,0
110504,0
3377,1
88547,0
58048,0
127750,0
11888,1
131092,0
53917,0
41739,1
7265,1
154005,0
18074,1
22737,1
102879,0
144197,0
87618,0
99391,0
105612,0
50104,0
138530,0
133261,0
49403,0
26918,1
152402,0
121598,0
75805,0
96800,0
65313,0
154904,0
134069,0
97060,0
92018,0
13574,1
144961,0
24936,1
104017,0
21615,1
8245,1
32622,1
91673,0
26386,1
101159,0
145106,0
68206,0
94096,0
60563,0
75084,0
143640,0
67393,0
44279,1
24237,1
106197,0
58756,0
64859,0
128036,0
20527,1
41387,1
57799,0
306,1
28607,1
57423,0
66187,0
97401,0
3108,1
98690,0
116434,0
115974,0
112590,0
159777,0
34582,1
80449,0
93039,0
109684,0
98675,0
153377,0
25992,1
101004,0
99047,0
77200,0
7119,1
124974,0
60774,0
24858,1
117806,0
9327,1
37436,1
95314,0
111729,0
156143,0
104930,0
112792,0
8336,1
63447,0
78118,0
70733,0
134581,0
59362,0
39000,1
117931,0
44273,1
95536,0
100316,0
84432,0
134233,0
118556,0
5756,1
116448,0
64836,0
120683,0
50505,0
63042,0
68109,0
90109,0
15951,1
99403,0
106068,0
103982,0
93835,0
29112,1
61750,0
101885,0
84555,0
15704,1
140052,0
18130,1
6242,1
74745,0
42977,1
20946,1
20375,1
77819,0
93867,0
23156,1
85704,0
13776,1
64185,0
150721,0
1871,1
55402,0
139680,0
110846,0
78131,0
28017,1
41976,1
86341,0
10072,1
155360,0
153604,0
46590,0
111700,0
150003,0
27437,1
146105,0
54270,0
80986,0
75367,0
79650,0
94627,0
133096,0
146534,0
83059,0
85364,0
145039,0
106824,0
139784,0
7543,1
147895,0
126029,0
129912,0
39265,1
39207,1
144781,0
153307,0
39228,1
146295,0
25243,1
93873,0
76527,0
29218,1
77254,0
103309,0
140166,0
152930,0
119554,0
104406,0
45633,0
78494,0
132157,0
155999,0
5216,1
114465,0
141344,0
51476,0
77686,0
26699,1
16282,1
127369,0
10160,1
25168,1
155591,0
116515,0
150855,0
159404,0
98740,0
6080,1
99190,0
30072,1
53819,0
44801,1
116115,0
127343,0
58155,0
99200,0
1947,1
158647,0
124883,0
68248,0
62885,0
118353,0
129108,0
61548,0
38619,1
3554,1
79131,0
115436,0
83966,0
89707,0
153662,0
93973,0
129747,0
65513,0
93996,0
48711,0
140827,0
13307,1
158219,0
81460,0
10407,1
121276,0
129755,0
81849,0
103013,0
124704,0
71181,0
133613,0
58164,0
157030,0
159565,0
13104,1
91868,0
118296,0
117577,0
114898,0
86090,0
12068,1
38036,1
120714,0
90532,0
40463,1
65000,0
48716,0
135439,0
49614,0
92541,0
4591,1
15634,1
154265,0
28148,1
14666,1
35244,1
123796,0
100913,0
73244,0
90678,0
71073,0
73579,0
132811,0
33647,1
157156,0
159637,0
141563,0
1831,1
138578,0
81723,0
76732,0
38541,1
86565,0
25381,1
54963,0
133550,0
53334,0
145794,0
139043,0
56779,0
143494,0
34397,1
79594,0
93545,0
34963,1
68875,0
8093,1
1009,1
75,1
109493,0
157497,0
90929,0
21451,1
47852,0
59153,0
1304,1
6225,1
83832,0
99037,0
19216,1
70782,0
78337,0
96808,0
36625,1
100122,0
38604,1
102362,0
138475,0
42672,1
149925,0
78684,0
103522,0
31647,1
120734,0
134967,0
77067,0
100727,0
48274,0
127837,0
49089,0
534,1
17643,1
34085,1
157006,0
46796,0
10520,1
68336,0
78272,0
114841,0
57339,0
36726,1
40932,1
77328,0
87095,0
17039,1
149720,0
83706,0
150532,0
9760,1
42495,1
59160,0
119300,0
3434,1
83423,0
74476,0
109364,0
56208,0
87022,0
46086,0
5512,1
101179,0
4679,1
107664,0
145194,0
2578,1
106843,0
156455,0
72520,0
7116,1
88384,0
125777,0
83299,0
89472,0
2617,1
157091,0
93315,0
80137,0
6400,1
15643,1
114499,0
141351,0
99570,0
69814,0
97641,0
75332,0
78330,0
135981,0
4794,1
77196,0
19269,1
36500,1
62340,0
159333,0
100616,0
41079,1
23790,1
27166,1
99289,0
3777,1
59947,0
60267,0
65641,0
61969,0
99290,0
116377,0
133475,0
72874,0
61989,0
108309,0
35767,1
108505,0
128893,0
117133,0
3638,1
84724,0
152008,0
91483,0
134124,0
68801,0
5590,1
101972,0
103045,0
94488,0
144393,0
105659,0
48369,0
17663,1
127693,0
139585,0
78661,0
97494,0
9113,1
2304,1
138528,0
77206,0
107541,0
30608,1
124197,0
142379,0
121631,0
81047,0
149763,0
137915,0
114449,0
137729,0
139311,0
126354,0
156617,0
1706,1
44970,1
64667,0
111492,0
49088,0
100077,0
117589,0
154764,0
153802,0
6469,1
83808,0
67547,0
38,1
145706,0
57212,0
48709,0
138861,0
8500,1
143722,0
85937,0
38885,1
990,1
112406,0
63904,0
106269,0
105683,0
38267,1
143255,0
7611,1
139869,0
85262,0
99860,0
70255,0
119021,0
90870,0
100668,0
35413,1
5832,1
34855,1
19890,1
85872,0
15792,1
41375,1
42043,1
18088,1
95814,0
90008,0
79348,0
137598,0
80693,0
113562,0
101850,0
7828,1
40178,1
106839,0
153492,0
146943,0
59884,0
100426,0
28554,1
29770,1
511,1
135623,0
153753,0
144782,0
40968,1
25353,1
33836,1
32264,1
87400,0
129372,0
128055,0
127845,0
46121,0
147801,0
84257,0
44781,1
151052,0
133489,0
31642,1
142351,0
33372,1
54672,0
146661,0
17870,1
18016,1
71233,0
142225,0
126308,0
7601,1
68602,0
26872,1
114444,0
78441,0
54359,0
5000,1
24467,1
7058,1
130413,0
8163,1
126580,0
95336,0
155561,0
10833,1
136801,0
90267,0
72772,0
143339,0
77657,0
61376,0
132322,0
90940,0
54566,0
78289,0
48398,0
13827,1
127509,0
128381,0
152370,0
152420,0
38565,1
128099,0
46160,0
80826,0
25970,1
3440,1
3671,1
18355,1
122832,0
95181,0
103219,0
35612,1
128739,0
27241,1
22805,1
154297,0
1077,1
103957,0
91974,0
71941,0
12898,1
66852,0
117933,0
102069,0
156260,0
109051,0
11414,1
43744,1
63114,0
92613,0
125509,0
40333,1
12398,1
64875,0
134058,0
120436,0
58953,0
107040,0
128449,0
94762,0
33264,1
68363,0
77824,0
43998,1
129401,0
143359,0
27529,1
53646,0
26310,1
152665,0
71138,0
155506,0
98743,0
80084,0
137159,0
112787,0
96148,0
2487,1
31483,1
151893,0
75106,0
65878,0
96899,0
21946,1
140207,0
77877,0
148613,0
138663,0
124933,0
128592,0
128187,0
90358,0
46036,0
86864,0
126687,0
101341,0
52207,0
25974,1
71234,0
28853,1
2505,1
111313,0
21589,1
42238,1
51756,0
34078,1
78423,0
80580,0
103355,0
61967,0
63064,0
30856,1
68900,0
53681,0
25445,1
129517,0
142054,0
128815,0
16996,1
62022,0
69436,0
50688,0
38084,1
152785,0
143076,0
102108,0
128745,0
66287,0
31094,1
27359,1
44929,1
249,1
88724,0
152100,0
80819,0
26,1
119666,0
147677,0
49130,0
92387,0
96818,0
158259,0
23535,1
156489,0
26302,1
15077,1
25504,1
39266,1
133078,0
142018,0
158296,0
41748,1
14852,1
139295,0
61670,0
96908,0
120086,0
83796,0
106053,0
152975,0
45362,0
40751,1
66119,0
18815,1
15016,1
111756,0
148936,0
137844,0
148752,0
60816,0
70946,0
131299,0
42226,1
91756,0
47646,0
71453,0
63029,0
124415,0
889,1
69931,0
20187,1
39358,1
125285,0
42929,1
126755,0
30221,1
66986,0
62012,0
117183,0
132040,0
148252,0
154817,0
96967,0
72260,0
131997,0
32599,1
104833,0
86811,0
146877,0
131066,0
39376,1
30075,1
142360,0
70524,0
94652,0
133645,0
149059,0
57499,0
46475,0
13366,1
74961,0
95738,0
82580,0
112625,0
113993,0
81202,0
132972,0
27729,1
1631,1
32764,1
31878,1
14265,1
75537,0
39727,1
103785,0
32645,1
63427,0
108164,0
126536,0
24390,1
98216,0
8282,1
121975,0
90679,0
88926,0
88161,0
23499,1
4995,1
110791,0
55318,0
109619,0
38247,1
65969,0
60188,0
118067,0
7714,1
123344,0
56702,0
104726,0
79084,0
70336,0
33722,1
131620,0
125348,0
59194,0
25973,1
158172,0
30748,1
99651,0
2605,1
95692,0
56096,0
104654,0
45014,1
81664,0
92683,0
150169,0
117743,0
151820,0
65474,0
132367,0
101402,0
46864,0
35590,1
43103,1
108591,0
8435,1
11265,1
94107,0
63577,0
37325,1
7706,1
121983,0
149143,0
103397,0
116948,0
47113,0
88626,0
68631,0
43292,1
32238,1
155288,0
119347,0
69111,0
32380,1
129415,0
21347,1
133003,0
20452,1
154283,0
24369,1
3859,1
67408,0
103010,0
69273,0
45972,0
19904,1
81777,0
17485,1
100200,0
129455,0
81152,0
59545,0
53868,0
10345,1
16163,1
128194,0
41771,1
122652,0
157986,0
31338,1
85469,0
63990,0
58967,0
74786,0
133643,0
78426,0
144467,0
120451,0
109142,0
132894,0
51373,0
73716,0
125875,0
100130,0
113474,0
14874,1
24928,1
50429,0
16977,1
34319,1
17789,1
50141,0
125107,0
93791,0
97756,0
115290,0
15188,1
155142,0
1387,1
30658,1
122882,0
144229,0
19265,1
116729,0
91120,0
63107,0
15889,1
106332,0
1700,1
58024,0
147576,0
148530,0
4878,1
8069,1
32082,1
2766,1
156897,0
156079,0
75647,0
103967,0
92476,0
17117,1
43490,1
139336,0
26710,1
12172,1
144331,0
118499,0
147455,0
9495,1
82130,0
87024,0
34169,1
80742,0
96926,0
84654,0
67036,0
108192,0
111841,0
81316,0
21423,1
14748,1
97885,0
68518,0
127579,0
102746,0
95053,0
123935,0
69606,0
31651,1
152896,0
129938,0
108406,0
69971,0
104958,0
48545,0
84200,0
125315,0
70885,0
30113,1
98005,0
144901,0
153639,0
97164,0
75093,0
63930,0
45514,0
109482,0
82085,0
66651,0
27148,1
4352,1
118778,0
129829,0
121700,0
30635,1
22631,1
144452,0
32145,1
114359,0
47974,0
71475,0
66379,0
155315,0
46367,0
112491,0
130826,0
116114,0
116429,0
26850,1
117549,0
115477,0
66125,0
41906,1
60575,0
157078,0
49215,0
73314,0
65193,0
115343,0
8783,1
33401,1
129740,0
82376,0
26579,1
90106,0
13752,1
100838,0
99710,0
77240,0
48353,0
40884,1
133157,0
132100,0
58753,0
17530,1
114120,0
130452,0
121860,0
2318,1
107972,0
93611,0
84021,0
59456,0
76800,0
57746,0
103392,0
71963,0
29402,1
11339,1
98014,0
48714,0
87759,0
137929,0
112921,0
55067,0
151056,0
4478,1
69725,0
13418,1
22395,1
49474,0
91841,0
99802,0
130484,0
52881,0
63295,0
84961,0
153070,0
36582,1
20850,1
67275,0
50727,0
147596,0
121833,0
1337,1
159745,0
72838,0
20853,1
147360,0
117617,0
50061,0
38804,1
66983,0
45374,0
50145,0
16341,1
93195,0
128620,0
32188,1
157655,0
105599,0
33636,1
18638,1
142383,0
114941,0
138943,0
118623,0
68056,0
110732,0
36814,1
107759,0
25609,1
148759,0
30434,1
90130,0
42924,1
125771,0
19252,1
56479,0
64434,0
137775,0
3036,1
32683,1
76359,0
34440,1
159640,0
128572,0
78015,0
97204,0
83806,0
49373,0
141187,0
153045,0
139580,0
73281,0
110097,0
88981,0
46930,0
77030,0
152017,0
67771,0
81983,0
50571,0
17140,1
95389,0
49892,0
58765,0
19643,1
61275,0
93431,0
1324,1
133460,0
158571,0
101298,0
89403,0
113332,0
145509,0
27429,1
137168,0
51763,0
78314,0
19075,1
154104,0
85637,0
46499,0
141376,0
104369,0
52580,0
141577,0
154136,0
48976,0
158082,0
70118,0
139164,0
51978,0
64103,0
48533,0
1542,1
39382,1
42321,1
14427,1
44316,1
121945,0
107112,0
3035,1
105061,0
204,1
21846,1
96486,0
51185,0
2224,1
40023,1
33498,1
64005,0
152940,0
75562,0
139820,0
41896,1
55227,0
40261,1
39975,1
116971,0
132344,0
20188,1
147393,0
98678,0
61189,0
139212,0
49198,0
51622,0
24386,1
73702,0
109109,0
125491,0
27472,1
40677,1
130312,0
155579,0
134696,0
3624,1
138542,0
108410,0
26551,1
81354,0
10211,1
129213,0
95924,0
119598,0
65112,0
48933,0
113598,0
67131,0
2531,1
31491,1
121947,0
46760,0
8688,1
123794,0
98280,0
102925,0
102311,0
17909,1
23608,1
56957,0
71449,0
92271,0
7547,1
87571,0
79995,0
132418,0
104573,0
123950,0
30424,1
144745,0
62391,0
142014,0
113373,0
74835,0
72000,0
48025,0
5087,1
9269,1
60387,0
34371,1
65884,0
126075,0
129810,0
52770,0
44531,1
29438,1
34785,1
115595,0
118315,0
133736,0
143305,0
66625,0
64833,0
111198,0
102462,0
107543,0
153532,0
20679,1
149995,0
89442,0
26046,1
75315,0
25773,1
12089,1
156534,0
79679,0
57727,0
17333,1
127359,0
87099,0
13692,1
144307,0
111175,0
12053,1
128989,0
38316,1
6339,1
156694,0
36433,1
31564,1
38953,1
140532,0
81268,0
122153,0
41717,1
53102,0
67346,0
123322,0
140671,0
137231,0
77655,0
87955,0
124557,0
37405,1
128046,0
132558,0
73609,0
112696,0
74923,0
37837,1
131507,0
37352,1
53760,0
88603,0
4904,1
120678,0
32116,1
9005,1
14799,1
63942,0
127301,0
140749,0
2588,1
146929,0
37858,1
79484,0
94667,0
100984,0
86704,0
118256,0
1230,1
29461,1
143316,0
41991,1
109865,0
7357,1
29941,1
140422,0
2824,1
128251,0
117025,0
18682,1
153557,0
34878,1
104188,0
125905,0
156876,0
107042,0
129845,0
39953,1
139330,0
96012,0
74989,0
48371,0
54372,0
129465,0
98513,0
40824,1
3699,1
95855,0
11857,1
45024,1
158673,0
81541,0
139349,0
43462,1
53999,0
150496,0
10802,1
31471,1
21269,1
62662,0
40433,1
49695,0
44159,1
102577,0
77060,0
13491,1
33615,1
82340,0
123885,0
45174,0
112943,0
96019,0
79799,0
144444,0
100388,0
146953,0
146240,0
87160,0
80576,0
135034,0
76601,0
83686,0
18489,1
24561,1
85081,0
111809,0
51744,0
110092,0
37118,1
71015,0
112504,0
29948,1
154427,0
83466,0
67566,0
127797,0
155348,0
50485,0
35084,1
70477,0
87006,0
33990,1
99287,0
15318,1
147648,0
150888,0
8681,1
142107,0
48421,0
144278,0
54434,0
20847,1
75802,0
126121,0
138190,0
129070,0
132150,0
122236,0
98921,0
70366,0
115446,0
77229,0
6255,1
88996,0
60199,0
43570,1
66815,0
81151,0
65818,0
40907,1
39587,1
99581,0
76692,0
6227,1
146915,0
115591,0
122076,0
119990,0
133239,0
25426,1
52422,0
155509,0
56570,0
53710,0
77578,0
114360,0
120106,0
51175,0
62686,0
90746,0
35425,1
77558,0
44248,1
131531,0
74171,0
54374,0
134719,0
154967,0
43542,1
143124,0
43539,1
72630,0
72792,0
144493,0
112659,0
100088,0
146897,0
74040,0
143963,0
61537,0
32029,1
39196,1
79291,0
115435,0
27221,1
4966,1
68368,0
35695,1
37864,1
18929,1
131,1
154270,0
18135,1
145987,0
32283,1
80304,0
126896,0
153789,0
10091,1
59567,0
149263,0
49729,0
95816,0
59557,0
98483,0
96168,0
51131,0
49814,0
120349,0
149057,0
7159,1
73279,0
101038,0
124919,0
135496,0
32770,1
152699,0
103106,0
115783,0
61823,0
71833,0
64332,0
77087,0
18018,1
98035,0
149168,0
57226,0
57118,0
140418,0
109866,0
149176,0
86602,0
87399,0
97495,0
37474,1
9609,1
109111,0
72563,0
10960,1
101521,0
115542,0
103574,0
31081,1
145854,0
77084,0
71327,0
148896,0
81768,0
35149,1
118783,0
101199,0
27844,1
46252,0
108297,0
100954,0
48869,0
43582,1
34242,1
5538,1
68362,0
25066,1
152932,0
17162,1
63284,0
71933,0
115020,0
56740,0
17940,1
84446,0
65064,0
1031,1
136297,0
96297,0
105556,0
109899,0
24139,1
3604,1
122662,0
109705,0
114568,0
50545,0
107107,0
95342,0
54659,0
91833,0
37280,1
57236,0
35946,1
64584,0
75306,0
156215,0
118080,0
136722,0
26451,1
96857,0
28075,1
70996,0
5784,1
75708,0
54982,0
109674,0
107049,0
132166,0
89561,0
155251,0
78965,0
113010,0
104720,0
65856,0
130477,0
145214,0
143690,0
82502,0
54357,0
2783,1
41713,1
38696,1
132359,0
151021,0
102323,0
69462,0
84217,0
88040,0
121757,0
66899,0
86684,0
92557,0
14877,1
55492,0
108127,0
54465,0
136042,0
754,1
97619,0
154619,0
100364,0
11153,1
117275,0
136404,0
159649,0
38504,1
114381,0
144796,0
6076,1
122504,0
60578,0
139085,0
157870,0
19444,1
124859,0
39347,1
42677,1
149087,0
82105,0
824,1
47543,0
73055,0
56420,0
60180,0
91212,0
3475,1
60057,0
95938,0
70855,0
3061,1
52007,0
115556,0
88726,0
11149,1
77007,0
89282,0
156251,0
79070,0
67925,0
36358,1
157854,0
63995,0
49062,0
30744,1
15534,1
128221,0
53985,0
144400,0
124354,0
82182,0
109700,0
104005,0
139184,0
98875,0
43328,1
47645,0
58390,0
62637,0
101931,0
58562,0
15017,1
107974,0
91356,0
110601,0
39811,1
72493,0
44337,1
64616,0
24776,1
27673,1
23546,1
46495,0
117269,0
19033,1
2828,1
44670,1
137277,0
59271,0
159688,0
140205,0
46161,0
138777,0
156190,0
141046,0
25462,1
6401,1
129941,0
155765,0
124829,0
144094,0
159288,0
119415,0
72933,0
7689,1
64791,0
89063,0
128161,0
94166,0
54361,0
130753,0
88848,0
43059,1
81807,0
110669,0
11660,1
6379,1
25423,1
106031,0
64809,0
19180,1
131549,0
142068,0
19277,1
21117,1
80156,0
141528,0
57944,0
73964,0
109603,0
129483,0
103123,0
125953,0
101581,0
87924,0
96493,0
23880,1
65210,0
132112,0
98643,0
141397,0
30426,1
136060,0
121774,0
140626,0
54590,0
152018,0
73814,0
14165,1
118508,0
108902,0
98938,0
70264,0
146054,0
70340,0
99661,0
148433,0
10435,1
45553,0
35645,1
106335,0
42468,1
79514,0
86434,0
46828,0
123506,0
152010,0
77300,0
19367,1
98509,0
119621,0
27799,1
40125,1
79032,0
37930,1
1674,1
79283,0
107105,0
126476,0
133226,0
90718,0
150834,0
47065,0
5969,1
29695,1
112698,0
17096,1
158183,0
49169,0
111479,0
137890,0
17745,1
15561,1
97645,0
89371,0
107277,0
41662,1
33577,1
73143,0
159647,0
30918,1
152391,0
35264,1
9456,1
129745,0
99128,0
12335,1
103338,0
156462,0
85115,0
53897,0
84199,0
55796,0
18681,1
148477,0
80085,0
22869,1
110811,0
127385,0
11294,1
27481,1
69681,0
90413,0
60401,0
31970,1
79491,0
111085,0
37612,1
91556,0
67213,0
21736,1
11697,1
84615,0
88830,0
129620,0
152701,0
55147,0
150643,0
132411,0
110622,0
12143,1
75677,0
62149,0
5921,1
36543,1
22860,1
157677,0
61246,0
133649,0
14655,1
90508,0
105143,0
90910,0
123708,0
85481,0
144017,0
103529,0
145904,0
152911,0
13317,1
69504,0
8589,1
14191,1
117344,0
23192,1
37559,1
127501,0
98719,0
105397,0
51230,0
63490,0
117966,0
112841,0
86269,0
45598,0
79067,0
14955,1
106594,0
9744,1
87050,0
23413,1
52887,0
60623,0
55876,0
39576,1
12623,1
41126,1
5168,1
78005,0
72023,0
54808,0
145394,0
52111,0
45077,1
74082,0
158734,0
145851,0
127293,0
116073,0
115673,0
126462,0
149748,0
3102,1
49553,0
72611,0
119236,0
103087,0
21678,1
5530,1
134525,0
81851,0
58834,0
79788,0
154790,0
102976,0
14234,1
120907,0
154255,0
25715,1
85601,0
90329,0
56784,0
95824,0
55978,0
86692,0
3936,1
77836,0
108075,0
33258,1
80713,0
32556,1
54583,0
120094,0
115994,0
86667,0
33112,1
70073,0
67942,0
134279,0
66154,0
49419,0
132773,0
77165,0
58590,0
158393,0
122004,0
73536,0
72036,0
100562,0
114030,0
149000,0
55428,0
18453,1
6593,1
72726,0
65566,0
153884,0
19210,1
152730,0
45701,0
7695,1
88918,0
111440,0
159126,0
90427,0
115674,0
157318,0
49627,0
144214,0
47714,0
71497,0
126119,0
43721,1
33242,1
116631,0
65607,0
46432,0
52442,0
49059,0
146046,0
138079,0
31088,1
1710,1
21760,1
10305,1
91211,0
112700,0
30931,1
48204,0
72467,0
2209,1
85348,0
155226,0
58993,0
157798,0
25294,1
100780,0
51922,0
78816,0
73764,0
4899,1
21742,1
17143,1
83430,0
142871,0
43918,1
153118,0
117446,0
119064,0
9808,1
19477,1
88135,0
109120,0
82745,0
85298,0
156010,0
90199,0
23585,1
2838,1
114463,0
142057,0
100026,0
11802,1
40788,1
138436,0
69881,0
159346,0
128508,0
155748,0
148738,0
41005,1
58064,0
35135,1
22879,1
84356,0
127481,0
47315,0
11168,1
136727,0
89003,0
428,1
124385,0
143329,0
35840,1
148816,0
76135,0
42834,1
36370,1
66268,0
142006,0
123043,0
145102,0
131873,0
39159,1
108713,0
114395,0
93493,0
42718,1
110566,0
95317,0
107446,0
20084,1
32790,1
21626,1
154971,0
145804,0
20866,1
634,1
98123,0
100770,0
128352,0
136320,0
93682,0
120046,0
18261,1
155963,0
10882,1
39735,1
152582,0
119299,0
131088,0
61017,0
28385,1
15465,1
1292,1
112121,0
18537,1
206,1
28429,1
153400,0
39719,1
10096,1
111497,0
103229,0
77784,0
98393,0
119765,0
112718,0
121099,0
152944,0
100216,0
140407,0
154589,0
130762,0
111887,0
62168,0
124147,0
150728,0
96961,0
133395,0
70281,0
118654,0
18049,1
32367,1
68628,0
39085,1
47140,0
7479,1
138844,0
102518,0
100428,0
100985,0
79921,0
121538,0
15123,1
59953,0
89005,0
124433,0
155613,0
48677,0
132693,0
91442,0
143781,0
36529,1
42105,1
684,1
154095,0
38822,1
122071,0
40870,1
125563,0
98066,0
151749,0
112727,0
128259,0
138855,0
48426,0
75345,0
133304,0
133068,0
27058,1
48898,0
152335,0
52017,0
21492,1
107920,0
78130,0
148865,0
149613,0
40755,1
2032,1
146522,0
109634,0
84333,0
93480,0
127542,0
102474,0
112498,0
41881,1
79791,0
83107,0
82214,0
87936,0
129594,0
158208,0
99801,0
147437,0
24195,1
91792,0
143525,0
45845,0
53106,0
37379,1
122371,0
20291,1
115022,0
51239,0
1334,1
144552,0
20612,1
734,1
71317,0
83409,0
101790,0
80326,0
146429,0
157829,0
47248,0
103220,0
97175,0
97848,0
146524,0
105392,0
41237,1
409,1
130922,0
116193,0
117712,0
102786,0
102178,0
87715,0
159633,0
10147,1
87101,0
104482,0
44466,1
59138,0
82730,0
63043,0
98197,0
142200,0
69001,0
77406,0
112901,0
114459,0
144521,0
95739,0
144256,0
8832,1
130102,0
144461,0
157329,0
20826,1
123030,0
124053,0
117811,0
65404,0
18417,1
30648,1
142524,0
84814,0
10264,1
86842,0
71195,0
33303,1
12073,1
37086,1
97048,0
143619,0
29537,1
115278,0
95466,0
82316,0
59896,0
37914,1
31171,1
23527,1
58071,0
153552,0
12783,1
104863,0
147782,0
137565,0
111425,0
149829,0
93132,0
18455,1
124493,0
40146,1
15226,1
80901,0
73293,0
5586,1
43618,1
128102,0
27492,1
10071,1
73580,0
145711,0
59981,0
140523,0
29796,1
79898,0
91667,0
20292,1
36961,1
153980,0
116660,0
135956,0
139942,0
132389,0
144715,0
85983,0
47831,0
98418,0
54425,0
4052,1
86951,0
99943,0
151943,0
146345,0
16510,1
85385,0
38838,1
78243,0
118509,0
106286,0
126591,0
134651,0
28500,1
104485,0
48385,0
100650,0
52933,0
124569,0
63674,0
104218,0
33131,1
41754,1
12251,1
19224,1
7098,1
28534,1
24330,1
150689,0
70841,0
42456,1
92893,0
24123,1
54274,0
78356,0
31134,1
46807,0
130426,0
92201,0
82646,0
5991,1
66823,0
37409,1
145647,0
116580,0
111552,0
96725,0
6790,1
34013,1
133538,0
15883,1
54100,0
112452,0
17409,1
119250,0
127260,0
112444,0
46533,0
10913,1
142649,0
130524,0
152020,0
13025,1
20433,1
157327,0
131935,0
100234,0
12622,1
147193,0
126542,0
153876,0
59272,0
20623,1
152012,0
79043,0
154688,0
42201,1
43403,1
139717,0
86011,0
27609,1
130765,0
36446,1
48480,0
60876,0
85113,0
90366,0
23810,1
149225,0
24226,1
53687,0
71988,0
116416,0
87273,0
87115,0
78383,0
88619,0
125540,0
107388,0
8279,1
112350,0
93522,0
116304,0
127549,0
76304,0
7772,1
110211,0
116876,0
13960,1
146550,0
114996,0
32786,1
147311,0
79787,0
96822,0
36975,1
21664,1
55550,0
614,1
149052,0
1144,1
44044,1
5644,1
65284,0
53177,0
94098,0
152677,0
80569,0
78705,0
149828,0
74407,0
63736,0
110691,0
32317,1
42405,1
84907,0
138914,0
24291,1
139980,0
55048,0
44124,1
80415,0
3226,1
77694,0
26324,1
125864,0
108492,0
89354,0
157899,0
21771,1
38587,1
143527,0
140890,0
87148,0
79812,0
3095,1
129079,0
106783,0
65376,0
20315,1
10337,1
98326,0
69607,0
126451,0
19676,1
4908,1
121808,0
77324,0
159302,0
36189,1
70975,0
126207,0
154941,0
54189,0
142925,0
26894,1
10380,1
96266,0
79792,0
63583,0
138384,0
16105,1
59863,0
44602,1
69966,0
52983,0
134267,0
46831,0
118136,0
157190,0
50493,0
110709,0
39144,1
49074,0
127402,0
5349,1
10247,1
89031,0
32372,1
137194,0
98171,0
98919,0
85995,0
65300,0
128059,0
137855,0
109885,0
159016,0
120519,0
54739,0
10433,1
128619,0
42975,1
69348,0
47185,0
130615,0
84720,0
144697,0
34349,1
155612,0
98248,0
82923,0
137991,0
131311,0
50004,0
120689,0
155389,0
154423,0
149290,0
1591,1
130196,0
32754,1
156846,0
159044,0
103426,0
5363,1
158436,0
14251,1
91596,0
20301,1
28904,1
65102,0
137372,0
153944,0
13771,1
150925,0
141118,0
26313,1
156801,0
139126,0
19830,1
17986,1
21309,1
59797,0
56325,0
32802,1
98180,0
66843,0
158586,0
150807,0
66532,0
16830,1
76437,0
24285,1
744,1
141552,0
51034,0
3524,1
20977,1
45991,0
36802,1
12910,1
55737,0
102217,0
30445,1
16291,1
10187,1
111608,0
94730,0
47894,0
15965,1
90288,0
96191,0
63224,0
72476,0
31191,1
60560,0
13164,1
113440,0
136925,0
119669,0
122835,0
151246,0
152001,0
47170,0
38011,1
16332,1
132294,0
99601,0
6646,1
157312,0
135666,0
10864,1
139297,0
91919,0
104051,0
10304,1
151739,0
80947,0
126180,0
47292,0
157123,0
58463,0
49516,0
98957,0
51825,0
128710,0
59315,0
122994,0
109977,0
88542,0
141940,0
127840,0
20880,1
20197,1
10817,1
72714,0
70396,0
28271,1
22258,1
141297,0
79215,0
99310,0
130431,0
6230,1
116967,0
147243,0
123694,0
34499,1
36494,1
61113,0
2188,1
89480,0
81027,0
31552,1
73275,0
111224,0
50755,0
134346,0
63651,0
8781,1
44076,1
106718,0
94490,0
51902,0
17264,1
155346,0
67315,0
21516,1
43734,1
55238,0
143695,0
58105,0
79857,0
84230,0
106092,0
2217,1
89786,0
62124,0
117588,0
52779,0
47965,0
58397,0
149360,0
22660,1
73344,0
141604,0
151579,0
115926,0
36057,1
126770,0
158149,0
62480,0
39254,1
6495,1
24768,1
35325,1
50368,0
51886,0
61563,0
74875,0
82476,0
37610,1
97976,0
96155,0
93964,0
75714,0
122559,0
9647,1
145549,0
103248,0
17831,1
118396,0
66233,0
2636,1
45153,0
85044,0
99629,0
149017,0
146161,0
8158,1
159006,0
31174,1
50519,0
117906,0
114696,0
31039,1
16257,1
4694,1
102020,0
131822,0
136696,0
15108,1
6281,1
113328,0
133447,0
85188,0
74398,0
145481,0
143584,0
94269,0
73753,0
72687,0
105458,0
71476,0
134294,0
12989,1
111148,0
61427,0
152812,0
79510,0
85944,0
49147,0
122579,0
89241,0
14497,1
83908,0
77704,0
72128,0
56896,0
61203,0
152882,0
124833,0
54055,0
117008,0
70586,0
111969,0
92680,0
23543,1
26070,1
121825,0
1300,1
70739,0
13812,1
41163,1
155875,0
69624,0
86802,0
121049,0
93735,0
28097,1
131342,0
145359,0
54058,0
54683,0
119030,0
75263,0
695,1
28220,1
22907,1
9498,1
128695,0
59009,0
10711,1
60740,0
83737,0
61360,0
152227,0
62801,0
88545,0
54603,0
73041,0
2528,1
25487,1
61944,0
27466,1
78586,0
45558,0
122272,0
1856,1
104455,0
153509,0
80845,0
137516,0
114271,0
29751,1
22810,1
156805,0
84718,0
152056,0
104774,0
40411,1
55445,0
32848,1
124587,0
60475,0
86347,0
122645,0
127467,0
130021,0
86706,0
107721,0
100853,0
84554,0
43921,1
29677,1
64403,0
101422,0
120172,0
28516,1
135907,0
105724,0
35033,1
21311,1
77973,0
44660,1
103382,0
48454,0
73842,0
4147,1
94350,0
52329,0
12666,1
152890,0
22189,1
84023,0
152168,0
112094,0
134954,0
157787,0
130532,0
98908,0
129576,0
154985,0
12881,1
91661,0
97653,0
90739,0
102078,0
111364,0
66974,0
129834,0
40770,1
56007,0
29417,1
123645,0
95542,0
21007,1
152822,0
43070,1
60566,0
57622,0
49867,0
60654,0
138088,0
116256,0
30404,1
1823,1
152180,0
101101,0
23763,1
34097,1
144651,0
21128,1
38946,1
39622,1
76711,0
44000,1
139239,0
148200,0
45776,0
45232,0
103872,0
67236,0
61887,0
17034,1
4542,1
81006,0
52399,0
115876,0
21496,1
24030,1
62510,0
26738,1
115280,0
136006,0
20964,1
105812,0
105721,0
121552,0
32069,1
4814,1
127072,0
7857,1
4578,1
66847,0
119257,0
104902,0
30026,1
53359,0
145724,0
82679,0
44847,1
24157,1
90623,0
47085,0
102010,0
3914,1
28252,1
110089,0
138759,0
95392,0
84977,0
40963,1
33251,1
76231,0
5777,1
158615,0
43217,1
40212,1
31396,1
159227,0
51882,0
86361,0
27903,1
154852,0
118995,0
139337,0
1149,1
92141,0
52606,0
58924,0
64562,0
53686,0
86236,0
81386,0
124662,0
65057,0
150780,0
148030,0
104809,0
130389,0
129979,0
82804,0
62423,0
72289,0
128467,0
35680,1
98218,0
154708,0
135865,0
45351,0
348,1
26763,1
53048,0
43041,1
65775,0
12892,1
104805,0
108639,0
17633,1
78018,0
140664,0
96227,0
31827,1
95913,0
135399,0
105953,0
34179,1
30881,1
37623,1
28288,1
145442,0
46075,0
15169,1
80171,0
111549,0
129421,0
82331,0
59246,0
134539,0
157199,0
108568,0
74176,0
72014,0
26928,1
68078,0
138235,0
8547,1
22136,1
68499,0
115716,0
130860,0
130089,0
57260,0
99359,0
121545,0
73514,0
96057,0
132169,0
31628,1
62601,0
16931,1
17941,1
99517,0
106048,0
94189,0
81966,0
123613,0
94514,0
82204,0
51748,0
59777,0
159065,0
76173,0
22915,1
120460,0
43557,1
92797,0
128200,0
131842,0
102140,0
14365,1
22861,1
79833,0
12605,1
38344,1
44596,1
27306,1
113732,0
20456,1
1060,1
32584,1
76151,0
88417,0
31086,1
130670,0
147979,0
9216,1
144382,0
50258,0
117973,0
40453,1
14984,1
147783,0
55374,0
132268,0
78680,0
59654,0
40961,1
143254,0
27025,1
117530,0
47786,0
65165,0
131175,0
52368,0
124008,0
70486,0
14899,1
27767,1
12997,1
113289,0
158967,0
30828,1
10375,1
67049,0
100747,0
94638,0
20061,1
120758,0
85846,0
13169,1
26219,1
37754,1
8571,1
55496,0
35261,1
60645,0
65481,0
112297,0
29702,1
16529,1
59740,0
36372,1
95391,0
78293,0
154285,0
16354,1
65542,0
152833,0
66469,0
56745,0
49754,0
30726,1
134052,0
48237,0
152252,0
159576,0
72931,0
88705,0
68227,0
7009,1
156165,0
82822,0
10034,1
150835,0
130779,0
115751,0
83079,0
31276,1
56594,0
75416,0
59786,0
18715,1
128605,0
53515,0
55556,0
20181,1
15124,1
14372,1
54348,0
64169,0
63476,0
90819,0
8807,1
159010,0
63267,0
125942,0
133298,0
106267,0
19980,1
112317,0
55385,0
31734,1
10800,1
93244,0
149343,0
58677,0
112411,0
90569,0
112195,0
132313,0
12667,1
95368,0
38795,1
98638,0
28026,1
156579,0
126327,0
81565,0
9493,1
107293,0
64017,0
60803,0
11794,1
132677,0
23677,1
1724,1
40620,1
71252,0
58217,0
66676,0
111777,0
44890,1
58186,0
15036,1
74940,0
137683,0
73042,0
155243,0
146029,0
109834,0
94148,0
44233,1
26652,1
39198,1
85363,0
4674,1
134187,0
5906,1
105857,0
51375,0
69698,0
38728,1
127198,0
90841,0
131765,0
90022,0
158241,0
35925,1
83457,0
112652,0
42062,1
31035,1
16984,1
120013,0
131762,0
53598,0
125700,0
72197,0
133454,0
130023,0
14653,1
138451,0
9156,1
78167,0
19059,1
75270,0
142695,0
67820,0
153043,0
137548,0
147494,0
63400,0
33226,1
107139,0
71021,0
120244,0
22507,1
61889,0
93582,0
95585,0
111076,0
6921,1
135298,0
23612,1
99194,0
6428,1
22960,1
137914,0
139386,0
154379,0
146110,0
57867,0
114024,0
30233,1
71796,0
54930,0
147530,0
133148,0
114516,0
81591,0
145124,0
40832,1
817,1
122165,0
112997,0
142628,0
85485,0
114548,0
149902,0
24658,1
146229,0
97860,0
94991,0
105572,0
2043,1
15097,1
92635,0
98762,0
19417,1
13053,1
158826,0
120672,0
112584,0
74207,0
104889,0
6442,1
100715,0
31593,1
93509,0
53434,0
879,1
109935,0
13561,1
21691,1
60215,0
125125,0
98824,0
13238,1
106970,0
108972,0
92722,0
123465,0
147682,0
1168,1
43062,1
97563,0
30578,1
134224,0
18619,1
10139,1
36328,1
37311,1
45072,1
21340,1
39917,1
73084,0
135916,0
74516,0
63702,0
51436,0
8462,1
155254,0
2094,1
152433,0
49050,0
100706,0
71755,0
42629,1
50722,0
101773,0
11310,1
2668,1
13008,1
21234,1
114115,0
42,1
85208,0
108986,0
14990,1
70773,0
31798,1
124120,0
69627,0
94718,0
7640,1
104899,0
80874,0
136830,0
146718,0
74604,0
118862,0
122942,0
93574,0
148696,0
35574,1
14467,1
155118,0
126729,0
116678,0
17108,1
56807,0
5658,1
105034,0
111079,0
112690,0
157669,0
159724,0
27936,1
127647,0
87570,0
153843,0
29101,1
18951,1
72084,0
6892,1
105130,0
58874,0
4160,1
101427,0
73560,0
123299,0
103274,0
101136,0
132535,0
55817,0
157739,0
86210,0
75591,0
21795,1
51078,0
121653,0
92148,0
99635,0
50013,0
80412,0
117737,0
32651,1
154881,0
114935,0
135517,0
22436,1
92112,0
151493,0
83875,0
156756,0
88347,0
28397,1
149640,0
125922,0
155989,0
87962,0
122943,0
59438,0
101514,0
17352,1
146859,0
157330,0
14836,1
13846,1
25325,1
86927,0
11466,1
86892,0
78897,0
155174,0
159759,0
132058,0
50272,0
25638,1
159300,0
122737,0
87469,0
5807,1
121406,0
47154,0
93912,0
21805,1
114144,0
47088,0
46033,0
110093,0
88423,0
109881,0
143217,0
123313,0
123771,0
118789,0
59982,0
61785,0
33025,1
51591,0
131979,0
840,1
98237,0
38262,1
109957,0
96879,0
75113,0
147984,0
24852,1
158101,0
5700,1
88917,0
81409,0
106084,0
108785,0
34020,1
100696,0
64506,0
29708,1
24052,1
118097,0
137387,0
147508,0
1774,1
37453,1
65510,0
17136,1
136047,0
18846,1
89748,0
139915,0
3401,1
97533,0
141196,0
133946,0
98017,0
39833,1
128138,0
65156,0
9403,1
19751,1
105310,0
131377,0
70421,0
133783,0
132063,0
107337,0
94791,0
93337,0
70812,0
79571,0
11424,1
48925,0
102825,0
60751,0
27409,1
78644,0
31096,1
137252,0
142342,0
148052,0
22075,1
131705,0
125738,0
37404,1
87114,0
53198,0
7458,1
62043,0
124684,0
144453,0
98574,0
127250,0
120190,0
105538,0
99732,0
31443,1
76967,0
26534,1
113382,0
20334,1
66418,0
20152,1
116008,0
37156,1
88419,0
18938,1
72283,0
115746,0
74703,0
4742,1
5721,1
17982,1
151952,0
46002,0
6096,1
115358,0
112817,0
35708,1
118069,0
122048,0
103968,0
135434,0
146756,0
131353,0
93679,0
71932,0
120919,0
122160,0
38013,1
145993,0
55398,0
103603,0
114336,0
148767,0
99152,0
131129,0
56459,0
128782,0
23110,1
26169,1
124042,0
130530,0
117707,0
138739,0
91751,0
46640,0
12412,1
39199,1
54338,0
97230,0
26437,1
156454,0
58004,0
116220,0
135069,0
133238,0
26391,1
150832,0
123750,0
156436,0
59174,0
8936,1
107338,0
74438,0
41282,1
86941,0
110244,0
148448,0
57539,0
94924,0
6546,1
12734,1
122899,0
100868,0
119504,0
150594,0
90392,0
128796,0
127929,0
106008,0
92629,0
82852,0
130106,0
139804,0
78348,0
63538,0
49288,0
99599,0
121098,0
88144,0
109462,0
39183,1
97208,0
87825,0
52047,0
16152,1
25577,1
14697,1
103534,0
61374,0
52308,0
65029,0
87443,0
66659,0
103152,0
77673,0
121667,0
94258,0
80683,0
34619,1
114423,0
41132,1
53503,0
70658,0
67625,0
132903,0
44877,1
973,1
50214,0
80187,0
98376,0
4526,1
96464,0
50546,0
133799,0
110313,0
20054,1
45915,0
151389,0
47439,0
147006,0
103923,0
27657,1
147485,0
143846,0
1563,1
122635,0
34088,1
136902,0
119966,0
26930,1
14555,1
82062,0
110560,0
137218,0
97667,0
132546,0
11561,1
2961,1
24530,1
130560,0
48225,0
93086,0
39870,1
158898,0
146920,0
16309,1
33886,1
11886,1
86350,0
76621,0
119183,0
59737,0
31713,1
105346,0
15309,1
13891,1
121912,0
123473,0
26141,1
6900,1
151459,0
146260,0
68954,0
3644,1
157422,0
16049,1
42478,1
99862,0
60029,0
78538,0
92289,0
61342,0
57522,0
157892,0
31213,1
74318,0
114033,0
152032,0
76702,0
89296,0
12377,1
36132,1
24707,1
75420,0
148650,0
79619,0
51551,0
79661,0
80900,0
36216,1
101528,0
21462,1
67020,0
58561,0
113824,0
94419,0
154341,0
36419,1
62295,0
51713,0
133495,0
115412,0
30140,1
26274,1
10200,1
97447,0
4008,1
158242,0
91385,0
113271,0
63360,0
25828,1
27014,1
82899,0
82274,0
113834,0
108779,0
27307,1
11598,1
42088,1
115864,0
83537,0
75587,0
81602,0
54573,0
79552,0
133314,0
43975,1
28527,1
49019,0
15997,1
96841,0
145917,0
130815,0
51520,0
127965,0
118895,0
18950,1
140701,0
84614,0
8076,1
146930,0
134697,0
32618,1
138652,0
137329,0
3665,1
112030,0
20154,1
51204,0
118791,0
57303,0
50305,0
82962,0
68066,0
103261,0
75031,0
46852,0
72076,0
60193,0
137717,0
129657,0
12433,1
149550,0
131122,0
89650,0
73419,0
152201,0
142639,0
102587,0
128557,0
3502,1
80904,0
3813,1
9222,1
146693,0
63134,0
139166,0
79830,0
93341,0
137016,0
41151,1
37006,1
75075,0
2637,1
72416,0
83681,0
149077,0
110974,0
133090,0
35499,1
143486,0
74526,0
76216,0
113313,0
150837,0
144872,0
146908,0
28186,1
16744,1
149663,0
119643,0
159058,0
133996,0
106655,0
25291,1
18360,1
51820,0
21306,1
52700,0
111446,0
81210,0
86285,0
143612,0
125819,0
158088,0
106848,0
25698,1
51319,0
4356,1
148959,0
113573,0
142055,0
33850,1
48203,0
126609,0
86839,0
63467,0
17186,1
35311,1
91888,0
57319,0
38419,1
2663,1
62415,0
8540,1
120625,0
60527,0
112402,0
30835,1
45313,0
7140,1
81874,0
49536,0
39638,1
5451,1
91824,0
123107,0
47491,0
15943,1
85956,0
58593,0
154956,0
106573,0
58927,0
63438,0
64007,0
108167,0
53737,0
61825,0
143420,0
77330,0
10203,1
53327,0
121110,0
66405,0
44706,1
155185,0
153465,0
29878,1
16060,1
105038,0
65017,0
48280,0
7568,1
102282,0
151168,0
72671,0
125687,0
90524,0
105582,0
5403,1
78063,0
67278,0
27377,1
101324,0
12958,1
129757,0
143468,0
91808,0
114688,0
37016,1
72258,0
34587,1
7447,1
47018,0
106535,0
158690,0
27003,1
118135,0
105125,0
64768,0
117595,0
37316,1
13421,1
63659,0
46162,0
149863,0
119112,0
73831,0
115930,0
28793,1
118595,0
72560,0
2319,1
4661,1
14342,1
15812,1
114687,0
80301,0
75157,0
122587,0
22453,1
155023,0
81821,0
115818,0
3058,1
113150,0
112188,0
53248,0
159396,0
84698,0
147754,0
40430,1
97438,0
62125,0
65768,0
76364,0
109565,0
147567,0
127414,0
27283,1
16411,1
144175,0
99130,0
109510,0
101883,0
39897,1
78858,0
42233,1
22734,1
49374,0
87442,0
121935,0
19474,1
14519,1
76882,0
60648,0
80295,0
122340,0
56547,0
71350,0
7339,1
121000,0
96400,0
92179,0
39480,1
47673,0
133537,0
114196,0
154884,0
49624,0
20928,1
9747,1
22297,1
52121,0
39499,1
97702,0
133373,0
68393,0
58939,0
20391,1
23249,1
75085,0
56696,0
120680,0
136392,0
136482,0
54352,0
136692,0
29904,1
80296,0
145969,0
85355,0
108956,0
6031,1
73337,0
158442,0
78792,0
83462,0
33281,1
30814,1
154171,0
63075,0
9517,1
32635,1
22811,1
135810,0
12735,1
39320,1
15025,1
79893,0
107155,0
87932,0
63972,0
57225,0
70811,0
39031,1
11973,1
68477,0
1193,1
58311,0
139791,0
37539,1
141539,0
27125,1
118157,0
113048,0
155600,0
54008,0
80072,0
12157,1
89966,0
94434,0
143347,0
84317,0
5258,1
6305,1
134180,0
39298,1
34066,1
43044,1
70249,0
58611,0
135388,0
104266,0
120968,0
32024,1
126138,0
109836,0
24173,1
153470,0
11858,1
121338,0
98597,0
3820,1
62104,0
138184,0
18189,1
154867,0
152321,0
35452,1
36247,1
80315,0
89531,0
41885,1
118661,0
11833,1
99298,0
147763,0
45,1
144621,0
89507,0
156527,0
487,1
84061,0
46084,0
98838,0
33548,1
93006,0
85765,0
89115,0
62277,0
78694,0
18780,1
97697,0
81194,0
143012,0
104888,0
144580,0
63826,0
58644,0
12742,1
130948,0
55985,0
65201,0
97391,0
144744,0
151473,0
62103,0
6484,1
6931,1
90279,0
147287,0
62384,0
25875,1
115833,0
48577,0
47962,0
110615,0
151010,0
105937,0
106354,0
94592,0
43496,1
97625,0
115376,0
134357,0
8368,1
48101,0
121685,0
95352,0
103832,0
138400,0
125656,0
47616,0
37324,1
125886,0
33104,1
35262,1
118546,0
66054,0
26327,1
83565,0
37333,1
52002,0
140152,0
159431,0
63561,0
81572,0
104621,0
93825,0
106067,0
18785,1
103814,0
124607,0
150793,0
7685,1
115337,0
91105,0
26613,1
54748,0
67750,0
13773,1
138985,0
130194,0
125511,0
138119,0
53807,0
8730,1
98971,0
40379,1
151934,0
127681,0
78073,0
128511,0
87129,0
99807,0
92165,0
84833,0
128341,0
81596,0
70371,0
37675,1
123629,0
59411,0
92367,0
145830,0
70569,0
141822,0
157990,0
78575,0
116537,0
76910,0
121315,0
25015,1
146531,0
58093,0
158733,0
54409,0
28805,1
36489,1
138066,0
60887,0
112285,0
25540,1
40476,1
34209,1
150104,0
25002,1
67411,0
28514,1
65602,0
43421,1
96814,0
112246,0
141338,0
143600,0
79586,0
135300,0
56345,0
35859,1
136912,0
109345,0
591,1
39281,1
80251,0
95553,0
97173,0
158003,0
34709,1
150625,0
89808,0
98589,0
96684,0
42222,1
17203,1
75701,0
35963,1
150804,0
9210,1
48804,0
124513,0
51220,0
112299,0
56910,0
127951,0
132397,0
159577,0
45476,0
141661,0
98124,0
8337,1
59917,0
38118,1
108650,0
20844,1
125765,0
80639,0
78509,0
117138,0
117313,0
112494,0
130848,0
48120,0
4324,1
158472,0
31698,1
4824,1
127807,0
38825,1
132000,0
75383,0
121801,0
146353,0
158601,0
43260,1
8149,1
116370,0
60703,0
85289,0
53642,0
82345,0
154914,0
121267,0
149552,0
27893,1
135651,0
19445,1
79702,0
26285,1
7796,1
144492,0
101559,0
69915,0
113179,0
111421,0
91694,0
125820,0
134615,0
61412,0
19559,1
72462,0
85293,0
134713,0
135750,0
117949,0
155954,0
94524,0
11175,1
13813,1
25000,1
101489,0
101242,0
71440,0
21323,1
153441,0
77832,0
152255,0
155626,0
60384,0
122302,0
158610,0
136851,0
105904,0
26769,1
15591,1
56177,0
7012,1
26305,1
45480,0
56637,0
120837,0
139527,0
7927,1
109927,0
153450,0
21498,1
80975,0
96790,0
43495,1
149539,0
118953,0
17077,1
439,1
148825,0
141713,0
103745,0
16404,1
80397,0
10289,1
109543,0
120840,0
28247,1
68555,0
127067,0
135424,0
16576,1
66806,0
56585,0
98096,0
20125,1
107932,0
159295,0
67685,0
141735,0
145119,0
132665,0
16391,1
76684,0
21605,1
24898,1
92394,0
26957,1
78616,0
145500,0
22635,1
75350,0
98314,0
151530,0
133296,0
7637,1
39216,1
127920,0
137419,0
108918,0
75461,0
132513,0
152554,0
149975,0
31603,1
113522,0
73808,0
61244,0
107970,0
41362,1
100267,0
148061,0
13543,1
62352,0
156463,0
16147,1
131996,0
150046,0
119297,0
96009,0
142104,0
20837,1
47919,0
134226,0
50234,0
32398,1
56511,0
78393,0
93633,0
42641,1
66289,0
31054,1
126232,0
108820,0
6257,1
152403,0
45753,0
88859,0
111907,0
86424,0
13744,1
112027,0
142669,0
39679,1
143187,0
90457,0
97093,0
5261,1
22862,1
59635,0
69016,0
77034,0
7929,1
154354,0
143499,0
154271,0
71694,0
68388,0
119844,0
113917,0
105889,0
144423,0
95883,0
9087,1
128549,0
37727,1
105006,0
108324,0
138970,0
53941,0
159335,0
99591,0
8375,1
69922,0
112987,0
43377,1
148604,0
137029,0
1423,1
67523,0
133150,0
7100,1
39218,1
43446,1
125768,0
34665,1
84912,0
48007,0
24579,1
3674,1
5774,1
92924,0
96173,0
36008,1
139760,0
69042,0
74509,0
40777,1
62536,0
54708,0
4971,1
50894,0
51968,0
82283,0
67963,0
97883,0
111575,0
53484,0
30677,1
88092,0
16030,1
114777,0
94636,0
90262,0
54001,0
68813,0
74091,0
7270,1
49561,0
65212,0
83838,0
60260,0
11395,1
52698,0
60285,0
44833,1
102551,0
104890,0
48390,0
76223,0
141628,0
134333,0
12154,1
128513,0
3485,1
113203,0
104521,0
65096,0
146192,0
109483,0
109821,0
12311,1
34847,1
138604,0
120767,0
25427,1
68005,0
98411,0
39987,1
152516,0
37081,1
116928,0
90949,0
74410,0
34029,1
150550,0
45406,0
122960,0
16951,1
27615,1
125250,0
149187,0
125690,0
58299,0
35328,1
52097,0
72583,0
97259,0
82740,0
93036,0
148307,0
95983,0
19123,1
108883,0
99011,0
79968,0
95593,0
109222,0
55077,0
28215,1
72728,0
24597,1
5868,1
53994,0
101157,0
21975,1
57776,0
86393,0
121650,0
131064,0
47388,0
75253,0
71579,0
42940,1
128987,0
102401,0
84706,0
37454,1
46072,0
155775,0
100876,0
59491,0
126132,0
74666,0
24,1
80625,0
104126,0
89818,0
51719,0
46026,0
100286,0
38010,1
17793,1
123815,0
48644,0
151237,0
105244,0
132483,0
129457,0
131049,0
83090,0
45180,0
30533,1
97783,0
143101,0
62849,0
59462,0
72903,0
69030,0
51889,0
152036,0
90948,0
91706,0
125277,0
12664,1
49825,0
72870,0
33713,1
79148,0
152522,0
3837,1
49875,0
45394,0
23161,1
53202,0
148621,0
18584,1
125832,0
111269,0
493,1
25452,1
85564,0
54521,0
98349,0
150632,0
3746,1
85438,0
120346,0
64964,0
140239,0
35698,1
109000,0
52714,0
54538,0
147223,0
90886,0
130371,0
128392,0
9303,1
83879,0
9166,1
14313,1
11199,1
82494,0
66351,0
127081,0
154595,0
35076,1
133440,0
69988,0
89975,0
55585,0
151986,0
12041,1
44311,1
99050,0
113784,0
53252,0
111340,0
119664,0
119095,0
97394,0
84684,0
111851,0
90661,0
135923,0
143948,0
23030,1
96618,0
156469,0
122377,0
80181,0
5909,1
10462,1
44991,1
62756,0
50448,0
15793,1
8365,1
26181,1
60416,0
7880,1
87991,0
16859,1
104076,0
23351,1
99087,0
24670,1
102850,0
58673,0
51062,0
66578,0
37345,1
153653,0
48310,0
140907,0
121486,0
70607,0
61735,0
22789,1
126847,0
145710,0
124247,0
92840,0
7389,1
103760,0
115340,0
59705,0
92776,0
86541,0
39840,1
140969,0
74079,0
51567,0
139229,0
29747,1
139771,0
92937,0
103788,0
30428,1
42695,1
59038,0
129147,0
111342,0
112945,0
10965,1
108442,0
138834,0
125584,0
7723,1
67680,0
81465,0
145739,0
8437,1
107391,0
26653,1
69995,0
84756,0
21574,1
73447,0
155476,0
110663,0
106592,0
71940,0
45119,0
121235,0
10272,1
71504,0
138983,0
104013,0
33685,1
4592,1
153697,0
29385,1
146006,0
27188,1
91538,0
27160,1
27162,1
102941,0
110697,0
149283,0
151914,0
131250,0
12776,1
2223,1
48150,0
29495,1
94662,0
104391,0
158515,0
55211,0
141021,0
131487,0
158050,0
122245,0
141871,0
84876,0
136237,0
96112,0
119108,0
114039,0
144195,0
49436,0
83234,0
101239,0
53228,0
140008,0
152887,0
51046,0
33132,1
83580,0
108097,0
4717,1
148158,0
63087,0
17504,1
42567,1
122207,0
152826,0
83394,0
153053,0
119372,0
54060,0
67987,0
143118,0
13717,1
96491,0
102606,0
90167,0
149132,0
20081,1
108754,0
1603,1
14168,1
144763,0
50784,0
22686,1
58382,0
67873,0
117703,0
41265,1
156625,0
105611,0
69635,0
114281,0
121065,0
36505,1
155709,0
78163,0
58764,0
129296,0
12034,1
71695,0
139923,0
14188,1
96499,0
103256,0
26059,1
153183,0
129385,0
59294,0
75519,0
95009,0
112728,0
16192,1
107041,0
26075,1
153412,0
15392,1
37043,1
66408,0
100680,0
68466,0
45923,0
153266,0
134409,0
8053,1
90069,0
81718,0
81305,0
115345,0
75610,0
147527,0
74513,0
25320,1
66665,0
152938,0
139635,0
14271,1
69917,0
26487,1
44431,1
19201,1
91324,0
34569,1
123761,0
139877,0
104865,0
70999,0
57651,0
43536,1
30037,1
150974,0
18705,1
54774,0
9843,1
148807,0
115172,0
71765,0
54052,0
54826,0
73082,0
154600,0
68936,0
24905,1
83604,0
120657,0
140317,0
147388,0
29916,1
154557,0
96462,0
134326,0
44289,1
36651,1
69157,0
58461,0
55881,0
108175,0
159634,0
26204,1
121355,0
68998,0
71956,0
59117,0
83955,0
80851,0
2255,1
2693,1
156996,0
23449,1
121001,0
31708,1
87788,0
85155,0
25777,1
149485,0
159343,0
26493,1
33110,1
135612,0
53971,0
45951,0
24269,1
148029,0
91464,0
137964,0
84008,0
56643,0
33339,1
154097,0
94998,0
47734,0
132508,0
88111,0
17194,1
61478,0
136677,0
33695,1
3029,1
48131,0
42443,1
14989,1
39577,1
133833,0
103992,0
151997,0
73267,0
7099,1
56016,0
54896,0
117920,0
155445,0
3584,1
90851,0
95349,0
60994,0
46176,0
132996,0
32767,1
122356,0
106238,0
113379,0
59115,0
80852,0
971,1
42741,1
115634,0
154981,0
79918,0
99824,0
56587,0
56946,0
24749,1
64678,0
50591,0
43451,1
79163,0
35745,1
28037,1
131938,0
96980,0
17910,1
155303,0
83559,0
57752,0
15464,1
23265,1
64338,0
3549,1
143292,0
60255,0
110180,0
6642,1
112481,0
17919,1
94497,0
159486,0
150502,0
103292,0
110434,0
131714,0
108126,0
52566,0
159390,0
65287,0
35009,1
128509,0
12548,1
92102,0
78297,0
39342,1
60995,0
13338,1
13404,1
22201,1
48944,0
91619,0
4850,1
126221,0
209,1
84289,0
88355,0
45156,0
155291,0
146939,0
121655,0
41791,1
153902,0
116465,0
102266,0
104940,0
153565,0
138687,0
59813,0
147545,0
28171,1
138050,0
4011,1
14087,1
21204,1
78741,0
149974,0
24116,1
84135,0
105588,0
103901,0
70929,0
125607,0
34755,1
68747,0
157709,0
3041,1
138930,0
129335,0
46414,0
131987,0
110254,0
118354,0
119573,0
13751,1
143961,0
61810,0
34986,1
125551,0
39921,1
121182,0
19437,1
54742,0
66810,0
54897,0
33505,1
129426,0
24600,1
9594,1
120816,0
105358,0
13092,1
50162,0
147681,0
83019,0
11170,1
62940,0
119944,0
112500,0
71433,0
16207,1
149575,0
120212,0
149527,0
81843,0
65490,0
152436,0
635,1
35099,1
137461,0
155355,0
83934,0
71945,0
130728,0
42593,1
26568,1
108573,0
89925,0
2467,1
22644,1
115811,0
28433,1
102509,0
116197,0
34950,1
95288,0
133264,0
110073,0
137070,0
108155,0
78370,0
80230,0
158239,0
146113,0
20073,1
29862,1
123722,0
132346,0
112161,0
24278,1
66591,0
120779,0
135669,0
6754,1
54993,0
74016,0
146871,0
30042,1
16114,1
126095,0
60334,0
130587,0
8546,1
9763,1
100430,0
99910,0
122029,0
96394,0
65628,0
72087,0
14847,1
83626,0
132109,0
91088,0
119890,0
111766,0
47569,0
114792,0
59239,0
136037,0
125784,0
13215,1
97451,0
84182,0
28472,1
24614,1
87832,0
111792,0
145511,0
132995,0
93880,0
97441,0
159761,0
14794,1
9951,1
112896,0
31103,1
109287,0
81605,0
69303,0
47400,0
28266,1
111965,0
34912,1
61865,0
24747,1
20859,1
49870,0
71428,0
125366,0
121870,0
37987,1
918,1
8742,1
128957,0
28141,1
61384,0
62488,0
144758,0
60118,0
46784,0
84058,0
150895,0
156891,0
75788,0
93568,0
48779,0
136273,0
3565,1
97775,0
61229,0
46692,0
52871,0
137517,0
37869,1
83520,0
60135,0
65946,0
123249,0
125094,0
93335,0
4133,1
33680,1
42061,1
26636,1
151183,0
50620,0
64009,0
93878,0
51927,0
153006,0
149790,0
120553,0
63809,0
98457,0
135520,0
133262,0
45114,0
120397,0
53118,0
142881,0
19046,1
17517,1
57655,0
73485,0
150444,0
78867,0
17288,1
33046,1
50226,0
32985,1
114600,0
151537,0
68959,0
152754,0
66149,0
132312,0
92349,0
122852,0
159599,0
40810,1
139776,0
13251,1
151235,0
61922,0
65124,0
4231,1
3683,1
105811,0
128555,0
44480,1
42057,1
104451,0
82196,0
11668,1
15126,1
18257,1
60996,0
48087,0
77665,0
145667,0
59378,0
71498,0
150084,0
142143,0
155807,0
63222,0
31801,1
52318,0
14321,1
79936,0
133882,0
150407,0
15626,1
3523,1
117945,0
147668,0
103139,0
64757,0
125502,0
13285,1
61811,0
87421,0
94009,0
45683,0
87367,0
84687,0
31257,1
127078,0
2830,1
94493,0
1745,1
18510,1
153920,0
144103,0
134799,0
135921,0
125533,0
140036,0
25673,1
117968,0
128528,0
49999,0
148928,0
135189,0
63975,0
31470,1
36492,1
125646,0
34491,1
111064,0
48740,0
157049,0
102807,0
100132,0
118138,0
83709,0
145637,0
30257,1
57306,0
89098,0
93500,0
135114,0
149571,0
38752,1
107129,0
136516,0
63861,0
124228,0
84457,0
8890,1
5631,1
137114,0
35290,1
23364,1
40999,1
75154,0
42289,1
112240,0
156336,0
55353,0
58584,0
122940,0
116958,0
122243,0
118680,0
31781,1
137934,0
147194,0
10228,1
67122,0
65757,0
19615,1
25900,1
12600,1
97510,0
12544,1
133825,0
34562,1
100908,0
16712,1
110059,0
149292,0
71752,0
119282,0
17595,1
44434,1
131781,0
156547,0
143054,0
68108,0
38988,1
47337,0
39739,1
82711,0
2724,1
11759,1
34079,1
150706,0
124436,0
47761,0
12442,1
53125,0
111084,0
69166,0
114496,0
150441,0
18888,1
106356,0
145989,0
153028,0
152511,0
114344,0
54760,0
86111,0
33889,1
83002,0
72513,0
97124,0
137531,0
34455,1
84310,0
20416,1
36736,1
113712,0
446,1
810,1
76003,0
131271,0
105600,0
124285,0
8989,1
140800,0
144755,0
84055,0
38905,1
2463,1
142221,0
159580,0
17430,1
27643,1
47033,0
137577,0
101764,0
87055,0
105334,0
90533,0
60535,0
91653,0
142518,0
4347,1
153829,0
19250,1
117242,0
44690,1
131870,0
115713,0
109465,0
59695,0
478,1
100227,0
23294,1
63158,0
95145,0
52931,0
36179,1
12313,1
41961,1
28346,1
123282,0
115246,0
61982,0
145034,0
132295,0
20294,1
110656,0
109800,0
55635,0
47857,0
62241,0
102000,0
136737,0
65694,0
152334,0
66295,0
94073,0
70768,0
74910,0
105562,0
72002,0
62254,0
52024,0
29096,1
130609,0
5815,1
90432,0
70445,0
52171,0
69811,0
21381,1
74996,0
118771,0
112306,0
121873,0
42535,1
130020,0
34746,1
13673,1
7029,1
7410,1
103987,0
117315,0
56166,0
80921,0
112869,0
39642,1
136782,0
149736,0
1590,1
16412,1
71410,0
103889,0
19630,1
102602,0
38535,1
112259,0
159381,0
3245,1
11938,1
87639,0
142409,0
159201,0
142174,0
59241,0
86679,0
129756,0
20180,1
56249,0
98999,0
61828,0
93597,0
78700,0
10810,1
115018,0
62922,0
66427,0
93137,0
34367,1
121097,0
88967,0
28281,1
84690,0
101233,0
148257,0
102215,0
11777,1
91264,0
2883,1
58171,0
133274,0
5998,1
23743,1
122381,0
138253,0
127119,0
92845,0
127949,0
148559,0
150468,0
133698,0
90729,0
93782,0
127834,0
103451,0
98342,0
78489,0
93140,0
111315,0
60883,0
30368,1
153680,0
103081,0
20599,1
28287,1
15767,1
88562,0
129875,0
28092,1
75264,0
238,1
58213,0
4998,1
27707,1
105305,0
68938,0
33562,1
31750,1
104257,0
41707,1
54451,0
88780,0
113660,0
66454,0
62844,0
78493,0
19761,1
97890,0
137814,0
158486,0
37915,1
59299,0
146144,0
158567,0
132376,0
45977,0
73941,0
115529,0
55221,0
128188,0
85190,0
46435,0
51313,0
16417,1
157753,0
101603,0
144698,0
154690,0
42314,1
51903,0
24957,1
3908,1
144813,0
34176,1
158653,0
14902,1
45038,1
5366,1
134880,0
115325,0
141281,0
92818,0
61238,0
80302,0
33865,1
101428,0
38688,1
8165,1
49485,0
20645,1
116966,0
148151,0
157611,0
36410,1
149254,0
107507,0
132855,0
74464,0
43372,1
42770,1
97719,0
120221,0
14962,1
151917,0
16641,1
59250,0
155390,0
93854,0
97435,0
153996,0
30459,1
103798,0
58272,0
151358,0
129368,0
121331,0
93005,0
91815,0
90277,0
37121,1
114618,0
76672,0
64135,0
15408,1
116721,0
81573,0
158742,0
85575,0
84466,0
24361,1
115691,0
25212,1
29723,1
54420,0
64372,0
8016,1
105694,0
24786,1
16376,1
142251,0
60218,0
99435,0
36218,1
129736,0
12533,1
12703,1
137800,0
112744,0
137673,0
8077,1
64532,0
17327,1
144628,0
28479,1
32127,1
100496,0
50103,0
84358,0
72342,0
91033,0
31107,1
98160,0
13577,1
13718,1
133816,0
45650,0
45669,0
55846,0
22140,1
147161,0
32745,1
63509,0
26649,1
110285,0
75689,0
45247,0
71931,0
158021,0
146383,0
116611,0
118942,0
7672,1
102782,0
135004,0
141724,0
141407,0
35061,1
74363,0
11126,1
122196,0
49237,0
36056,1
133,1
73261,0
30599,1
32951,1
25658,1
12049,1
154272,0
11127,1
152949,0
2921,1
9034,1
107574,0
123171,0
32488,1
112028,0
31262,1
99006,0
19989,1
33369,1
137046,0
42852,1
94426,0
79569,0
46781,0
119585,0
37248,1
138125,0
142463,0
87961,0
143662,0
50681,0
113361,0
157967,0
52537,0
78353,0
92865,0
105331,0
70880,0
121812,0
61991,0
63341,0
79498,0
86181,0
65639,0
72144,0
75970,0
57115,0
5341,1
142554,0
12713,1
69968,0
77192,0
14332,1
30494,1
15233,1
153453,0
83036,0
116896,0
71664,0
146507,0
104693,0
157720,0
25934,1
153867,0
77202,0
25555,1
74865,0
36432,1
48323,0
110551,0
130351,0
112583,0
31166,1
83724,0
146564,0
131082,0
159188,0
1998,1
63336,0
638,1
76557,0
71373,0
132266,0
71825,0
149443,0
129614,0
121915,0
130722,0
66557,0
109090,0
138868,0
109167,0
23083,1
43934,1
89402,0
106423,0
81297,0
99584,0
105100,0
63952,0
68314,0
131482,0
50039,0
5012,1
158984,0
58517,0
113279,0
92642,0
100287,0
128784,0
45066,1
128049,0
104494,0
130119,0
91493,0
36837,1
36698,1
146344,0
4114,1
119063,0
85657,0
124047,0
23901,1
40353,1
26906,1
15476,1
19107,1
67636,0
57658,0
98378,0
148202,0
20247,1
102433,0
146283,0
86225,0
132137,0
62112,0
78620,0
128128,0
138662,0
153718,0
140897,0
3068,1
129047,0
110108,0
48363,0
73991,0
59866,0
83081,0
126182,0
78215,0
31019,1
24367,1
20944,1
21813,1
152200,0
51500,0
107436,0
97113,0
48831,0
53958,0
122208,0
82666,0
66143,0
133710,0
82077,0
94961,0
119045,0
111467,0
25323,1
105256,0
54450,0
45492,0
152357,0
133981,0
15362,1
21599,1
130663,0
20431,1
153338,0
54684,0
101552,0
155720,0
47847,0
151572,0
125417,0
131893,0
139319,0
152009,0
158727,0
12736,1
10351,1
118865,0
106948,0
84283,0
106962,0
153056,0
20498,1
117898,0
93572,0
18475,1
141993,0
104288,0
71486,0
133731,0
89827,0
9902,1
147721,0
52124,0
155923,0
12360,1
42087,1
98837,0
73565,0
64305,0
96254,0
1771,1
24065,1
56144,0
24689,1
78626,0
91456,0
157866,0
155267,0
142501,0
11382,1
5453,1
22941,1
41867,1
681,1
105567,0
103062,0
2252,1
84496,0
63877,0
151547,0
27683,1
72762,0
68262,0
126751,0
131439,0
5359,1
148742,0
42189,1
15656,1
159250,0
15849,1
68985,0
3808,1
115564,0
26273,1
61531,0
45754,0
159357,0
3507,1
53117,0
141261,0
65174,0
89901,0
86896,0
19035,1
86260,0
127908,0
149654,0
122801,0
31312,1
106652,0
95603,0
83317,0
155488,0
53246,0
149623,0
121549,0
123867,0
38008,1
15655,1
29253,1
132522,0
139661,0
26594,1
71683,0
143952,0
119848,0
140646,0
11993,1
68910,0
67522,0
81199,0
73661,0
150055,0
2713,1
43114,1
80871,0
155547,0
31089,1
33482,1
145813,0
134629,0
35394,1
52792,0
29584,1
56646,0
48375,0
40278,1
85770,0
140123,0
115421,0
113716,0
28460,1
19370,1
38035,1
158142,0
137358,0
17591,1
71198,0
155083,0
104950,0
16162,1
123245,0
12425,1
9788,1
35373,1
150170,0
138484,0
36866,1
104557,0
8388,1
147930,0
3343,1
74983,0
22782,1
43948,1
44061,1
67495,0
38225,1
150613,0
119298,0
151998,0
5761,1
141938,0
130257,0
25023,1
141450,0
68952,0
90220,0
98537,0
70922,0
84093,0
148617,0
138559,0
72775,0
117785,0
97604,0
84262,0
18380,1
156309,0
81532,0
129445,0
111972,0
36712,1
80377,0
51570,0
147423,0
153162,0
132417,0
51698,0
93426,0
46229,0
67062,0
155430,0
25817,1
27211,1
27758,1
96608,0
41000,1
2237,1
44232,1
7473,1
29602,1
114222,0
39324,1
14500,1
65138,0
109062,0
144955,0
71337,0
125885,0
113312,0
43240,1
152809,0
135796,0
151415,0
88430,0
106662,0
36165,1
138537,0
139254,0
128054,0
136915,0
131147,0
66638,0
150528,0
153189,0
69277,0
149956,0
25078,1
12130,1
150574,0
80927,0
47489,0
143219,0
12405,1
106769,0
6913,1
153382,0
87035,0
85471,0
18766,1
88013,0
109599,0
3985,1
157349,0
4291,1
88324,0
88802,0
57169,0
12026,1
129864,0
48651,0
152540,0
88095,0
106685,0
71229,0
105690,0
125967,0
93581,0
69719,0
73625,0
12106,1
70884,0
59131,0
63840,0
57745,0
105214,0
145181,0
47268,0
74964,0
86172,0
120530,0
109566,0
107792,0
5277,1
16508,1
26120,1
67716,0
130858,0
43012,1
128068,0
142097,0
143631,0
121829,0
149922,0
28411,1
39301,1
134041,0
14602,1
96654,0
95732,0
12615,1
100942,0
63594,0
95157,0
89735,0
72451,0
58664,0
72221,0
7243,1
142171,0
35692,1
73317,0
89996,0
102909,0
159440,0
157963,0
69776,0
62861,0
84393,0
275,1
82163,0
22386,1
97086,0
142354,0
89524,0
41367,1
85820,0
27450,1
74504,0
103918,0
72051,0
48604,0
121118,0
74482,0
148325,0
25654,1
155276,0
69373,0
40523,1
87214,0
156284,0
24113,1
131423,0
69002,0
142509,0
146402,0
118735,0
15909,1
139889,0
88277,0
87579,0
89816,0
83414,0
96437,0
50431,0
122449,0
62333,0
117422,0
84066,0
128562,0
116383,0
108599,0
17590,1
75447,0
87348,0
126350,0
130940,0
4346,1
135270,0
76710,0
20960,1
49214,0
73163,0
9296,1
44393,1
33736,1
3048,1
102325,0
50740,0
3654,1
55478,0
21965,1
59738,0
69750,0
37577,1
61216,0
107743,0
25340,1
74746,0
97430,0
63505,0
44178,1
78362,0
41117,1
13949,1
55452,0
12728,1
126674,0
5792,1
154849,0
146308,0
85035,0
136064,0
79387,0
120400,0
111436,0
91909,0
36563,1
90697,0
129550,0
64642,0
121932,0
7956,1
18336,1
67638,0
37910,1
97478,0
89038,0
20158,1
150886,0
110258,0
109196,0
96453,0
123732,0
101925,0
148732,0
85848,0
69878,0
66171,0
74651,0
121990,0
77253,0
73975,0
135178,0
64079,0
51351,0
15754,1
115951,0
119022,0
94684,0
66849,0
117285,0
130357,0
144208,0
33020,1
62380,0
120718,0
16304,1
150749,0
7897,1
9158,1
117429,0
111978,0
53580,0
8590,1
142768,0
127798,0
9875,1
62056,0
29380,1
72743,0
66912,0
30052,1
64648,0
56281,0
143591,0
35873,1
15300,1
95112,0
111666,0
21398,1
125665,0
111215,0
13797,1
39076,1
83852,0
42351,1
54349,0
90225,0
75727,0
83741,0
142367,0
76447,0
20759,1
127850,0
131589,0
79930,0
17309,1
24228,1
61259,0
128395,0
150506,0
129987,0
29418,1
22321,1
11055,1
32088,1
32597,1
125119,0
32142,1
19348,1
83,1
90387,0
43253,1
57465,0
9385,1
62976,0
23344,1
19146,1
125099,0
43703,1
120514,0
137725,0
122999,0
25364,1
28486,1
139282,0
7617,1
10069,1
78123,0
48447,0
35423,1
105378,0
85998,0
68100,0
46099,0
88001,0
107138,0
96737,0
9942,1
11133,1
46531,0
9700,1
144501,0
8155,1
85526,0
95346,0
74221,0
8181,1
58192,0
101352,0
120064,0
56683,0
22156,1
145498,0
34454,1
73978,0
127299,0
142822,0
31796,1
79251,0
117905,0
103700,0
59430,0
140775,0
94812,0
143179,0
111570,0
152033,0
137540,0
46763,0
14650,1
130034,0
143848,0
127074,0
54871,0
58686,0
74999,0
46060,0
111251,0
2915,1
7792,1
107152,0
13379,1
68670,0
24625,1
51193,0
33484,1
100074,0
89861,0
23943,1
64801,0
151882,0
135281,0
38787,1
77814,0
101920,0
14546,1
79110,0
45729,0
67857,0
42148,1
129375,0
86510,0
29476,1
103978,0
116297,0
112305,0
131014,0
136603,0
21416,1
29356,1
34591,1
64263,0
155137,0
124666,0
122131,0
78920,0
31132,1
26765,1
157747,0
118372,0
102026,0
87179,0
133522,0
10401,1
28692,1
94187,0
16236,1
146656,0
108389,0
36111,1
49111,0
121378,0
132402,0
22415,1
38843,1
70691,0
46829,0
95649,0
110405,0
154373,0
40465,1
76239,0
158134,0
4656,1
18653,1
26031,1
103269,0
113041,0
27674,1
57227,0
146338,0
56922,0
50118,0
141212,0
81223,0
140439,0
130407,0
122593,0
64193,0
25324,1
97446,0
6492,1
87532,0
120752,0
11939,1
89683,0
31873,1
97085,0
84307,0
29434,1
96505,0
58701,0
55548,0
86173,0
23921,1
37948,1
140504,0
49605,0
71576,0
15734,1
121163,0
102227,0
64282,0
99560,0
94666,0
146332,0
2680,1
115056,0
127898,0
126791,0
120928,0
21631,1
66539,0
91610,0
76283,0
113442,0
52023,0
48478,0
79634,0
29544,1
35117,1
11400,1
20463,1
21317,1
149777,0
83092,0
16991,1
88109,0
116038,0
9467,1
104788,0
48361,0
111226,0
78963,0
126829,0
82648,0
104080,0
9754,1
124747,0
130094,0
157458,0
155040,0
108385,0
17692,1
124901,0
112815,0
77343,0
157037,0
45844,0
105969,0
24512,1
111714,0
48297,0
94596,0
16591,1
110899,0
21242,1
103769,0
91609,0
137959,0
157616,0
97277,0
17324,1
159278,0
150639,0
52388,0
36266,1
18163,1
118975,0
57195,0
33611,1
135291,0
130907,0
112384,0
115381,0
99042,0
85941,0
136824,0
2461,1
16589,1
21485,1
80185,0
97797,0
132444,0
52739,0
131349,0
98195,0
78685,0
120670,0
153918,0
144055,0
151007,0
36400,1
3760,1
142958,0
10752,1
96797,0
158876,0
116486,0
117454,0
47560,0
124409,0
129379,0
31068,1
133646,0
108976,0
28032,1
18828,1
18287,1
24409,1
126904,0
46998,0
50295,0
65675,0
118940,0
139939,0
84714,0
21106,1
75549,0
5224,1
105454,0
131488,0
105175,0
86787,0
104499,0
59791,0
37030,1
26562,1
94818,0
123391,0
60992,0
100151,0
65512,0
33752,1
131609,0
5788,1
57770,0
146009,0
52550,0
66453,0
82250,0
155651,0
128589,0
134870,0
29289,1
152300,0
19728,1
113214,0
66460,0
45245,0
56506,0
139220,0
151120,0
99410,0
136647,0
41418,1
17035,1
100056,0
6851,1
86702,0
110354,0
16957,1
46568,0
134698,0
1573,1
135578,0
118775,0
151896,0
137128,0
68467,0
92347,0
87470,0
92035,0
2669,1
18476,1
31711,1
3243,1
68599,0
31381,1
93121,0
123845,0
35757,1
155607,0
43590,1
107013,0
11102,1
99394,0
9561,1
147476,0
153383,0
77622,0
21508,1
36535,1
13086,1
135259,0
3047,1
35889,1
119881,0
124295,0
91605,0
82091,0
129214,0
131840,0
108652,0
33927,1
67970,0
17464,1
33593,1
108737,0
114089,0
3263,1
8521,1
62034,0
20460,1
106953,0
3611,1
167,1
159279,0
133479,0
77724,0
65139,0
101258,0
93977,0
54665,0
98474,0
36504,1
43504,1
22798,1
131615,0
33304,1
137743,0
2520,1
122897,0
112651,0
20705,1
101820,0
142808,0
129997,0
149826,0
135068,0
97978,0
5926,1
73510,0
137396,0
9151,1
139208,0
66987,0
16973,1
88652,0
39558,1
61160,0
13075,1
143881,0
108158,0
116924,0
25069,1
6037,1
9272,1
130105,0
24076,1
109854,0
89969,0
61143,0
25889,1
7764,1
6117,1
119587,0
26859,1
19191,1
159656,0
13944,1
64621,0
118208,0
17871,1
60973,0
109402,0
132879,0
26000,1
100605,0
56041,0
145184,0
12317,1
133784,0
10683,1
10101,1
119025,0
127513,0
30292,1
34521,1
108307,0
5974,1
43319,1
142427,0
55506,0
60959,0
85506,0
86449,0
61741,0
77957,0
87865,0
49643,0
109072,0
6824,1
125572,0
81163,0
116760,0
23930,1
2873,1
124507,0
1502,1
4568,1
60713,0
73602,0
66515,0
103400,0
110069,0
21138,1
26980,1
12494,1
134194,0
6177,1
20639,1
4,1
55244,0
11834,1
102884,0
88130,0
144067,0
57670,0
143483,0
105546,0
120889,0
114666,0
94201,0
30086,1
78095,0
91449,0
127952,0
8716,1
3259,1
158659,0
57403,0
71314,0
77000,0
157056,0
31438,1
51211,0
70177,0
2585,1
90382,0
23669,1
74249,0
92564,0
98753,0
141478,0
129813,0
3037,1
90806,0
74226,0
99495,0
89675,0
19813,1
16228,1
12988,1
86270,0
12604,1
143519,0
44636,1
24671,1
9351,1
87670,0
52988,0
144821,0
4934,1
77812,0
127055,0
96250,0
2494,1
29673,1
80802,0
66105,0
117855,0
71506,0
121844,0
44270,1
2325,1
155921,0
92272,0
74749,0
68529,0
134245,0
40262,1
25305,1
141237,0
88015,0
47791,0
7582,1
120287,0
52982,0
114711,0
40406,1
39315,1
125897,0
65612,0
136086,0
156234,0
13745,1
109777,0
93799,0
32435,1
25831,1
36455,1
110111,0
136829,0
3008,1
53822,0
52382,0
107273,0
90800,0
94393,0
35801,1
126596,0
60141,0
152622,0
151549,0
18033,1
21550,1
9538,1
107937,0
158384,0
52190,0
40239,1
35792,1
36258,1
73521,0
70961,0
156494,0
16708,1
158211,0
141423,0
17844,1
19548,1
79323,0
48859,0
67926,0
3457,1
156140,0
19377,1
35471,1
34838,1
156738,0
145182,0
100359,0
20922,1
82030,0
144754,0
41722,1
142905,0
127900,0
151163,0
42881,1
152080,0
32778,1
52747,0
141428,0
31881,1
49325,0
83180,0
133136,0
99531,0
28842,1
143437,0
60760,0
49305,0
74514,0
73627,0
115439,0
122369,0
125801,0
51655,0
51456,0
66112,0
22339,1
46825,0
107816,0
67833,0
49930,0
58421,0
107746,0
43509,1
57021,0
34809,1
125992,0
66770,0
46273,0
37594,1
91879,0
10799,1
111553,0
10015,1
21144,1
14774,1
159773,0
32524,1
30743,1
15846,1
85862,0
82127,0
72101,0
93128,0
136555,0
76205,0
18133,1
157052,0
99779,0
32662,1
5406,1
49779,0
125625,0
126402,0
11129,1
135929,0
58957,0
37021,1
105565,0
12981,1
142471,0
85170,0
123188,0
66093,0
145353,0
34989,1
124017,0
79303,0
54715,0
62002,0
83655,0
91963,0
62410,0
96195,0
141703,0
111256,0
150788,0
17970,1
89385,0
132706,0
59544,0
144162,0
11720,1
121684,0
63008,0
150952,0
136226,0
54471,0
52727,0
41305,1
34239,1
47967,0
95236,0
84623,0
110411,0
81,1
104981,0
87128,0
21849,1
96649,0
125535,0
111158,0
49676,0
111197,0
152806,0
16337,1
104253,0
106836,0
68877,0
145111,0
136373,0
25520,1
105666,0
93471,0
48520,0
14351,1
90102,0
8090,1
86304,0
28392,1
50032,0
137193,0
128960,0
136287,0
17792,1
46092,0
77873,0
110023,0
45205,0
45221,0
80219,0
55871,0
99578,0
45055,1
107661,0
41116,1
3342,1
69176,0
26189,1
86909,0
7633,1
149337,0
83835,0
46737,0
140686,0
105070,0
123004,0
84628,0
37261,1
85650,0
157385,0
29962,1
13346,1
159045,0
58470,0
87784,0
76762,0
115816,0
1047,1
81549,0
102159,0
80366,0
69877,0
132474,0
54801,0
98113,0
28458,1
100008,0
28358,1
32832,1
15716,1
96484,0
82954,0
157201,0
129219,0
74710,0
144868,0
141054,0
79806,0
59690,0
122082,0
51048,0
4208,1
144767,0
101146,0
79532,0
20039,1
151288,0
123192,0
12748,1
6176,1
17803,1
45439,0
142131,0
150585,0
117557,0
133606,0
78754,0
127611,0
47591,0
131348,0
135950,0
106786,0
30245,1
14642,1
136924,0
3371,1
93462,0
69764,0
106289,0
126820,0
152564,0
133175,0
127164,0
147515,0
34560,1
20114,1
39508,1
59478,0
158240,0
42882,1
140385,0
5954,1
4884,1
74867,0
98828,0
8943,1
63551,0
34805,1
47936,0
125256,0
39540,1
17806,1
114497,0
71882,0
151475,0
126397,0
90616,0
118027,0
158401,0
71016,0
56575,0
66634,0
117212,0
98528,0
72148,0
107567,0
46941,0
107221,0
102013,0
109932,0
105876,0
159028,0
116855,0
41633,1
21257,1
2822,1
113508,0
40911,1
63068,0
133391,0
131479,0
66247,0
150744,0
50557,0
32736,1
84047,0
42945,1
153237,0
153282,0
93579,0
8229,1
28737,1
1419,1
116910,0
1948,1
23163,1
102001,0
14406,1
10405,1
89220,0
39636,1
108101,0
129102,0
74481,0
84153,0
85761,0
1010,1
50602,0
53268,0
89094,0
132834,0
26433,1
74146,0
101178,0
44436,1
146754,0
18342,1
15425,1
117031,0
97609,0
148176,0
60112,0
24075,1
49951,0
99936,0
156581,0
34271,1
149667,0
157092,0
19498,1
33150,1
154426,0
9024,1
25020,1
13078,1
128205,0
113682,0
69658,0
54480,0
52690,0
143381,0
142906,0
17192,1
70508,0
56697,0
102975,0
16915,1
58567,0
111960,0
111302,0
41002,1
145608,0
337,1
63015,0
2129,1
142741,0
47346,0
122276,0
47862,0
91793,0
77738,0
30531,1
20800,1
60549,0
85795,0
11911,1
97813,0
96376,0
6156,1
100448,0
20719,1
21127,1
143680,0
137546,0
119906,0
78557,0
76945,0
101486,0
28074,1
7761,1
22606,1
23071,1
123435,0
145684,0
157989,0
61619,0
158752,0
156166,0
88406,0
109037,0
27900,1
3040,1
59626,0
90772,0
144506,0
106889,0
44094,1
48460,0
130206,0
66331,0
48631,0
109710,0
149296,0
7812,1
96698,0
14463,1
72532,0
5149,1
80223,0
98025,0
110752,0
135201,0
92747,0
31891,1
122057,0
43171,1
118469,0
671,1
82247,0
133376,0
131675,0
125338,0
60181,0
47808,0
102301,0
115531,0
13254,1
101091,0
27500,1
32473,1
99948,0
121919,0
10594,1
30315,1
98693,0
15590,1
30857,1
89246,0
541,1
83712,0
87183,0
793,1
36573,1
32626,1
77371,0
75696,0
94790,0
88901,0
133809,0
107572,0
131845,0
76121,0
122968,0
37912,1
9229,1
129639,0
102038,0
153421,0
50605,0
107988,0
46549,0
78941,0
10216,1
130641,0
101460,0
111461,0
71109,0
28687,1
87330,0
34130,1
143517,0
86944,0
71170,0
68033,0
59876,0
79706,0
66450,0
27725,1
126490,0
81132,0
22476,1
95653,0
114582,0
79570,0
127353,0
115192,0
55502,0
72934,0
30386,1
51134,0
31056,1
45251,0
34774,1
28331,1
131396,0
80688,0
32354,1
135349,0
135411,0
115175,0
104065,0
106418,0
13168,1
152805,0
43077,1
95373,0
136653,0
150147,0
140077,0
113358,0
110856,0
32077,1
8762,1
144927,0
67430,0
44267,1
141644,0
57899,0
130214,0
150687,0
25686,1
111206,0
140265,0
133170,0
73910,0
123031,0
96858,0
158649,0
99674,0
136525,0
112024,0
91080,0
2051,1
77186,0
92674,0
66841,0
55279,0
103941,0
131711,0
39542,1
68553,0
153361,0
30442,1
18460,1
94806,0
84788,0
62793,0
94203,0
22416,1
144561,0
2315,1
9442,1
64139,0
4652,1
119086,0
63168,0
136815,0
84137,0
21208,1
117232,0
99306,0
158035,0
79126,0
63785,0
142907,0
51690,0
139435,0
25656,1
137943,0
22559,1
6879,1
56467,0
38828,1
130507,0
23390,1
25166,1
29372,1
134188,0
85138,0
157891,0
94939,0
41627,1
121524,0
41773,1
99335,0
133706,0
15791,1
34320,1
40282,1
79482,0
87061,0
101192,0
145767,0
68711,0
70172,0
111633,0
55362,0
108456,0
39045,1
46729,0
122905,0
16975,1
25611,1
105485,0
52958,0
119488,0
75865,0
38875,1
150964,0
121404,0
132675,0
118209,0
19162,1
128759,0
92899,0
13274,1
154670,0
98945,0
83128,0
158104,0
122622,0
130393,0
111371,0
83718,0
63393,0
28954,1
148286,0
135768,0
123637,0
14636,1
123582,0
81773,0
35139,1
142222,0
2344,1
94988,0
6128,1
96630,0
125384,0
125893,0
123310,0
36121,1
50719,0
28027,1
30730,1
11869,1
41537,1
41952,1
153800,0
145493,0
155935,0
69140,0
31875,1
4927,1
68377,0
24894,1
87960,0
45986,0
5981,1
65831,0
133153,0
17875,1
114650,0
22040,1
122214,0
25011,1
14138,1
114689,0
133903,0
17503,1
156083,0
98384,0
92578,0
112762,0
5849,1
117424,0
54112,0
136352,0
130169,0
108316,0
34995,1
123451,0
9629,1
36398,1
52226,0
84563,0
65953,0
3918,1
128184,0
117870,0
117778,0
66816,0
56983,0
96573,0
65626,0
112135,0
99857,0
133143,0
42360,1
108024,0
36186,1
129065,0
102104,0
137229,0
146401,0
80760,0
121507,0
35083,1
122248,0
120243,0
29769,1
143841,0
3326,1
56676,0
100024,0
69103,0
81510,0
18613,1
155180,0
67477,0
79911,0
71692,0
109088,0
68657,0
38303,1
90644,0
42995,1
145867,0
2621,1
150672,0
125115,0
82441,0
108301,0
29706,1
143679,0
58288,0
147613,0
112606,0
118171,0
157952,0
133159,0
150224,0
49776,0
69337,0
148688,0
58745,0
105091,0
42156,1
95166,0
57486,0
157982,0
97023,0
55842,0
42763,1
80697,0
66536,0
115938,0
52081,0
147054,0
10712,1
144052,0
5067,1
117835,0
20454,1
110160,0
108318,0
91144,0
10608,1
93927,0
77991,0
7804,1
133394,0
31220,1
83492,0
109471,0
89771,0
116937,0
11679,1
139648,0
158561,0
129547,0
50915,0
63316,0
43743,1
49391,0
53952,0
36106,1
50921,0
91339,0
34061,1
144667,0
127881,0
157603,0
31920,1
59337,0
155867,0
85233,0
53884,0
92590,0
4970,1
101687,0
135305,0
66590,0
157355,0
152595,0
10890,1
140952,0
4156,1
143291,0
134812,0
81680,0
110237,0
10718,1
108150,0
90322,0
136673,0
119096,0
157423,0
159200,0
42588,1
81570,0
152726,0
12275,1
45031,1
88174,0
134997,0
86959,0
41065,1
43101,1
65860,0
110283,0
95551,0
136820,0
136232,0
138319,0
112354,0
68680,0
59296,0
118594,0
143229,0
147730,0
92601,0
115522,0
90406,0
26984,1
151187,0
3279,1
89757,0
103948,0
51346,0
32119,1
128982,0
24751,1
81517,0
142558,0
120526,0
156305,0
114900,0
8218,1
61,1
49177,0
130295,0
23168,1
90993,0
130276,0
118785,0
136434,0
26550,1
99458,0
95515,0
105925,0
115167,0
81662,0
10531,1
116478,0
148663,0
47579,0
134466,0
154548,0
126648,0
73722,0
99940,0
48011,0
143175,0
32284,1
35494,1
18595,1
35884,1
156026,0
24912,1
113869,0
31015,1
87194,0
30588,1
95487,0
131310,0
27728,1
135077,0
42069,1
88581,0
29733,1
135706,0
137280,0
114818,0
23188,1
32213,1
36645,1
145159,0
115449,0
75324,0
122509,0
4437,1
132355,0
82916,0
38408,1
68357,0
81544,0
2171,1
145349,0
96013,0
123751,0
120745,0
27023,1
2842,1
34555,1
122577,0
60844,0
14334,1
155774,0
114184,0
22435,1
88055,0
36652,1
87596,0
155037,0
96829,0
115460,0
10598,1
21793,1
58538,0
14712,1
118496,0
72227,0
58581,0
5747,1
20668,1
17279,1
88864,0
58378,0
146589,0
119146,0
143852,0
85077,0
61783,0
67642,0
101736,0
137337,0
83477,0
130174,0
120636,0
152801,0
133191,0
151771,0
40230,1
133311,0
31414,1
61049,0
134638,0
111241,0
12481,1
96084,0
31548,1
29146,1
49314,0
157857,0
143431,0
28988,1
119547,0
47314,0
23202,1
110361,0
30897,1
40498,1
129874,0
51008,0
37137,1
134847,0
94158,0
72979,0
52855,0
33465,1
45808,0
18663,1
132623,0
105022,0
144371,0
156012,0
79428,0
124702,0
106830,0
48865,0
71744,0
50221,0
91290,0
112824,0
5402,1
126093,0
123215,0
15257,1
13830,1
144693,0
67618,0
33781,1
39670,1
107326,0
24507,1
94031,0
98077,0
35203,1
73013,0
79649,0
38145,1
62094,0
28315,1
137936,0
96272,0
105977,0
120233,0
158555,0
94141,0
84500,0
17387,1
153702,0
63717,0
29246,1
127705,0
50282,0
35078,1
33377,1
87268,0
86588,0
37673,1
114930,0
154988,0
22695,1
43984,1
89449,0
985,1
104797,0
138097,0
137477,0
64832,0
46901,0
131973,0
24862,1
85050,0
107216,0
40826,1
102864,0
36678,1
83726,0
69701,0
98471,0
46035,0
78663,0
64465,0
71732,0
116101,0
51677,0
49653,0
81784,0
114323,0
13484,1
4148,1
129114,0
134610,0
105696,0
8152,1
91420,0
64623,0
71754,0
22308,1
116880,0
44523,1
134122,0
28195,1
102863,0
71577,0
50750,0
67760,0
44943,1
11292,1
109445,0
3261,1
136628,0
54980,0
135487,0
106600,0
117819,0
69948,0
95119,0
29033,1
70383,0
66388,0
154966,0
69691,0
53046,0
98466,0
73742,0
73563,0
34146,1
158907,0
98972,0
133236,0
133951,0
18879,1
114099,0
107089,0
86685,0
5389,1
80620,0
118645,0
132627,0
80993,0
11532,1
70339,0
73498,0
7238,1
68316,0
137699,0
48103,0
4161,1
62055,0
144409,0
4857,1
9635,1
107283,0
46792,0
88706,0
129670,0
97716,0
70644,0
126667,0
150302,0
1214,1
129720,0
79861,0
112421,0
87951,0
35811,1
126940,0
91163,0
95228,0
122051,0
149529,0
140048,0
64157,0
11353,1
69787,0
128338,0
120247,0
31315,1
123837,0
89863,0
111483,0
6496,1
145345,0
102783,0
10828,1
18231,1
128358,0
98271,0
94236,0
39556,1
128486,0
154446,0
95930,0
143044,0
28550,1
51004,0
5347,1
8973,1
140944,0
136568,0
57782,0
24108,1
67824,0
51913,0
76724,0
15109,1
48771,0
70169,0
29173,1
47774,0
127425,0
17472,1
110441,0
82878,0
68934,0
124377,0
128056,0
135429,0
59971,0
131719,0
40979,1
106891,0
44319,1
110766,0
139401,0
145091,0
9666,1
21363,1
5384,1
114346,0
151276,0
42323,1
3989,1
145741,0
125375,0
106736,0
68777,0
120493,0
72155,0
158858,0
34882,1
51509,0
55565,0
47868,0
34536,1
85482,0
105204,0
105399,0
110521,0
146079,0
153071,0
107973,0
130785,0
126733,0
9197,1
127550,0
121381,0
148294,0
124364,0
140060,0
109549,0
127022,0
125024,0
126426,0
79209,0
145784,0
12265,1
121354,0
44083,1
147593,0
125672,0
8719,1
105065,0
135962,0
449,1
2978,1
11281,1
2924,1
43111,1
88115,0
43580,1
63752,0
67743,0
96249,0
34965,1
39712,1
94421,0
129274,0
20476,1
43064,1
71662,0
110834,0
67777,0
82241,0
68898,0
99268,0
68753,0
96622,0
4117,1
68728,0
116904,0
112374,0
11997,1
52451,0
74590,0
17611,1
78901,0
91455,0
93103,0
98153,0
74688,0
5735,1
141521,0
57882,0
154214,0
127745,0
110330,0
63097,0
75086,0
158273,0
62995,0
122929,0
79451,0
114813,0
97557,0
29533,1
79738,0
117335,0
42692,1
77937,0
134021,0
66756,0
118853,0
67996,0
157307,0
99275,0
13516,1
59401,0
145692,0
51738,0
68436,0
73494,0
90333,0
22315,1
136034,0
47307,0
97372,0
156985,0
34522,1
150691,0
75365,0
95049,0
2075,1
144525,0
59756,0
115392,0
59024,0
71018,0
131559,0
133638,0
148962,0
36658,1
84438,0
145926,0
91716,0
129961,0
157546,0
70109,0
38111,1
51747,0
117800,0
9828,1
156879,0
91840,0
25288,1
115630,0
138801,0
96145,0
42446,1
13547,1
156899,0
42474,1
85344,0
62129,0
112886,0
103150,0
74150,0
96065,0
85491,0
2472,1
115799,0
125085,0
133989,0
95494,0
128512,0
136935,0
128134,0
19875,1
105853,0
56153,0
137182,0
77745,0
62074,0
66716,0
54264,0
80937,0
54648,0
62971,0
126343,0
151218,0
8658,1
61883,0
116097,0
85646,0
36412,1
133017,0
18746,1
105145,0
130561,0
38327,1
128339,0
16634,1
72588,0
61924,0
106074,0
1879,1
101512,0
74129,0
74788,0
26925,1
117132,0
34636,1
88563,0
152745,0
151077,0
108764,0
158394,0
26394,1
17533,1
60870,0
128332,0
74984,0
39175,1
45273,0
78328,0
115991,0
119181,0
80368,0
19263,1
141928,0
142405,0
13925,1
141232,0
158511,0
159763,0
146208,0
87253,0
132685,0
64629,0
8609,1
17061,1
79853,0
141476,0
558,1
74850,0
59226,0
31992,1
148249,0
38556,1
36160,1
49336,0
92063,0
26996,1
28520,1
103411,0
17068,1
135032,0
59260,0
26378,1
36162,1
9344,1
135048,0
72065,0
53119,0
36142,1
131760,0
152956,0
61911,0
92409,0
8357,1
82270,0
106907,0
1541,1
57626,0
28523,1
147310,0
40419,1
59688,0
133379,0
52624,0
71451,0
73095,0
78007,0
18978,1
136943,0
129329,0
78581,0
18134,1
120800,0
39017,1
80883,0
9727,1
20757,1
131565,0
21900,1
12827,1
106071,0
95923,0
138691,0
38493,1
124165,0
132600,0
56964,0
95875,0
77239,0
89693,0
150523,0
81936,0
146183,0
85698,0
143534,0
126293,0
63104,0
108029,0
124693,0
117122,0
149159,0
123183,0
19851,1
65545,0
54200,0
37967,1
122101,0
5128,1
25966,1
58959,0
49615,0
147876,0
61069,0
57533,0
153547,0
123625,0
35809,1
584,1
1520,1
133277,0
76536,0
138543,0
153964,0
92126,0
66830,0
132626,0
113901,0
30206,1
80064,0
32304,1
22006,1
27184,1
50665,0
75261,0
84953,0
153717,0
54710,0
29280,1
6291,1
111722,0
59673,0
20801,1
116000,0
70823,0
99580,0
12062,1
12944,1
43902,1
92726,0
39392,1
66742,0
116293,0
32409,1
16695,1
133240,0
134208,0
98613,0
1544,1
114886,0
149471,0
73169,0
134933,0
96221,0
80112,0
64456,0
56189,0
70605,0
40834,1
88768,0
137032,0
8065,1
84238,0
137878,0
127822,0
152197,0
119412,0
44973,1
128581,0
66599,0
39302,1
43323,1
93563,0
18725,1
132933,0
107183,0
94851,0
29379,1
70599,0
95310,0
106890,0
118009,0
139679,0
44619,1
152981,0
21641,1
98738,0
56715,0
140386,0
76122,0
25664,1
152294,0
95898,0
156387,0
91975,0
136900,0
73274,0
159208,0
73459,0
74931,0
136043,0
63786,0
104261,0
538,1
137903,0
34548,1
53372,0
104643,0
44491,1
1708,1
105802,0
153293,0
13627,1
58017,0
65933,0
7931,1
25033,1
68236,0
79750,0
24956,1
150883,0
104375,0
159216,0
111590,0
105030,0
156741,0
127248,0
39751,1
152184,0
132385,0
22168,1
152520,0
88446,0
114904,0
40451,1
112756,0
8843,1
28441,1
17737,1
44529,1
86164,0
117902,0
55212,0
17348,1
84732,0
77588,0
61977,0
39148,1
36127,1
129080,0
11035,1
94872,0
115341,0
57129,0
92704,0
101284,0
148213,0
43533,1
25332,1
1112,1
62300,0
63192,0
12889,1
113257,0
104264,0
93122,0
99727,0
135980,0
133039,0
35866,1
21319,1
102824,0
65105,0
65751,0
156145,0
110516,0
11226,1
2703,1
15220,1
140783,0
133546,0
63376,0
96209,0
106320,0
8055,1
64400,0
9062,1
32676,1
33757,1
60597,0
100351,0
112840,0
98284,0
115563,0
83970,0
81395,0
35923,1
28946,1
77808,0
22207,1
16752,1
143221,0
82542,0
57514,0
1814,1
136939,0
158632,0
118906,0
8273,1
36919,1
99942,0
22989,1
14393,1
52064,0
6275,1
131542,0
111049,0
147815,0
111234,0
26179,1
123999,0
137571,0
74126,0
130612,0
124830,0
136379,0
101710,0
20398,1
128112,0
43773,1
26301,1
67050,0
155630,0
132263,0
36581,1
146970,0
28720,1
2697,1
92510,0
16243,1
22232,1
150909,0
71226,0
110667,0
146016,0
97240,0
50113,0
378,1
27746,1
4232,1
121778,0
49831,0
116680,0
133020,0
126761,0
43221,1
70329,0
32368,1
88397,0
89285,0
63322,0
104634,0
44058,1
63065,0
87904,0
105622,0
120023,0
149316,0
99515,0
62370,0
80193,0
21066,1
117005,0
26464,1
145185,0
55905,0
40294,1
136240,0
108731,0
156021,0
34494,1
96996,0
34598,1
141211,0
3017,1
40667,1
77243,0
140310,0
103276,0
2169,1
55827,0
110122,0
117218,0
47011,0
140137,0
47744,0
65904,0
100837,0
29066,1
118134,0
115664,0
148324,0
7859,1
100262,0
84528,0
22678,1
86912,0
22090,1
158726,0
122526,0
147421,0
56128,0
157831,0
8839,1
100552,0
107068,0
110329,0
20852,1
135838,0
15151,1
125523,0
134924,0
134019,0
30287,1
145054,0
134607,0
85080,0
29981,1
5130,1
130865,0
114565,0
74124,0
71151,0
64520,0
9778,1
26178,1
40859,1
108584,0
109504,0
61646,0
133581,0
139317,0
97079,0
56667,0
89488,0
42197,1
130245,0
49717,0
132006,0
48329,0
59035,0
106675,0
46954,0
87843,0
108585,0
9142,1
107719,0
123362,0
74172,0
128937,0
19003,1
118113,0
74568,0
78911,0
4569,1
57066,0
3384,1
122668,0
43458,1
107314,0
131712,0
139949,0
108202,0
135498,0
11049,1
128240,0
119676,0
63676,0
54013,0
157947,0
151296,0
60920,0
108566,0
123672,0
103171,0
111728,0
103006,0
59926,0
88814,0
8885,1
64419,0
28659,1
23628,1
116219,0
145615,0
151946,0
92410,0
132187,0
55617,0
62140,0
119734,0
138151,0
143218,0
24502,1
36472,1
38161,1
32810,1
61583,0
98978,0
29504,1
51801,0
99148,0
145632,0
108635,0
38057,1
51685,0
136075,0
76838,0
141436,0
35042,1
111146,0
24932,1
33161,1
56553,0
22709,1
90579,0
9608,1
48920,0
58039,0
148315,0
48655,0
126388,0
61356,0
2254,1
108836,0
98706,0
142727,0
47326,0
39048,1
23645,1
38538,1
155800,0
143251,0
131138,0
155220,0
94808,0
30736,1
7536,1
53418,0
129050,0
89892,0
140389,0
89244,0
101639,0
100920,0
59742,0
143843,0
2275,1
40004,1
114680,0
77587,0
117669,0
96916,0
90100,0
950,1
73135,0
132770,0
355,1
64347,0
118976,0
134903,0
125051,0
128790,0
102182,0
47139,0
125192,0
137629,0
126210,0
82110,0
92650,0
27268,1
53032,0
101212,0
27713,1
7482,1
45677,0
33890,1
127874,0
89253,0
7834,1
55039,0
97767,0
24045,1
108053,0
136524,0
9733,1
93552,0
133410,0
139859,0
20337,1
31546,1
66008,0
120374,0
74197,0
60391,0
103864,0
51424,0
81663,0
25681,1
138205,0
128520,0
31602,1
53227,0
41015,1
56438,0
113909,0
86243,0
7630,1
54639,0
26544,1
41480,1
84670,0
64668,0
86963,0
151831,0
141998,0
101204,0
72264,0
21450,1
83290,0
122144,0
40875,1
23101,1
21919,1
136883,0
70464,0
62854,0
155794,0
147322,0
109968,0
75492,0
125560,0
26905,1
14410,1
8005,1
123102,0
49959,0
91531,0
66470,0
118935,0
45735,0
148576,0
70427,0
34793,1
40258,1
3967,1
82691,0
79319,0
80510,0
123560,0
89068,0
47194,0
51946,0
138113,0
87853,0
33938,1
20313,1
69003,0
146694,0
144759,0
24339,1
89994,0
78698,0
148810,0
60311,0
53351,0
101526,0
14346,1
62738,0
65599,0
98927,0
105295,0
135765,0
59193,0
36038,1
36881,1
113710,0
124141,0
122388,0
88823,0
111030,0
6371,1
67585,0
134790,0
33436,1
132791,0
118376,0
143931,0
143272,0
3659,1
95817,0
55451,0
42955,1
61593,0
91139,0
55625,0
118491,0
137731,0
129443,0
52692,0
104247,0
102179,0
97066,0
70752,0
92814,0
79142,0
43666,1
109380,0
89845,0
110833,0
18690,1
1556,1
65621,0
116117,0
144108,0
118731,0
112885,0
76616,0
31539,1
84854,0
119582,0
89566,0
59379,0
45560,0
143449,0
59794,0
58529,0
137886,0
137820,0
130280,0
50324,0
3569,1
133083,0
67010,0
35858,1
110906,0
51452,0
100732,0
8366,1
82051,0
104786,0
128975,0
57756,0
90343,0
41700,1
152631,0
77985,0
54231,0
47787,0
69007,0
100817,0
127281,0
118655,0
97943,0
109847,0
66774,0
141509,0
87332,0
88422,0
103722,0
45369,0
127689,0
106142,0
90893,0
35330,1
58020,0
148476,0
114017,0
65834,0
24799,1
14077,1
80537,0
12705,1
115427,0
106155,0
14240,1
51750,0
39533,1
79723,0
3651,1
109541,0
147698,0
9814,1
50775,0
88628,0
146727,0
75921,0
7533,1
139233,0
3677,1
152360,0
137003,0
22615,1
5566,1
73113,0
53147,0
153104,0
40700,1
64694,0
144990,0
158411,0
150907,0
62394,0
36617,1
20419,1
155710,0
2660,1
10635,1
103063,0
97155,0
20959,1
142435,0
76018,0
34513,1
73803,0
48614,0
129376,0
32162,1
26234,1
123438,0
158614,0
88827,0
40408,1
43223,1
2272,1
54841,0
108252,0
31095,1
139699,0
127328,0
66018,0
27737,1
104419,0
74491,0
86448,0
81066,0
116555,0
143040,0
95636,0
26900,1
7557,1
76871,0
102674,0
59347,0
142677,0
16546,1
155581,0
130091,0
51810,0
35835,1
138709,0
17990,1
141849,0
103371,0
119899,0
8593,1
114882,0
69729,0
152204,0
124787,0
2056,1
77360,0
14725,1
49142,0
130596,0
106358,0
155367,0
77460,0
20619,1
103871,0
43333,1
88361,0
111750,0
126378,0
32072,1
142410,0
73477,0
112663,0
4103,1
111081,0
77241,0
70746,0
58449,0
99309,0
137393,0
31738,1
72766,0
110355,0
31303,1
59853,0
114897,0
137925,0
46169,0
78170,0
111711,0
84887,0
63088,0
30735,1
156541,0
58515,0
139174,0
19621,1
9193,1
113146,0
137867,0
65629,0
44693,1
73188,0
4528,1
130028,0
155532,0
155827,0
88902,0
108665,0
144133,0
57093,0
3085,1
25867,1
74276,0
84354,0
106834,0
150998,0
382,1
149084,0
17698,1
17820,1
35850,1
151388,0
6075,1
65685,0
63715,0
151886,0
150880,0
45370,0
76176,0
15140,1
58309,0
40937,1
85223,0
110257,0
76125,0
94941,0
51751,0
53643,0
70463,0
41370,1
76826,0
156019,0
121719,0
149450,0
82417,0
30577,1
28881,1
84538,0
140120,0
113088,0
17879,1
140065,0
74175,0
98942,0
121993,0
141488,0
79771,0
151517,0
134658,0
104502,0
80340,0
158213,0
87498,0
3181,1
71895,0
66045,0
155082,0
11337,1
122114,0
40785,1
117053,0
39842,1
86893,0
88979,0
83139,0
142365,0
146205,0
102805,0
136235,0
10453,1
145446,0
67083,0
142408,0
112844,0
17638,1
84811,0
71042,0
148615,0
10029,1
120574,0
58044,0
2780,1
117913,0
1448,1
96972,0
152795,0
36527,1
47978,0
113759,0
2289,1
110568,0
148025,0
37010,1
17834,1
132245,0
42176,1
108656,0
26622,1
30555,1
59801,0
115540,0
69543,0
25979,1
29755,1
124182,0
128698,0
60107,0
127686,0
34310,1
15618,1
141955,0
30864,1
19410,1
151589,0
14125,1
37595,1
136283,0
15454,1
24203,1
9022,1
39435,1
66254,0
147185,0
77226,0
123886,0
70389,0
98194,0
78259,0
39595,1
33326,1
10872,1
149391,0
107847,0
102818,0
154819,0
89885,0
101633,0
59509,0
96261,0
23223,1
77488,0
6922,1
7277,1
58909,0
1192,1
85583,0
99449,0
133008,0
87196,0
32328,1
6109,1
28727,1
55384,0
19587,1
117837,0
88939,0
84098,0
97199,0
129134,0
53526,0
20565,1
43198,1
126640,0
109063,0
69827,0
53169,0
51116,0
145201,0
99323,0
147843,0
44601,1
148925,0
120651,0
17561,1
20589,1
73862,0
124774,0
73089,0
154040,0
35663,1
52068,0
35672,1
24153,1
37603,1
134809,0
26317,1
92766,0
36569,1
106565,0
21839,1
109254,0
145219,0
6106,1
38427,1
146061,0
30294,1
138433,0
76278,0
48750,0
27108,1
29566,1
145404,0
139250,0
18319,1
29488,1
123676,0
50279,0
117280,0
22776,1
132819,0
42423,1
58422,0
119470,0
86136,0
119460,0
83956,0
64234,0
1629,1
66009,0
141388,0
25371,1
4034,1
101770,0
95475,0
81992,0
134030,0
46039,0
43927,1
15432,1
92652,0
6566,1
118229,0
5053,1
62556,0
109303,0
145011,0
137785,0
46440,0
118992,0
126665,0
130791,0
437,1
50247,0
91414,0
128397,0
44673,1
4991,1
44852,1
17783,1
32219,1
30312,1
70322,0
61405,0
143678,0
21205,1
37464,1
87000,0
74045,0
21616,1
25725,1
34590,1
57181,0
1036,1
42533,1
86075,0
139047,0
91837,0
101636,0
99295,0
70361,0
145763,0
121084,0
62817,0
54475,0
122237,0
33727,1
136290,0
55951,0
120381,0
72133,0
22562,1
145773,0
89298,0
129234,0
65691,0
35717,1
135356,0
23232,1
17379,1
41080,1
25170,1
139569,0
79309,0
51606,0
9243,1
52706,0
67682,0
46962,0
9726,1
157164,0
86986,0
55706,0
128450,0
122511,0
896,1
145262,0
96506,0
56650,0
91510,0
53485,0
90908,0
90168,0
143724,0
75531,0
3879,1
39890,1
127232,0
124643,0
138833,0
151054,0
39846,1
43641,1
139509,0
28212,1
101936,0
115218,0
86590,0
1839,1
67435,0
115777,0
139360,0
96430,0
140377,0
98791,0
18788,1
13072,1
154010,0
105286,0
61142,0
25946,1
39337,1
6189,1
34314,1
78403,0
84131,0
55022,0
71263,0
107904,0
6001,1
23944,1
157830,0
11354,1
114602,0
74314,0
33908,1
140668,0
94415,0
36371,1
102411,0
7809,1
8551,1
123833,0
89072,0
48590,0
137732,0
121788,0
68320,0
68457,0
16034,1
84297,0
154409,0
118137,0
87770,0
3455,1
86828,0
85745,0
41909,1
64048,0
85411,0
18593,1
77976,0
12437,1
22891,1
32999,1
10023,1
99417,0
70648,0
75528,0
61206,0
69010,0
40926,1
79049,0
106360,0
30209,1
96835,0
4054,1
102134,0
57590,0
5864,1
100052,0
98885,0
75896,0
73370,0
68695,0
15406,1
121329,0
65581,0
50321,0
2553,1
11761,1
144260,0
107341,0
114066,0
149914,0
83249,0
24102,1
24954,1
23999,1
151951,0
120716,0
131617,0
95673,0
134190,0
67805,0
110641,0
4139,1
114593,0
145306,0
121058,0
3397,1
57297,0
12043,1
99680,0
37142,1
81306,0
50335,0
129707,0
71842,0
14434,1
39925,1
119723,0
58038,0
88231,0
64625,0
113053,0
67448,0
999,1
1795,1
82227,0
109580,0
91905,0
91809,0
152492,0
134703,0
24377,1
16351,1
25123,1
55632,0
44089,1
62294,0
28200,1
72169,0
383,1
96410,0
82744,0
10395,1
91232,0
97239,0
106492,0
70912,0
56579,0
87731,0
155955,0
144388,0
145369,0
66898,0
133484,0
2175,1
127806,0
332,1
28090,1
113349,0
113226,0
25923,1
9548,1
157246,0
94375,0
40225,1
45644,0
15529,1
110461,0
1557,1
137467,0
33123,1
4632,1
14053,1
3759,1
38800,1
53213,0
43123,1
150426,0
150557,0
118560,0
56531,0
1361,1
46225,0
78136,0
147563,0
13571,1
84270,0
65726,0
21609,1
69882,0
81457,0
157350,0
39242,1
59875,0
89143,0
90584,0
44317,1
7773,1
131465,0
3075,1
83917,0
113651,0
142765,0
144590,0
41690,1
87359,0
139512,0
102919,0
22793,1
69650,0
146482,0
155107,0
111891,0
76462,0
57737,0
125122,0
123724,0
68864,0
11439,1
15991,1
144510,0
48356,0
55869,0
78839,0
141483,0
21743,1
74256,0
17066,1
139196,0
17302,1
61228,0
111075,0
112256,0
71522,0
5583,1
79774,0
5132,1
55424,0
145838,0
113091,0
92430,0
100914,0
111247,0
4099,1
98224,0
101092,0
36588,1
94092,0
120979,0
18213,1
123094,0
92514,0
155918,0
60653,0
92796,0
51643,0
95570,0
138860,0
73884,0
153605,0
120980,0
71480,0
65433,0
109889,0
32270,1
95448,0
74310,0
122632,0
106073,0
143518,0
63620,0
103822,0
140000,0
151720,0
98070,0
124853,0
53520,0
147370,0
73205,0
5711,1
1135,1
106981,0
20209,1
128475,0
114838,0
92218,0
112535,0
109286,0
127917,0
2350,1
117603,0
70397,0
37113,1
24375,1
102504,0
137117,0
51989,0
97437,0
137257,0
17256,1
35871,1
155958,0
11787,1
37628,1
64776,0
4676,1
33656,1
29500,1
35665,1
102449,0
124174,0
105081,0
100973,0
38609,1
103384,0
29741,1
83739,0
88471,0
136938,0
141855,0
32518,1
404,1
112201,0
128538,0
3059,1
131778,0
42985,1
100943,0
145941,0
86261,0
27904,1
45380,0
61234,0
4370,1
153928,0
71986,0
66507,0
89357,0
73136,0
113169,0
125843,0
125995,0
26956,1
15885,1
10002,1
106405,0
41672,1
70838,0
97928,0
40217,1
149073,0
147028,0
37265,1
38835,1
26845,1
44742,1
7561,1
132025,0
30163,1
119795,0
116496,0
29836,1
112843,0
14887,1
9040,1
48759,0
88784,0
140821,0
38112,1
68859,0
144209,0
19721,1
97774,0
36787,1
29361,1
52262,0
40617,1
65964,0
42227,1
24750,1
96758,0
60453,0
7522,1
70549,0
135972,0
139488,0
111089,0
79564,0
11800,1
125848,0
45445,0
74947,0
155268,0
33516,1
89987,0
2551,1
27100,1
157908,0
3510,1
142780,0
4064,1
57803,0
139499,0
13108,1
79574,0
120532,0
31536,1
43768,1
10492,1
107383,0
134284,0
133497,0
8949,1
87054,0
55348,0
27669,1
41419,1
57802,0
146023,0
100674,0
115752,0
124464,0
41118,1
131628,0
6424,1
3197,1
113833,0
60446,0
57740,0
107,1
92330,0
7913,1
93606,0
53766,0
29722,1
74063,0
79879,0
30488,1
73401,0
93630,0
80214,0
67225,0
78041,0
56813,0
75194,0
52375,0
123587,0
7113,1
33510,1
151768,0
136738,0
6465,1
93485,0
50198,0
129127,0
54015,0
146681,0
24914,1
106574,0
69137,0
20889,1
148563,0
22430,1
29153,1
61243,0
138461,0
3802,1
131389,0
32508,1
155639,0
156133,0
28812,1
44917,1
139192,0
77688,0
137237,0
151584,0
45097,0
120005,0
23704,1
16824,1
90549,0
14315,1
99507,0
35002,1
100199,0
12334,1
27208,1
130149,0
53205,0
129713,0
157925,0
57354,0
52919,0
76422,0
111289,0
138141,0
97062,0
149712,0
111061,0
47306,0
143258,0
72282,0
152587,0
156931,0
88687,0
60649,0
99934,0
1560,1
3954,1
118357,0
61004,0
107441,0
747,1
5647,1
147452,0
122081,0
132638,0
141917,0
37905,1
154982,0
64687,0
97985,0
137841,0
39963,1
76519,0
57120,0
32866,1
106038,0
15498,1
63537,0
113797,0
99195,0
48725,0
27951,1
93792,0
73765,0
47322,0
103997,0
93776,0
129916,0
82483,0
120225,0
760,1
125451,0
107173,0
82898,0
116505,0
18468,1
137558,0
93666,0
4204,1
119523,0
52034,0
10988,1
93823,0
76891,0
52631,0
52243,0
31305,1
16073,1
70394,0
129311,0
124129,0
77462,0
50280,0
44925,1
14622,1
127117,0
90181,0
135293,0
13495,1
153715,0
43185,1
110321,0
37677,1
41159,1
12953,1
43603,1
106559,0
103041,0
16324,1
94046,0
26897,1
34054,1
127465,0
81322,0
61572,0
56864,0
158808,0
32640,1
125680,0
76921,0
70201,0
71711,0
48777,0
95422,0
23144,1
75333,0
141515,0
49005,0
59418,0
95427,0
47173,0
91948,0
134881,0
96991,0
91789,0
131806,0
44989,1
62924,0
157359,0
140011,0
106628,0
53767,0
123852,0
74358,0
8927,1
43624,1
107048,0
25800,1
83210,0
64239,0
68343,0
140147,0
117744,0
93958,0
55903,0
7387,1
140608,0
132487,0
80430,0
101387,0
39334,1
68059,0
128003,0
70630,0
78455,0
107814,0
108181,0
59546,0
94590,0
113629,0
143277,0
11530,1
37078,1
119793,0
18421,1
153974,0
137271,0
14541,1
82974,0
76940,0
70865,0
118119,0
129286,0
45868,0
93906,0
102730,0
63916,0
38346,1
102563,0
57973,0
82460,0
56070,0
119048,0
51002,0
109002,0
83125,0
72754,0
30957,1
75141,0
116153,0
143692,0
4025,1
119973,0
29640,1
41075,1
76235,0
24663,1
120263,0
106646,0
97933,0
141349,0
116552,0
62299,0
46840,0
17500,1
47145,0
150536,0
63078,0
114219,0
92500,0
125111,0
10038,1
122440,0
49587,0
45518,0
20835,1
125837,0
61482,0
78406,0
13712,1
53652,0
136247,0
31432,1
31736,1
1778,1
90142,0
106721,0
120858,0
24628,1
113143,0
24212,1
133424,0
114806,0
135033,0
25497,1
10197,1
124142,0
74785,0
136857,0
8250,1
43128,1
140122,0
59432,0
29855,1
105036,0
146958,0
23741,1
145594,0
89992,0
90513,0
83433,0
144324,0
127243,0
68273,0
156181,0
107083,0
125343,0
78082,0
119501,0
34620,1
20622,1
15538,1
52884,0
77894,0
122687,0
27770,1
47571,0
24869,1
152115,0
136212,0
122022,0
20991,1
47327,0
85514,0
36281,1
68763,0
73551,0
119433,0
11600,1
138818,0
67293,0
15298,1
38119,1
112944,0
150966,0
602,1
10258,1
44356,1
145555,0
25448,1
6271,1
132820,0
159108,0
127754,0
22248,1
138371,0
40077,1
13153,1
77606,0
2867,1
106209,0
65734,0
76411,0
28683,1
111991,0
1053,1
116895,0
5854,1
111071,0
147941,0
44528,1
118165,0
95698,0
55289,0
7144,1
79781,0
150141,0
70316,0
150870,0
146623,0
111895,0
41122,1
155318,0
15522,1
17245,1
68240,0
153256,0
79478,0
54588,0
73594,0
115764,0
117347,0
34067,1
99646,0
14793,1
134823,0
38186,1
139073,0
48136,0
55793,0
144816,0
138535,0
68310,0
41299,1
127181,0
529,1
84869,0
133237,0
122075,0
85030,0
41090,1
622,1
1697,1
13557,1
22946,1
88093,0
57271,0
18574,1
26338,1
31887,1
130938,0
54622,0
156152,0
155869,0
100366,0
97018,0
115504,0
6417,1
80142,0
8494,1
51788,0
129850,0
49057,0
12673,1
142912,0
154645,0
86315,0
51940,0
71012,0
75604,0
152963,0
97264,0
129681,0
81179,0
31507,1
53510,0
121253,0
95914,0
139382,0
106076,0
18902,1
25502,1
4648,1
53311,0
103984,0
20904,1
36959,1
12144,1
17055,1
107942,0
23416,1
33037,1
126331,0
11917,1
147581,0
9132,1
131107,0
135693,0
148585,0
135072,0
144989,0
125036,0
72888,0
31693,1
86479,0
91576,0
136906,0
14281,1
63313,0
10298,1
96665,0
37961,1
136070,0
114255,0
19098,1
144041,0
95063,0
133641,0
14561,1
42607,1
7551,1
59340,0
130653,0
146253,0
549,1
131150,0
99100,0
74067,0
137392,0
143842,0
41471,1
56936,0
77920,0
157437,0
43679,1
136361,0
101922,0
29443,1
129141,0
836,1
33913,1
155662,0
91516,0
148963,0
29236,1
32539,1
129067,0
23726,1
157476,0
146141,0
155741,0
7278,1
80610,0
111508,0
150363,0
83123,0
62672,0
23615,1
148505,0
36387,1
49461,0
47097,0
80813,0
59033,0
148246,0
96180,0
117801,0
14253,1
146586,0
154447,0
72383,0
25157,1
67378,0
76568,0
27067,1
32789,1
133659,0
4082,1
117900,0
46077,0
1529,1
8003,1
133084,0
66340,0
23215,1
61300,0
93012,0
56905,0
132473,0
52071,0
92701,0
149591,0
15063,1
61807,0
102148,0
17531,1
159230,0
136772,0
67832,0
138795,0
102335,0
132200,0
39730,1
46408,0
78019,0
27649,1
143847,0
147534,0
18347,1
58599,0
110809,0
130642,0
98694,0
96314,0
36207,1
110590,0
83586,0
122993,0
134618,0
61791,0
123998,0
111802,0
129890,0
55337,0
23780,1
69868,0
77576,0
126181,0
114337,0
135753,0
117003,0
37298,1
99647,0
146446,0
139962,0
29070,1
150712,0
5308,1
96756,0
113256,0
80985,0
152682,0
108896,0
153260,0
67175,0
45742,0
90554,0
57230,0
75616,0
123697,0
99911,0
46968,0
110159,0
143885,0
73076,0
66552,0
83320,0
96127,0
38554,1
56414,0
117918,0
64121,0
131010,0
123123,0
115112,0
130732,0
59493,0
97248,0
26275,1
7511,1
100296,0
116455,0
145806,0
35436,1
122333,0
122939,0
150921,0
8487,1
23275,1
139655,0
21829,1
19001,1
126860,0
159224,0
63735,0
57402,0
99272,0
99314,0
101434,0
93580,0
132172,0
101887,0
79185,0
139704,0
28643,1
91680,0
150113,0
45175,0
41946,1
15445,1
122649,0
40461,1
104953,0
58061,0
31765,1
97766,0
10956,1
126050,0
29880,1
151478,0
44512,1
35731,1
134605,0
8709,1
157917,0
6412,1
102733,0
11491,1
26354,1
137781,0
34005,1
124277,0
140172,0
34189,1
81522,0
22464,1
85255,0
62226,0
150552,0
13521,1
74718,0
83625,0
25614,1
18580,1
7790,1
78047,0
127599,0
142246,0
46129,0
18508,1
71273,0
85221,0
159460,0
141067,0
86834,0
120969,0
124202,0
151507,0
112473,0
84750,0
126408,0
98400,0
1382,1
90687,0
2544,1
48797,0
137096,0
117568,0
105427,0
100324,0
112567,0
39913,1
14245,1
146221,0
110978,0
42807,1
116248,0
114401,0
40627,1
48966,0
141776,0
11487,1
90709,0
108960,0
100144,0
32593,1
4226,1
111110,0
22499,1
106938,0
128034,0
17719,1
21339,1
78355,0
130718,0
106942,0
53486,0
61431,0
20707,1
49133,0
120564,0
21435,1
98318,0
52725,0
137960,0
4116,1
46837,0
156268,0
96705,0
31659,1
124015,0
152339,0
119979,0
527,1
118838,0
86966,0
75439,0
41691,1
126743,0
47169,0
19780,1
89649,0
66528,0
7437,1
8666,1
93159,0
32222,1
117110,0
40436,1
71624,0
157552,0
138373,0
6403,1
13873,1
15423,1
27374,1
67890,0
47689,0
47590,0
119555,0
52767,0
23710,1
108915,0
42905,1
107638,0
126436,0
128804,0
150218,0
92022,0
77733,0
148456,0
20031,1
116561,0
21194,1
123568,0
150675,0
151390,0
141576,0
14576,1
6377,1
133712,0
5520,1
48732,0
118266,0
120472,0
75703,0
125385,0
146577,0
87777,0
72066,0
38778,1
43348,1
113331,0
138280,0
65596,0
102115,0
21928,1
23133,1
102935,0
139453,0
117613,0
109116,0
14391,1
2989,1
62943,0
111695,0
47732,0
53492,0
10235,1
150701,0
116318,0
91412,0
149500,0
105121,0
115914,0
134101,0
102926,0
37168,1
103456,0
19836,1
81724,0
132506,0
21782,1
127029,0
91274,0
108448,0
122070,0
72125,0
34611,1
55497,0
99432,0
88416,0
91853,0
57046,0
134310,0
103642,0
46593,0
26483,1
39590,1
133590,0
23359,1
22844,1
110954,0
75380,0
137036,0
89114,0
86972,0
44409,1
135619,0
6077,1
6249,1
32455,1
27796,1
17631,1
114356,0
102740,0
9402,1
62095,0
53522,0
98449,0
11767,1
6337,1
132494,0
16232,1
23034,1
114994,0
122111,0
104757,0
36523,1
128249,0
58530,0
100518,0
25334,1
56628,0
62059,0
40804,1
12738,1
111705,0
142338,0
86916,0
99870,0
77668,0
114022,0
151874,0
100067,0
19920,1
149574,0
53534,0
95086,0
89789,0
87452,0
34977,1
85429,0
9474,1
15678,1
110772,0
124462,0
78771,0
71051,0
35120,1
153164,0
97473,0
140271,0
116282,0
28388,1
31828,1
3285,1
1478,1
81554,0
46185,0
123366,0
127601,0
52103,0
139492,0
53346,0
90849,0
52728,0
106504,0
83566,0
42031,1
7326,1
114383,0
149397,0
60780,0
139450,0
76816,0
57192,0
49370,0
92002,0
138344,0
104938,0
52925,0
30812,1
19128,1
63869,0
97172,0
102719,0
136089,0
67597,0
127890,0
158010,0
93255,0
22025,1
147371,0
69775,0
46452,0
57596,0
73446,0
155780,0
20465,1
85606,0
27333,1
126141,0
133114,0
54893,0
105635,0
62531,0
157087,0
41164,1
122163,0
38384,1
63434,0
11669,1
43155,1
148414,0
20458,1
15184,1
134745,0
143720,0
89457,0
143966,0
49493,0
119494,0
100691,0
122922,0
81955,0
146116,0
87098,0
87276,0
120466,0
113916,0
4864,1
158497,0
106046,0
32628,1
103772,0
107757,0
66881,0
137445,0
34933,1
108107,0
87371,0
100911,0
78829,0
110042,0
25925,1
56298,0
55510,0
23613,1
118343,0
65634,0
29232,1
18447,1
144517,0
95200,0
28071,1
120253,0
98582,0
90629,0
144751,0
80728,0
14952,1
46913,0
15038,1
107367,0
5320,1
20336,1
13632,1
149308,0
94950,0
133052,0
87700,0
58047,0
15985,1
150423,0
93316,0
25819,1
99833,0
148845,0
152235,0
24893,1
39058,1
6795,1
97272,0
146191,0
120034,0
40153,1
10442,1
119465,0
158379,0
129543,0
21414,1
14996,1
59552,0
6352,1
106678,0
68899,0
22688,1
81111,0
61574,0
5068,1
145188,0
149147,0
118120,0
124733,0
69396,0
108336,0
50889,0
141482,0
58080,0
20312,1
33708,1
126014,0
94845,0
84994,0
44780,1
131144,0
49660,0
154485,0
119917,0
36442,1
142491,0
149217,0
223,1
139963,0
28223,1
83904,0
108236,0
43225,1
109273,0
119157,0
157093,0
82355,0
84198,0
27754,1
81509,0
19395,1
82306,0
60564,0
144691,0
122777,0
86297,0
130114,0
59732,0
39305,1
77521,0
44855,1
16861,1
53617,0
21614,1
40685,1
25220,1
62942,0
68927,0
125663,0
93722,0
2960,1
154812,0
58838,0
145004,0
6196,1
47534,0
43475,1
79700,0
130454,0
120594,0
102737,0
76011,0
97669,0
155386,0
145472,0
61071,0
85934,0
87096,0
58339,0
62153,0
112482,0
93669,0
31648,1
92852,0
20274,1
7370,1
78968,0
81909,0
106041,0
30146,1
2591,1
157322,0
93521,0
28855,1
127019,0
89797,0
108365,0
119514,0
159775,0
36129,1
94003,0
147131,0
63478,0
18288,1
8512,1
77663,0
12099,1
41673,1
43226,1
104008,0
42847,1
132416,0
138099,0
10609,1
40003,1
110914,0
76561,0
114363,0
80045,0
115688,0
15329,1
27605,1
31041,1
28652,1
7578,1
106571,0
159442,0
37511,1
29731,1
39677,1
66157,0
22842,1
32309,1
101438,0
85771,0
105529,0
149123,0
11587,1
98502,0
74679,0
129170,0
68456,0
99131,0
120145,0
2040,1
90705,0
159406,0
23320,1
153921,0
122394,0
117500,0
109844,0
54416,0
105062,0
111973,0
65191,0
68822,0
52848,0
82753,0
22986,1
80095,0
69747,0
111036,0
20309,1
104044,0
22586,1
46589,0
135258,0
114592,0
488,1
9856,1
7451,1
69235,0
111942,0
13882,1
105735,0
95356,0
29251,1
101746,0
89394,0
111260,0
152476,0
45926,0
25854,1
99075,0
12233,1
80915,0
148512,0
47891,0
84886,0
86946,0
136530,0
135172,0
66791,0
14904,1
70208,0
152772,0
95289,0
55803,0
74967,0
24939,1
129741,0
38499,1
156839,0
129074,0
100396,0
51574,0
101075,0
60463,0
158391,0
112726,0
119861,0
99840,0
23886,1
136623,0
13140,1
126631,0
66020,0
57433,0
5911,1
38661,1
115333,0
54785,0
3749,1
116987,0
28732,1
9244,1
125605,0
120250,0
75878,0
102440,0
40006,1
138878,0
79301,0
9350,1
76067,0
88808,0
16779,1
95383,0
23099,1
66604,0
47001,0
42400,1
47283,0
3861,1
8827,1
19077,1
145893,0
129534,0
53070,0
4456,1
49966,0
119658,0
1326,1
67736,0
113709,0
17807,1
81293,0
16477,1
154413,0
58579,0
50817,0
155856,0
42129,1
33261,1
136791,0
108055,0
23300,1
98311,0
46308,0
30085,1
136368,0
104443,0
96089,0
75949,0
143278,0
13241,1
26489,1
148348,0
139379,0
6035,1
77233,0
37031,1
144630,0
159151,0
101556,0
75039,0
154638,0
84794,0
92014,0
73001,0
157220,0
19610,1
118218,0
116162,0
70188,0
83977,0
103611,0
49221,0
116750,0
31261,1
101998,0
35201,1
21536,1
107796,0
40917,1
42438,1
92120,0
107451,0
60579,0
129393,0
94600,0
3477,1
120747,0
17236,1
21659,1
75052,0
100761,0
100565,0
32,1
130871,0
52205,0
106898,0
60694,0
70512,0
129913,0
99530,0
58537,0
128401,0
110810,0
113183,0
106381,0
37633,1
142129,0
54580,0
124873,0
129994,0
107756,0
137735,0
147665,0
88122,0
39212,1
42265,1
15901,1
92665,0
98846,0
29666,1
103226,0
82556,0
52418,0
86056,0
67654,0
103111,0
78890,0
19729,1
106636,0
93259,0
68242,0
93944,0
34876,1
154284,0
100665,0
83113,0
101997,0
96844,0
33445,1
132079,0
58489,0
77490,0
1106,1
32649,1
50687,0
71658,0
136421,0
103023,0
5071,1
155797,0
122252,0
120974,0
106378,0
30953,1
115849,0
55999,0
32163,1
31684,1
111377,0
27971,1
108856,0
88520,0
88964,0
14134,1
8951,1
69221,0
58448,0
113292,0
62617,0
49602,0
30838,1
44750,1
60921,0
62964,0
123501,0
73940,0
96602,0
71642,0
64587,0
38757,1
44294,1
119353,0
37665,1
141438,0
130967,0
96446,0
118201,0
137883,0
37651,1
88210,0
39336,1
14229,1
92189,0
134987,0
131056,0
138354,0
108832,0
147415,0
67130,0
65016,0
103572,0
115932,0
46915,0
27794,1
37221,1
3739,1
154816,0
136953,0
42602,1
79849,0
115832,0
28575,1
118453,0
98857,0
60398,0
63748,0
17705,1
2550,1
23514,1
7427,1
59359,0
18100,1
82528,0
154084,0
151873,0
137236,0
3148,1
120546,0
104934,0
67224,0
109305,0
56814,0
39028,1
43529,1
102670,0
79195,0
76767,0
152885,0
13498,1
32624,1
158613,0
49612,0
28780,1
17287,1
106109,0
74339,0
129613,0
54693,0
106750,0
42688,1
113396,0
43081,1
36464,1
5073,1
91664,0
84334,0
85590,0
125796,0
135998,0
47126,0
66750,0
16826,1
98878,0
123574,0
157469,0
74319,0
15356,1
75512,0
67787,0
136314,0
62546,0
65442,0
11313,1
98799,0
88990,0
137118,0
143119,0
103202,0
67713,0
94190,0
59526,0
139685,0
48870,0
134347,0
105637,0
36957,1
11040,1
2213,1
35513,1
70060,0
101548,0
149234,0
11645,1
149835,0
75169,0
72909,0
16213,1
4650,1
128953,0
150115,0
28054,1
115067,0
3189,1
100280,0
14317,1
121884,0
49267,0
21656,1
75307,0
49722,0
113174,0
22186,1
115583,0
137428,0
133723,0
91912,0
41721,1
149714,0
141040,0
27157,1
95752,0
14608,1
52087,0
45078,1
53341,0
121570,0
158248,0
144576,0
135989,0
17755,1
28735,1
41615,1
91574,0
76566,0
32840,1
50114,0
106920,0
137391,0
80281,0
86143,0
89889,0
48950,0
133041,0
39980,1
126418,0
127026,0
22104,1
149882,0
57247,0
156758,0
113754,0
72231,0
144886,0
43699,1
83772,0
109570,0
86973,0
153566,0
28537,1
60,1
150319,0
71544,0
6429,1
39340,1
78624,0
124287,0
74713,0
17052,1
105369,0
152305,0
133725,0
23037,1
49511,0
116764,0
153022,0
9910,1
148658,0
75236,0
16107,1
85678,0
157247,0
59152,0
114563,0
20237,1
34600,1
50565,0
4566,1
40967,1
48705,0
157809,0
156525,0
151038,0
30243,1
69217,0
19685,1
104274,0
63188,0
151350,0
141162,0
65327,0
37341,1
98755,0
38971,1
18925,1
28322,1
40096,1
109025,0
1807,1
78556,0
7852,1
119471,0
49296,0
35001,1
48278,0
60942,0
145143,0
117123,0
142779,0
639,1
97728,0
63610,0
70526,0
143436,0
73348,0
26412,1
142901,0
14145,1
48093,0
117389,0
101155,0
147848,0
9659,1
131660,0
4273,1
100099,0
64491,0
2926,1
36683,1
157435,0
17257,1
132120,0
23486,1
62823,0
17661,1
20009,1
63900,0
60793,0
30781,1
157366,0
51819,0
84425,0
72706,0
107457,0
42151,1
96711,0
53182,0
28407,1
109551,0
101241,0
128636,0
49212,0
75770,0
125057,0
109288,0
78262,0
114289,0
8573,1
8390,1
92142,0
108,1
158077,0
147956,0
11862,1
138490,0
111334,0
3459,1
144156,0
125756,0
106227,0
121832,0
117991,0
13804,1
57916,0
67981,0
31904,1
46064,0
139176,0
96927,0
61420,0
37516,1
139732,0
27312,1
58596,0
122893,0
75994,0
68231,0
29143,1
140003,0
141804,0
62569,0
150493,0
12263,1
92357,0
136558,0
105954,0
60123,0
89976,0
114667,0
79624,0
42536,1
132779,0
10850,1
87275,0
79578,0
29183,1
47274,0
85574,0
139767,0
58757,0
48169,0
35095,1
23013,1
95828,0
83542,0
89874,0
114598,0
43018,1
118066,0
14871,1
38819,1
52636,0
67602,0
55121,0
46908,0
145281,0
25532,1
5841,1
148392,0
5908,1
83941,0
49256,0
15627,1
59396,0
41027,1
59895,0
138023,0
21711,1
10617,1
51875,0
41443,1
153038,0
13412,1
114744,0
16135,1
46566,0
142714,0
92967,0
134311,0
33604,1
56598,0
55700,0
95868,0
9123,1
24366,1
49290,0
130818,0
66195,0
119382,0
147153,0
46922,0
81057,0
148609,0
29506,1
113554,0
97025,0
27467,1
87433,0
87694,0
56903,0
46599,0
20731,1
119275,0
29979,1
41517,1
131880,0
147700,0
156947,0
127773,0
60252,0
131749,0
107260,0
108160,0
88842,0
159603,0
156479,0
131606,0
71189,0
96202,0
104989,0
44838,1
120962,0
50797,0
78159,0
59908,0
100681,0
13081,1
42616,1
92785,0
82120,0
92095,0
144502,0
96938,0
125242,0
71739,0
65741,0
72692,0
69767,0
80081,0
144074,0
158487,0
66506,0
55253,0
101023,0
140726,0
92637,0
128984,0
2182,1
136150,0
26156,1
8795,1
110838,0
135557,0
140277,0
128470,0
8373,1
116092,0
88708,0
25253,1
41854,1
22876,1
95758,0
52283,0
27424,1
60580,0
13123,1
60944,0
101536,0
117068,0
103553,0
15727,1
118875,0
113234,0
118695,0
64268,0
54257,0
101505,0
60665,0
4343,1
70777,0
132568,0
116458,0
88267,0
50774,0
108947,0
6653,1
14714,1
72891,0
103789,0
99392,0
29550,1
103959,0
38454,1
112810,0
102016,0
74854,0
49150,0
122628,0
155655,0
63683,0
44299,1
149706,0
35347,1
155654,0
37917,1
64863,0
60840,0
121140,0
51646,0
79061,0
126647,0
4285,1
21259,1
21173,1
125000,0
8027,1
62704,0
52693,0
34259,1
159709,0
85109,0
142090,0
86049,0
115188,0
27691,1
132608,0
151574,0
103538,0
10691,1
9841,1
32667,1
140063,0
97245,0
110900,0
44303,1
76109,0
124085,0
31631,1
143424,0
137667,0
100755,0
31201,1
63724,0
102972,0
21057,1
11711,1
89168,0
81267,0
59581,0
152714,0
15128,1
144577,0
127778,0
7192,1
87757,0
69005,0
71075,0
50235,0
32129,1
14353,1
58666,0
42454,1
145872,0
118423,0
128406,0
98891,0
5764,1
57415,0
61853,0
69754,0
94568,0
141747,0
117982,0
64841,0
2765,1
128965,0
80681,0
126546,0
113202,0
828,1
143252,0
4990,1
63929,0
65569,0
123173,0
130797,0
113878,0
67433,0
91040,0
64884,0
157636,0
61089,0
18524,1
43559,1
111596,0
132829,0
140062,0
93047,0
153300,0
30727,1
49024,0
135314,0
58124,0
57100,0
104900,0
63515,0
17411,1
68816,0
142857,0
16489,1
82102,0
76652,0
125599,0
33092,1
11139,1
59490,0
33883,1
24665,1
120223,0
103698,0
108897,0
92268,0
24188,1
25346,1
77870,0
119682,0
9009,1
94804,0
59833,0
113589,0
97013,0
106858,0
128070,0
13048,1
98909,0
13619,1
21749,1
20116,1
29427,1
76964,0
4769,1
138558,0
109984,0
120760,0
92361,0
62405,0
121384,0
121080,0
32198,1
114703,0
124888,0
27636,1
7283,1
130676,0
149018,0
68525,0
79973,0
62568,0
145967,0
114643,0
68971,0
149489,0
5881,1
136422,0
107515,0
24528,1
75742,0
109159,0
109110,0
152997,0
102680,0
158590,0
112506,0
143816,0
83790,0
125877,0
2647,1
23315,1
110006,0
20406,1
20138,1
53387,0
116707,0
141761,0
99383,0
132447,0
124091,0
141283,0
109663,0
147024,0
21011,1
98772,0
91580,0
4827,1
138363,0
11495,1
10097,1
73148,0
30498,1
24641,1
113527,0
42258,1
58926,0
62204,0
154989,0
70699,0
76883,0
122103,0
17885,1
142480,0
73365,0
157752,0
83250,0
147929,0
27977,1
90140,0
1057,1
114220,0
33514,1
48537,0
139025,0
154333,0
60554,0
42206,1
1514,1
76010,0
10637,1
64050,0
93926,0
150773,0
103687,0
155645,0
56706,0
150991,0
144357,0
141679,0
109282,0
20095,1
155844,0
35303,1
8579,1
91728,0
159610,0
95382,0
89119,0
123296,0
99960,0
88333,0
159586,0
157987,0
38485,1
64495,0
101595,0
88345,0
89465,0
153623,0
77106,0
121784,0
144165,0
94639,0
103344,0
125347,0
27143,1
82981,0
13341,1
2349,1
92545,0
141941,0
153480,0
41953,1
35985,1
118008,0
27884,1
60362,0
153119,0
56463,0
78315,0
34681,1
15547,1
87045,0
95143,0
29758,1
48809,0
68672,0
34069,1
55726,0
21513,1
119834,0
20459,1
49955,0
38945,1
62108,0
7696,1
44913,1
61363,0
23555,1
57190,0
153878,0
63044,0
35956,1
111876,0
115312,0
97870,0
17281,1
147853,0
110133,0
84699,0
30303,1
145223,0
28663,1
82193,0
59711,0
26022,1
7586,1
63030,0
10854,1
148288,0
45615,0
116106,0
46496,0
141754,0
11816,1
155005,0
85122,0
118938,0
89615,0
32967,1
127682,0
18483,1
89799,0
43524,1
116289,0
81856,0
147281,0
45893,0
104298,0
37276,1
31197,1
97192,0
92030,0
32868,1
157575,0
18322,1
79505,0
91937,0
47545,0
158498,0
137179,0
93801,0
84106,0
130546,0
58632,0
129328,0
123601,0
114765,0
100114,0
71515,0
13100,1
50709,0
128307,0
17097,1
109905,0
41782,1
114287,0
48470,0
30519,1
137949,0
86241,0
60335,0
132341,0
143945,0
125950,0
146300,0
11514,1
54474,0
53795,0
147863,0
112409,0
117233,0
49058,0
88424,0
63699,0
87686,0
127229,0
67269,0
99233,0
61378,0
60832,0
55544,0
34578,1
109384,0
105087,0
110385,0
53715,0
132466,0
143927,0
116221,0
25712,1
121010,0
141719,0
62270,0
126715,0
58227,0
149738,0
125925,0
11,1
89280,0
80920,0
84031,0
113449,0
64774,0
124738,0
76811,0
31412,1
135944,0
84470,0
156681,0
3254,1
3731,1
143095,0
52396,0
141824,0
73291,0
150653,0
89390,0
119623,0
69850,0
60704,0
135884,0
139537,0
59721,0
93815,0
132673,0
159554,0
103461,0
99847,0
125411,0
120188,0
40151,1
2820,1
129659,0
9601,1
45734,0
123873,0
102778,0
58381,0
144280,0
86208,0
75665,0
45142,0
121937,0
110651,0
18054,1
93557,0
13320,1
9541,1
90114,0
24895,1
101047,0
67936,0
27457,1
109486,0
70562,0
33166,1
85129,0
65302,0
55601,0
43709,1
134726,0
27494,1
120674,0
42185,1
119000,0
141506,0
88315,0
132016,0
32381,1
20734,1
22325,1
65488,0
6774,1
110918,0
97880,0
134742,0
36615,1
57779,0
15639,1
155912,0
157579,0
78583,0
88225,0
48395,0
110799,0
43614,1
52760,0
67057,0
41260,1
52902,0
75277,0
96595,0
32544,1
128038,0
66038,0
139634,0
41663,1
48551,0
111555,0
94896,0
92307,0
27370,1
9458,1
95266,0
89888,0
7808,1
90042,0
54360,0
4551,1
46340,0
91782,0
110746,0
122965,0
111120,0
79499,0
65724,0
154476,0
93592,0
125279,0
40026,1
90119,0
77880,0
65435,0
40127,1
55317,0
155526,0
68769,0
118359,0
39132,1
155941,0
20754,1
150284,0
9178,1
83028,0
96114,0
112147,0
52363,0
133973,0
15836,1
158822,0
101211,0
77358,0
54273,0
81463,0
137926,0
30108,1
69469,0
138700,0
1851,1
63599,0
136911,0
49649,0
23505,1
93126,0
136503,0
75546,0
49743,0
138858,0
790,1
79093,0
3091,1
121865,0
113103,0
113296,0
63299,0
116454,0
146202,0
23458,1
63601,0
82291,0
86167,0
1877,1
123111,0
140979,0
67591,0
31737,1
79221,0
125746,0
59829,0
145040,0
137697,0
104208,0
23931,1
37927,1
95861,0
24556,1
114150,0
102192,0
156818,0
140976,0
152228,0
3797,1
126813,0
32352,1
14156,1
4522,1
77062,0
35400,1
93747,0
113152,0
29693,1
46860,0
40448,1
57482,0
27338,1
44340,1
30979,1
17570,1
143394,0
141522,0
47706,0
32835,1
141484,0
96043,0
142612,0
106960,0
137442,0
58425,0
130531,0
151229,0
110252,0
30366,1
45383,0
37285,1
107321,0
96716,0
32710,1
142516,0
119967,0
121665,0
41810,1
23815,1
10869,1
47851,0
63125,0
66514,0
80505,0
125318,0
128580,0
8380,1
32877,1
138124,0
146207,0
149713,0
14733,1
9259,1
37256,1
14889,1
133176,0
14457,1
102211,0
79756,0
49632,0
145682,0
37244,1
9764,1
43931,1
28718,1
80477,0
4119,1
69179,0
84748,0
119129,0
51627,0
60804,0
63206,0
97087,0
19104,1
147110,0
77915,0
45597,0
143129,0
113251,0
37534,1
39523,1
123712,0
50898,0
62091,0
26467,1
1196,1
123125,0
104197,0
106900,0
125895,0
35332,1
22920,1
28506,1
144940,0
99639,0
93492,0
44297,1
9868,1
15903,1
72332,0
155093,0
92158,0
101144,0
23990,1
37262,1
68872,0
51726,0
54438,0
89202,0
5776,1
78593,0
15919,1
81157,0
149614,0
43483,1
130279,0
103606,0
70947,0
100487,0
93419,0
116393,0
99502,0
57308,0
4078,1
60684,0
35478,1
53157,0
50910,0
103627,0
37241,1
42915,1
74805,0
12579,1
148099,0
148687,0
10903,1
40996,1
108590,0
154351,0
147953,0
147501,0
39662,1
120509,0
24261,1
17713,1
70411,0
148722,0
118726,0
32232,1
149881,0
17581,1
73125,0
153097,0
107885,0
66964,0
86267,0
120161,0
130421,0
57644,0
122829,0
31093,1
104737,0
93890,0
53727,0
56271,0
31098,1
98514,0
54727,0
144646,0
126771,0
119613,0
44701,1
38144,1
44373,1
58600,0
94178,0
62320,0
117576,0
32041,1
31389,1
49543,0
444,1
157441,0
19937,1
60829,0
159530,0
15106,1
57795,0
2159,1
73840,0
77512,0
103587,0
135108,0
60231,0
18419,1
85754,0
49931,0
74245,0
7327,1
158711,0
99815,0
71874,0
88506,0
97817,0
154754,0
85338,0
2860,1
79845,0
46128,0
68032,0
51458,0
4671,1
73151,0
66822,0
25299,1
7379,1
32181,1
134549,0
111828,0
55694,0
158721,0
113132,0
63720,0
35108,1
53123,0
35965,1
65010,0
153075,0
44098,1
43965,1
103581,0
133245,0
29801,1
125917,0
31956,1
116871,0
42318,1
13242,1
106917,0
152983,0
35181,1
115207,0
48416,0
151018,0
62577,0
122424,0
56010,0
96976,0
99625,0
151151,0
120547,0
63756,0
8004,1
21222,1
14756,1
50391,0
58201,0
158838,0
7744,1
44259,1
122791,0
55283,0
13514,1
106987,0
63248,0
114776,0
128981,0
142910,0
156515,0
907,1
121621,0
129583,0
46254,0
84969,0
56230,0
34394,1
65671,0
115323,0
100058,0
30666,1
68573,0
137711,0
11845,1
148911,0
110072,0
32099,1
53244,0
36640,1
22452,1
13329,1
152198,0
64955,0
33023,1
5507,1
104775,0
27034,1
61948,0
15295,1
30631,1
61327,0
13131,1
94975,0
99048,0
64595,0
157180,0
9508,1
110493,0
61083,0
107292,0
110854,0
105918,0
79079,0
56820,0
100371,0
159145,0
145420,0
117665,0
96213,0
121275,0
492,1
38746,1
119863,0
73072,0
128464,0
38753,1
36991,1
138393,0
124863,0
87948,0
61391,0
114546,0
124242,0
54111,0
64186,0
138745,0
79398,0
38937,1
66158,0
100436,0
40480,1
138295,0
148185,0
111140,0
102605,0
70817,0
87013,0
152563,0
28546,1
119444,0
59399,0
50909,0
83144,0
58997,0
141247,0
106775,0
44056,1
123834,0
77334,0
147063,0
127384,0
89528,0
99240,0
64128,0
45090,0
33373,1
50006,0
129674,0
68426,0
81323,0
3260,1
38973,1
93365,0
664,1
84552,0
154795,0
105760,0
129567,0
141989,0
57917,0
53858,0
129318,0
88833,0
45426,0
82732,0
17550,1
82472,0
13436,1
4817,1
10769,1
38716,1
31777,1
48601,0
12531,1
61710,0
133849,0
28299,1
139620,0
33307,1
130698,0
91166,0
127667,0
19205,1
143548,0
99630,0
6056,1
64521,0
69521,0
92808,0
26708,1
133203,0
156204,0
98541,0
114986,0
113987,0
15926,1
20573,1
97416,0
56475,0
6419,1
56603,0
126920,0
81642,0
82087,0
38089,1
48249,0
76033,0
14275,1
42300,1
152166,0
60634,0
28721,1
14558,1
16014,1
111416,0
114819,0
95205,0
3905,1
151070,0
140565,0
64549,0
79783,0
148796,0
23856,1
795,1
78552,0
21352,1
96624,0
24005,1
45432,0
148466,0
88290,0
22768,1
30479,1
96571,0
90872,0
12500,1
128415,0
137751,0
102645,0
101479,0
80645,0
37067,1
46213,0
7131,1
44918,1
115907,0
28751,1
80088,0
59435,0
9238,1
67135,0
42781,1
109974,0
34329,1
96418,0
12803,1
101269,0
127177,0
83551,0
132561,0
148988,0
101137,0
125689,0
25488,1
64604,0
44001,1
100933,0
97203,0
45507,0
14842,1
10005,1
140550,0
129196,0
142661,0
88744,0
158297,0
65346,0
8445,1
88553,0
109124,0
103408,0
42021,1
116848,0
111018,0
98556,0
35605,1
112705,0
144770,0
53877,0
137490,0
50573,0
81781,0
132446,0
110502,0
3729,1
125630,0
138598,0
15302,1
63073,0
148589,0
93297,0
43163,1
131741,0
139720,0
156334,0
61818,0
23826,1
88586,0
137031,0
53783,0
104679,0
84295,0
88314,0
148450,0
119291,0
17888,1
145946,0
74490,0
155611,0
30022,1
104653,0
128260,0
102874,0
109473,0
79864,0
59979,0
138180,0
12624,1
49013,0
86356,0
75010,0
155179,0
107518,0
8511,1
157344,0
81625,0
112683,0
40117,1
107017,0
45998,0
49416,0
92788,0
63027,0
87246,0
83705,0
11307,1
73294,0
10580,1
78416,0
79954,0
60792,0
148015,0
95520,0
6007,1
82429,0
52502,0
79257,0
4257,1
12103,1
148059,0
76489,0
116104,0
114045,0
70873,0
90529,0
72811,0
107829,0
33409,1
43117,1
104022,0
76803,0
114933,0
4418,1
7229,1
20557,1
77662,0
116161,0
100657,0
8606,1
80662,0
121896,0
111404,0
75172,0
83703,0
58159,0
127382,0
19510,1
25547,1
133993,0
28869,1
90263,0
112965,0
104236,0
6141,1
129410,0
89416,0
145356,0
149472,0
9254,1
37882,1
153153,0
140959,0
95900,0
138808,0
68254,0
74618,0
1141,1
105216,0
27305,1
158374,0
122354,0
146826,0
129957,0
52352,0
155442,0
115070,0
134772,0
119191,0
134271,0
92232,0
92496,0
140901,0
69153,0
23164,1
151482,0
157166,0
139829,0
145272,0
144627,0
106268,0
12191,1
63116,0
144263,0
103694,0
37305,1
120036,0
10566,1
20812,1
102451,0
21107,1
70439,0
13145,1
88657,0
152999,0
65088,0
110565,0
27031,1
122760,0
118682,0
84987,0
20316,1
145107,0
9099,1
2884,1
5889,1
155507,0
112333,0
114003,0
103799,0
86022,0
154665,0
156081,0
154429,0
90757,0
64471,0
43508,1
47196,0
64733,0
11493,1
130368,0
6769,1
131137,0
41130,1
121998,0
17314,1
139138,0
93279,0
9922,1
47972,0
11585,1
56887,0
22846,1
36447,1
56746,0
142981,0
28136,1
144006,0
123814,0
115725,0
5888,1
57641,0
101926,0
89802,0
156429,0
140566,0
143464,0
27109,1
99396,0
81926,0
151030,0
87248,0
147566,0
64197,0
136855,0
128471,0
62769,0
845,1
131919,0
50041,0
70851,0
157837,0
126901,0
124427,0
112853,0
119089,0
29322,1
50479,0
72742,0
3540,1
134645,0
137730,0
40716,1
33693,1
46780,0
47695,0
11429,1
134071,0
42439,1
104164,0
48155,0
109490,0
129173,0
77611,0
131709,0
113268,0
85997,0
145339,0
8613,1
83891,0
154107,0
39255,1
14612,1
122353,0
111323,0
130709,0
1900,1
140557,0
68325,0
145571,0
53324,0
70487,0
37207,1
77602,0
68880,0
88818,0
127378,0
114968,0
17401,1
95737,0
115119,0
22696,1
31091,1
44469,1
81688,0
142530,0
52467,0
44260,1
71503,0
92295,0
51040,0
159697,0
49144,0
66081,0
126610,0
52633,0
144610,0
129905,0
99673,0
115657,0
14048,1
83221,0
144270,0
75868,0
7818,1
99901,0
63304,0
64344,0
43891,1
53873,0
70158,0
131926,0
159572,0
82353,0
135086,0
121797,0
26454,1
149799,0
130673,0
58338,0
156478,0
126297,0
65861,0
57538,0
70266,0
131794,0
108783,0
102636,0
67978,0
16323,1
126179,0
89812,0
45181,0
106720,0
72985,0
76535,0
138508,0
130064,0
36852,1
86202,0
30325,1
88890,0
27295,1
127484,0
100703,0
131619,0
68678,0
153837,0
112003,0
8836,1
95825,0
84672,0
15882,1
152342,0
91278,0
139218,0
147776,0
70677,0
77411,0
57253,0
112189,0
113747,0
55456,0
142352,0
106302,0
60124,0
130060,0
144836,0
127602,0
125752,0
157142,0
55202,0
40405,1
102755,0
62935,0
34537,1
99021,0
89060,0
29667,1
153913,0
138803,0
63258,0
89640,0
112364,0
157513,0
64760,0
2950,1
41249,1
140059,0
155052,0
26701,1
111538,0
67434,0
112694,0
83842,0
153371,0
142345,0
63641,0
30111,1
8775,1
88106,0
67675,0
7024,1
108427,0
19737,1
41618,1
72999,0
98735,0
31482,1
140358,0
29519,1
58306,0
131804,0
25127,1
80424,0
74285,0
32423,1
63024,0
75527,0
126767,0
121582,0
63394,0
37952,1
137583,0
15172,1
76975,0
44478,1
124164,0
100282,0
30569,1
124463,0
135758,0
10125,1
101376,0
46132,0
97360,0
52799,0
102717,0
153127,0
83223,0
40823,1
96527,0
159341,0
107593,0
78413,0
125934,0
117038,0
29972,1
45376,0
84090,0
60651,0
94956,0
98751,0
3278,1
82148,0
134298,0
31266,1
83569,0
101016,0
10393,1
116074,0
128838,0
37804,1
130777,0
71422,0
147240,0
125323,0
89339,0
42421,1
78030,0
58862,0
1848,1
31251,1
121303,0
51549,0
100927,0
74783,0
66793,0
70345,0
127363,0
136831,0
111343,0
114380,0
150043,0
69,1
159574,0
121548,0
123521,0
132306,0
52839,0
92645,0
139790,0
131136,0
47547,0
117961,0
55097,0
8679,1
154942,0
62582,0
83335,0
32681,1
69842,0
150053,0
57172,0
3291,1
147757,0
89274,0
136172,0
36666,1
98296,0
110334,0
89441,0
10528,1
156043,0
105037,0
111019,0
94842,0
129206,0
74769,0
89733,0
35827,1
49011,0
32686,1
61383,0
81051,0
45460,0
96632,0
25415,1
101453,0
141035,0
57937,0
149105,0
11952,1
56681,0
88851,0
39474,1
109809,0
58141,0
101103,0
63592,0
137241,0
52979,0
126335,0
35424,1
40787,1
82,1
135638,0
106734,0
5666,1
124084,0
31475,1
33909,1
40982,1
85975,0
75891,0
1942,1
45863,0
123953,0
60356,0
127995,0
145631,0
28600,1
108069,0
44309,1
97957,0
2640,1
108588,0
120003,0
77754,0
14058,1
53120,0
34964,1
141076,0
32557,1
68840,0
119379,0
42205,1
147084,0
1386,1
157750,0
110515,0
147386,0
1087,1
124724,0
97564,0
148204,0
17022,1
74687,0
157688,0
84357,0
4895,1
67555,0
154059,0
117622,0
13623,1
1358,1
148531,0
21570,1
115025,0
146128,0
51739,0
148654,0
64272,0
8785,1
41975,1
28996,1
158058,0
13570,1
100593,0
44648,1
33871,1
158736,0
51126,0
128829,0
25691,1
22188,1
48723,0
121023,0
146227,0
143300,0
152133,0
57832,0
16217,1
144071,0
9409,1
62048,0
81464,0
153916,0
34726,1
115747,0
79111,0
103012,0
144464,0
126557,0
153444,0
28214,1
86326,0
9777,1
45025,1
41453,1
18149,1
37182,1
152063,0
30195,1
146938,0
125400,0
14090,1
150245,0
22211,1
102508,0
70894,0
106091,0
129588,0
82536,0
38840,1
152236,0
120104,0
93712,0
52056,0
86296,0
60108,0
90053,0
91731,0
53160,0
104217,0
78144,0
109980,0
32954,1
117259,0
136214,0
40974,1
41036,1
34385,1
158517,0
63853,0
122433,0
149590,0
92928,0
72681,0
54346,0
88297,0
99033,0
123250,0
11469,1
30652,1
153521,0
134722,0
36219,1
98425,0
3287,1
103770,0
13431,1
46117,0
13124,1
75234,0
32020,1
136504,0
83632,0
76919,0
156508,0
56027,0
20130,1
139394,0
37871,1
87376,0
27545,1
11673,1
128024,0
64424,0
159199,0
52016,0
92393,0
86137,0
40776,1
108843,0
18644,1
152463,0
43513,1
95338,0
26018,1
149534,0
64294,0
54813,0
32871,1
102977,0
51484,0
13899,1
108386,0
91335,0
31501,1
17497,1
37491,1
101375,0
22260,1
83272,0
115806,0
99951,0
126260,0
132420,0
30466,1
74919,0
95293,0
47398,0
137338,0
42243,1
117357,0
61873,0
78972,0
76430,0
132404,0
97294,0
10088,1
73111,0
122229,0
135371,0
10761,1
60495,0
42681,1
131571,0
157608,0
47056,0
80631,0
1657,1
96319,0
29674,1
120377,0
118702,0
106989,0
74056,0
128822,0
23870,1
71603,0
128642,0
158716,0
135203,0
71488,0
72443,0
102019,0
94172,0
62965,0
108963,0
118193,0
85901,0
60240,0
98980,0
118816,0
116189,0
119512,0
43978,1
115513,0
4342,1
75257,0
98404,0
26892,1
86857,0
82357,0
97855,0
121629,0
154286,0
22584,1
4641,1
1940,1
51256,0
83311,0
123392,0
60229,0
57978,0
54516,0
56690,0
41356,1
144072,0
43474,1
8119,1
105835,0
144983,0
119809,0
148646,0
40273,1
71255,0
155343,0
151565,0
129008,0
32184,1
153099,0
23125,1
33330,1
1954,1
1091,1
102618,0
156973,0
100041,0
143731,0
8379,1
13678,1
67217,0
61005,0
72401,0
107358,0
144636,0
81435,0
21759,1
10267,1
31902,1
99413,0
114203,0
19661,1
37255,1
121411,0
75078,0
27825,1
130923,0
988,1
109652,0
11023,1
52459,0
8903,1
119919,0
5821,1
64449,0
102255,0
44435,1
153872,0
11721,1
13931,1
143142,0
60452,0
133224,0
6644,1
26373,1
84722,0
85152,0
42710,1
19593,1
74360,0
127636,0
76842,0
13747,1
113772,0
98869,0
17772,1
141513,0
125576,0
57561,0
67982,0
87084,0
99974,0
38891,1
86868,0
35682,1
24771,1
15694,1
16389,1
107522,0
63100,0
154233,0
135742,0
125156,0
16345,1
42620,1
99771,0
80882,0
39456,1
60935,0
54388,0
42570,1
109696,0
18278,1
125179,0
47220,0
20795,1
150157,0
15175,1
89257,0
18058,1
38197,1
118772,0
135857,0
36166,1
141395,0
4968,1
156671,0
26113,1
11110,1
153593,0
38670,1
39295,1
69559,0
101266,0
118535,0
149764,0
9290,1
24315,1
84074,0
91127,0
64971,0
152543,0
23674,1
94897,0
59514,0
158095,0
29144,1
147658,0
32708,1
157501,0
41024,1
85067,0
106362,0
113473,0
152728,0
43158,1
70818,0
36898,1
420,1
148872,0
107363,0
9582,1
153932,0
130503,0
109608,0
18861,1
17116,1
90602,0
145561,0
133727,0
95307,0
67172,0
99366,0
137038,0
148405,0
65631,0
109721,0
113616,0
137753,0
38162,1
32070,1
112032,0
144584,0
7476,1
148116,0
48599,0
31053,1
21035,1
95446,0
117330,0
21124,1
11104,1
56826,0
111731,0
90450,0
24618,1
27842,1
20497,1
54863,0
10140,1
19958,1
95115,0
50087,0
44295,1
91835,0
140946,0
146995,0
143355,0
29924,1
157785,0
32265,1
86807,0
22863,1
24730,1
95,1
24542,1
155161,0
107819,0
95333,0
25422,1
100066,0
147922,0
124468,0
131694,0
70390,0
208,1
130022,0
149722,0
13971,1
57743,0
54612,0
112301,0
10733,1
96120,0
17927,1
40945,1
96783,0
43704,1
81009,0
61579,0
111688,0
137141,0
69936,0
39695,1
40914,1
21761,1
45178,0
158193,0
150181,0
96242,0
147073,0
132138,0
35144,1
110192,0
69491,0
18164,1
140431,0
117199,0
32633,1
115663,0
4805,1
131599,0
149108,0
76745,0
110341,0
41210,1
32337,1
117148,0
32712,1
53321,0
47389,0
66220,0
146707,0
133056,0
157410,0
77933,0
48782,0
91315,0
120871,0
115712,0
104238,0
149576,0
48376,0
87838,0
123011,0
24546,1
12545,1
6794,1
140604,0
70246,0
70107,0
10468,1
52529,0
45666,0
129044,0
55195,0
27892,1
146020,0
48686,0
32495,1
111654,0
40473,1
1905,1
11920,1
36719,1
19319,1
43047,1
98052,0
60281,0
52351,0
69258,0
141061,0
116194,0
100143,0
129169,0
13190,1
106944,0
134307,0
107038,0
52163,0
131687,0
141302,0
57394,0
63983,0
28049,1
16384,1
59350,0
9125,1
43787,1
159501,0
48817,0
83017,0
24577,1
30218,1
125469,0
9473,1
5967,1
144366,0
25179,1
84636,0
65652,0
112039,0
68515,0
1225,1
62218,0
19502,1
2906,1
151431,0
70032,0
45897,0
4527,1
147472,0
61415,0
20340,1
98157,0
62182,0
58029,0
45815,0
138390,0
95850,0
23212,1
1762,1
49386,0
125482,0
5101,1
71511,0
110035,0
15378,1
72713,0
34668,1
75999,0
19933,1
63331,0
114923,0
39018,1
86672,0
151632,0
24106,1
98091,0
146965,0
60852,0
130552,0
2832,1
159153,0
49003,0
30166,1
14932,1
15896,1
95325,0
158275,0
93793,0
3513,1
86711,0
143896,0
16273,1
135187,0
121878,0
155296,0
112358,0
36557,1
64663,0
77098,0
149111,0
119474,0
33925,1
159389,0
126375,0
143015,0
118660,0
132755,0
83315,0
12375,1
152526,0
153816,0
41269,1
63221,0
76804,0
261,1
30299,1
57163,0
112672,0
85205,0
2734,1
68827,0
87357,0
68865,0
21532,1
66958,0
100554,0
103310,0
45778,0
57056,0
127844,0
131629,0
10616,1
10878,1
75839,0
89206,0
13788,1
5096,1
108036,0
63139,0
29491,1
73268,0
25136,1
152392,0
10050,1
98481,0
11218,1
8701,1
57540,0
12566,1
81052,0
84255,0
3876,1
142589,0
142136,0
125464,0
19536,1
151185,0
24325,1
56303,0
13262,1
40325,1
157297,0
53438,0
100070,0
74325,0
43192,1
131992,0
106992,0
120254,0
56470,0
158793,0
74235,0
142484,0
1854,1
83003,0
136681,0
100001,0
80023,0
53283,0
102633,0
62260,0
103515,0
136505,0
30598,1
28681,1
108065,0
28813,1
125716,0
158233,0
40840,1
123535,0
18003,1
1305,1
100251,0
912,1
45814,0
60924,0
26786,1
51864,0
57419,0
39453,1
79533,0
128864,0
7733,1
142637,0
119215,0
150844,0
12243,1
55578,0
34214,1
31259,1
11480,1
29966,1
81192,0
155957,0
119775,0
118084,0
104039,0
78358,0
72696,0
140406,0
4524,1
92058,0
38596,1
128911,0
108292,0
5547,1
8238,1
146839,0
151277,0
90840,0
128359,0
23361,1
8855,1
38974,1
14531,1
144012,0
98756,0
16893,1
52574,0
106755,0
38724,1
22612,1
116489,0
146307,0
45145,0
16572,1
126057,0
1518,1
158850,0
32637,1
21262,1
120719,0
135266,0
1601,1
114399,0
119304,0
116889,0
155347,0
52805,0
153209,0
128025,0
150308,0
39518,1
131552,0
37443,1
153857,0
84424,0
27534,1
14770,1
124755,0
6965,1
39886,1
130767,0
137967,0
111707,0
138376,0
75266,0
150338,0
19686,1
109146,0
85602,0
156675,0
51384,0
60692,0
89196,0
106206,0
10295,1
132029,0
49341,0
4727,1
132074,0
47143,0
42101,1
133741,0
76697,0
23767,1
84105,0
127817,0
34345,1
6143,1
28461,1
97410,0
54920,0
139061,0
139695,0
75796,0
142391,0
102096,0
78351,0
7072,1
119202,0
63558,0
114,1
8854,1
138311,0
153467,0
142787,0
108549,0
102267,0
111775,0
60915,0
152897,0
40490,1
121670,0
115125,0
140569,0
137913,0
82683,0
54030,0
112851,0
98660,0
88840,0
84974,0
92432,0
44134,1
118569,0
28079,1
134486,0
28912,1
62275,0
103092,0
112926,0
6330,1
26878,1
135326,0
152109,0
105738,0
26165,1
158977,0
101853,0
150737,0
54987,0
158678,0
14924,1
18822,1
101079,0
92544,0
54397,0
129764,0
145821,0
126425,0
148702,0
52095,0
42576,1
2193,1
36108,1
71236,0
65660,0
134135,0
129635,0
32125,1
77414,0
59498,0
71065,0
142608,0
94929,0
6600,1
867,1
72879,0
156706,0
105978,0
158485,0
108472,0
15377,1
82133,0
139248,0
139285,0
156346,0
76613,0
81518,0
153358,0
142166,0
82409,0
85682,0
41564,1
82381,0
140022,0
21992,1
32737,1
93796,0
38071,1
151887,0
79704,0
88720,0
63474,0
118161,0
144543,0
43913,1
58812,0
83919,0
159303,0
107918,0
46696,0
6309,1
136944,0
66144,0
140779,0
129971,0
102608,0
142555,0
130208,0
80472,0
39701,1
134193,0
133244,0
49749,0
98383,0
35562,1
87722,0
76582,0
15891,1
62864,0
32659,1
72286,0
61975,0
41098,1
150233,0
22794,1
28484,1
24643,1
138825,0
42119,1
94051,0
51483,0
82754,0
141241,0
113612,0
22509,1
113346,0
154045,0
153655,0
38394,1
24551,1
75353,0
34588,1
70313,0
101088,0
42506,1
137869,0
108180,0
95178,0
19337,1
136250,0
52807,0
121326,0
133657,0
105830,0
24501,1
61047,0
97837,0
107184,0
114835,0
106631,0
75089,0
19759,1
96607,0
136814,0
101081,0
5379,1
41531,1
2439,1
44978,1
110500,0
79855,0
40369,1
102823,0
15715,1
155842,0
4507,1
144176,0
146449,0
127411,0
58921,0
7735,1
56823,0
117039,0
106311,0
141262,0
157172,0
52234,0
27110,1
18427,1
75661,0
86763,0
102627,0
107551,0
112078,0
159283,0
138012,0
93806,0
155767,0
37377,1
46581,0
90182,0
34629,1
49190,0
106787,0
123154,0
129454,0
112531,0
12203,1
80257,0
82018,0
102844,0
131903,0
150305,0
10403,1
128018,0
113323,0
17574,1
21660,1
154201,0
146479,0
53099,0
137645,0
50097,0
33881,1
57464,0
159562,0
55394,0
88346,0
109681,0
83308,0
18987,1
162,1
58139,0
33483,1
102166,0
124984,0
42387,1
59627,0
98095,0
21696,1
26672,1
116962,0
67883,0
111539,0
151361,0
115812,0
83152,0
159718,0
33856,1
108620,0
10751,1
115961,0
7940,1
44752,1
9055,1
19094,1
98056,0
57879,0
10044,1
11921,1
68444,0
105574,0
113870,0
50011,0
141652,0
100439,0
91242,0
61817,0
14355,1
104831,0
150050,0
104333,0
42041,1
93646,0
34083,1
11843,1
77037,0
69984,0
67774,0
65368,0
77335,0
148373,0
116637,0
132032,0
128756,0
45820,0
102940,0
105220,0
157649,0
92657,0
38381,1
123711,0
85904,0
28440,1
33648,1
130251,0
26920,1
5328,1
14947,1
4818,1
100473,0
63624,0
151387,0
108327,0
2165,1
67849,0
108021,0
156172,0
83674,0
129186,0
27928,1
125762,0
154468,0
70425,0
136809,0
34265,1
97628,0
24722,1
14278,1
18138,1
42590,1
4070,1
8865,1
87545,0
108430,0
122420,0
73145,0
99202,0
129313,0
10972,1
159432,0
66861,0
58659,0
16541,1
108812,0
95634,0
31786,1
87540,0
131207,0
105587,0
95424,0
65428,0
22471,1
67365,0
44314,1
91613,0
57123,0
155401,0
86690,0
16451,1
83494,0
21723,1
37040,1
148153,0
135170,0
87839,0
16123,1
17858,1
158929,0
123172,0
79156,0
15822,1
12516,1
47470,0
49266,0
131343,0
3303,1
109143,0
78898,0
79979,0
28372,1
1005,1
52977,0
61197,0
74162,0
134934,0
85,1
110688,0
105780,0
101771,0
84529,0
93901,0
98800,0
149959,0
135245,0
12237,1
144846,0
77886,0
150612,0
99658,0
159664,0
30875,1
46997,0
16747,1
144207,0
117542,0
116100,0
71100,0
142151,0
95419,0
109988,0
24848,1
60862,0
15376,1
99058,0
73431,0
144128,0
32035,1
42934,1
49878,0
47370,0
110920,0
100087,0
76079,0
150882,0
114398,0
33571,1
10310,1
150922,0
136564,0
107802,0
24965,1
28592,1
69437,0
50203,0
6217,1
127688,0
9711,1
68849,0
149214,0
55969,0
43897,1
2807,1
104873,0
76324,0
115241,0
143130,0
75516,0
32189,1
157304,0
135067,0
100248,0
73377,0
141640,0
51637,0
110485,0
48531,0
66302,0
77076,0
67660,0
116704,0
104229,0
121440,0
1248,1
134798,0
113877,0
116918,0
139753,0
7372,1
88945,0
138888,0
78338,0
95558,0
52174,0
8745,1
61664,0
113163,0
87388,0
134411,0
32396,1
52041,0
108388,0
12937,1
61638,0
144105,0
58984,0
49197,0
27372,1
154467,0
29538,1
64189,0
141783,0
140950,0
137039,0
94509,0
107368,0
22139,1
141113,0
59687,0
125310,0
76916,0
110956,0
88673,0
135846,0
94788,0
34859,1
6294,1
116202,0
104251,0
153756,0
109950,0
66542,0
34782,1
157861,0
96171,0
12408,1
59360,0
158546,0
116430,0
149358,0
70260,0
158866,0
77540,0
111310,0
5918,1
80727,0
62741,0
48539,0
155647,0
123978,0
143147,0
120369,0
120396,0
79964,0
40789,1
17968,1
114561,0
19985,1
96807,0
2250,1
135744,0
45475,0
55070,0
134319,0
66251,0
113281,0
53725,0
77734,0
52995,0
145715,0
56873,0
64920,0
121189,0
108425,0
5950,1
131953,0
155778,0
32237,1
56154,0
67966,0
72198,0
85669,0
70061,0
149198,0
125606,0
116622,0
7631,1
121559,0
139768,0
20396,1
92373,0
101332,0
29147,1
75254,0
5110,1
129561,0
63395,0
74883,0
145114,0
154018,0
55687,0
131043,0
13576,1
117370,0
62671,0
96439,0
1894,1
3293,1
8772,1
14045,1
10150,1
156599,0
154707,0
5358,1
115459,0
142825,0
121086,0
11548,1
138592,0
38410,1
154660,0
105099,0
158565,0
62258,0
66367,0
122597,0
82946,0
23427,1
62578,0
44559,1
145311,0
115234,0
49140,0
69256,0
108216,0
112499,0
158427,0
94021,0
30094,1
75863,0
51673,0
119148,0
66101,0
14646,1
41651,1
98060,0
120568,0
53840,0
85576,0
34884,1
152669,0
138900,0
41452,1
74732,0
157676,0
47484,0
61918,0
121159,0
117661,0
127168,0
3818,1
93187,0
78304,0
42164,1
72236,0
54741,0
3369,1
75309,0
154211,0
90593,0
41162,1
33655,1
100864,0
100483,0
32210,1
63915,0
85876,0
47105,0
40503,1
121819,0
107525,0
96850,0
89420,0
145855,0
16278,1
98149,0
102885,0
94849,0
145650,0
49809,0
47465,0
50288,0
99590,0
73378,0
119575,0
83151,0
79441,0
25559,1
154200,0
104121,0
138960,0
83777,0
98529,0
89082,0
157188,0
111589,0
46582,0
8257,1
99101,0
159116,0
95774,0
143523,0
35341,1
92011,0
133896,0
29371,1
11775,1
143999,0
88100,0
54884,0
109097,0
135301,0
144046,0
10532,1
27723,1
86543,0
39264,1
86591,0
50695,0
131326,0
23626,1
23222,1
27957,1
136818,0
41726,1
88340,0
40445,1
24072,1
110410,0
134497,0
87198,0
13271,1
143349,0
51892,0
89301,0
23723,1
139912,0
132805,0
131728,0
2811,1
156550,0
21179,1
63380,0
130736,0
89641,0
110144,0
92427,0
153562,0
138347,0
136705,0
150110,0
45812,0
123117,0
29568,1
149173,0
74069,0
93306,0
98834,0
133836,0
151072,0
143315,0
98699,0
136622,0
62372,0
146922,0
20400,1
66667,0
93974,0
89935,0
86865,0
71811,0
126960,0
73616,0
116665,0
31905,1
97072,0
150733,0
156984,0
68292,0
48358,0
66291,0
43100,1
78795,0
7730,1
140195,0
129326,0
120690,0
41942,1
99588,0
40084,1
156048,0
71295,0
2547,1
139544,0
45736,0
105865,0
13614,1
157586,0
99822,0
3871,1
123607,0
120389,0
140911,0
103596,0
154170,0
103664,0
76602,0
123234,0
131633,0
57125,0
90045,0
95217,0
143181,0
150961,0
31888,1
98173,0
121025,0
11884,1
73599,0
35998,1
151357,0
60866,0
89013,0
92509,0
51671,0
71689,0
26615,1
128171,0
156545,0
21835,1
123281,0
68420,0
140178,0
38001,1
70121,0
126571,0
83150,0
67667,0
57868,0
30448,1
97637,0
4925,1
102721,0
47163,0
18731,1
25058,1
93788,0
22718,1
111622,0
150858,0
43245,1
77567,0
110547,0
157471,0
48996,0
118204,0
1957,1
98019,0
120609,0
7412,1
72847,0
20855,1
40352,1
156114,0
24266,1
30566,1
159668,0
77156,0
30719,1
108857,0
149355,0
104143,0
1849,1
126251,0
37307,1
145859,0
151255,0
23264,1
131031,0
53237,0
17026,1
148272,0
9246,1
25276,1
127133,0
94171,0
89890,0
55622,0
26400,1
43968,1
69849,0
48008,0
80987,0
56879,0
134725,0
27435,1
10174,1
97806,0
32758,1
142261,0
121646,0
14374,1
123220,0
95111,0
116675,0
75417,0
82208,0
48181,0
49573,0
86401,0
8130,1
121448,0
119520,0
78053,0
18735,1
33157,1
43665,1
32083,1
131636,0
37346,1
7498,1
131724,0
105679,0
90365,0
78577,0
153896,0
23153,1
151334,0
43058,1
121840,0
81481,0
55808,0
108676,0
14927,1
80863,0
109838,0
11999,1
81508,0
38681,1
59356,0
6856,1
63781,0
90492,0
141277,0
71466,0
5645,1
156488,0
64940,0
106888,0
126150,0
148679,0
34839,1
59623,0
29955,1
18544,1
137622,0
130730,0
106219,0
100501,0
155658,0
49708,0
24847,1
5531,1
6550,1
128086,0
129381,0
34730,1
45005,1
100640,0
36614,1
79467,0
128067,0
62589,0
1257,1
97298,0
27734,1
45877,0
34928,1
6674,1
72324,0
3784,1
62567,0
25275,1
115874,0
78554,0
41819,1
119029,0
132135,0
21957,1
154910,0
100341,0
79190,0
149420,0
149805,0
6621,1
154251,0
48178,0
156027,0
137466,0
48191,0
125319,0
43277,1
101957,0
73712,0
142818,0
88002,0
72761,0
121657,0
82349,0
27454,1
112181,0
149938,0
103331,0
98034,0
6515,1
118877,0
12848,1
117063,0
121587,0
124058,0
147963,0
114736,0
58117,0
138003,0
80862,0
13492,1
29092,1
10460,1
119807,0
64490,0
115715,0
76925,0
38927,1
64154,0
50063,0
87730,0
140283,0
2302,1
26783,1
153318,0
107883,0
99950,0
136067,0
48481,0
27218,1
113303,0
47226,0
66818,0
98505,0
112007,0
97281,0
16922,1
17238,1
106511,0
82902,0
129898,0
150435,0
158323,0
22903,1
129794,0
95324,0
146835,0
121299,0
61803,0
69101,0
130203,0
7677,1
90074,0
127138,0
43846,1
62447,0
127831,0
12639,1
59220,0
75625,0
13564,1
72277,0
74313,0
59025,0
94361,0
134946,0
44644,1
104579,0
49313,0
97190,0
106063,0
116944,0
41155,1
46732,0
95230,0
116209,0
8304,1
49298,0
40128,1
75407,0
152856,0
140237,0
12954,1
106644,0
100437,0
32117,1
94327,0
148794,0
95134,0
68846,0
129076,0
105071,0
113692,0
10613,1
109122,0
36484,1
11295,1
37873,1
65889,0
145232,0
97782,0
57031,0
144912,0
1142,1
157856,0
153356,0
89153,0
98583,0
38392,1
59922,0
118703,0
99303,0
77342,0
24473,1
141683,0
3009,1
13097,1
68117,0
95648,0
157931,0
37083,1
6486,1
112749,0
78660,0
63794,0
46282,0
100365,0
86721,0
101777,0
5903,1
95006,0
96519,0
106472,0
21522,1
155558,0
42752,1
37830,1
5357,1
72484,0
8580,1
97689,0
67574,0
15766,1
69609,0
25402,1
110467,0
62239,0
21897,1
138033,0
153472,0
96478,0
25022,1
107900,0
91288,0
61842,0
29353,1
30944,1
19116,1
47804,0
76038,0
144680,0
116982,0
123799,0
103794,0
155280,0
82527,0
76796,0
115915,0
106812,0
109532,0
125214,0
42969,1
47352,0
14573,1
21719,1
74280,0
77075,0
131063,0
3833,1
6028,1
157968,0
76603,0
32636,1
128868,0
21757,1
119451,0
546,1
47253,0
115614,0
84418,0
113318,0
30556,1
30904,1
18897,1
9358,1
2130,1
52675,0
119763,0
57388,0
18590,1
139822,0
88019,0
42778,1
113385,0
50690,0
32762,1
143796,0
75768,0
120556,0
142547,0
143869,0
98767,0
60415,0
49271,0
6231,1
33107,1
50173,0
91869,0
120823,0
76863,0
116681,0
99267,0
98015,0
126457,0
94235,0
27575,1
122626,0
135136,0
71987,0
17134,1
7363,1
92183,0
122885,0
132186,0
30130,1
5296,1
118118,0
8552,1
77142,0
84462,0
137199,0
118638,0
54233,0
49377,0
85831,0
146738,0
35515,1
135961,0
80726,0
106293,0
140600,0
16767,1
56374,0
117841,0
106691,0
107697,0
116461,0
133669,0
15461,1
141951,0
153588,0
48053,0
48656,0
1980,1
89709,0
147514,0
64068,0
110132,0
149270,0
50069,0
117559,0
37025,1
92127,0
122043,0
21082,1
100340,0
479,1
101420,0
117170,0
122921,0
68702,0
29997,1
11465,1
45655,0
112688,0
42335,1
20457,1
85310,0
116919,0
116882,0
33351,1
67615,0
34744,1
148066,0
117373,0
55741,0
94712,0
105619,0
98754,0
7825,1
80194,0
28790,1
17102,1
51478,0
25221,1
158214,0
32977,1
121480,0
50376,0
130782,0
125766,0
119416,0
50509,0
107504,0
80776,0
39039,1
133605,0
24162,1
144664,0
76274,0
103328,0
125742,0
91874,0
148685,0
109780,0
29715,1
27506,1
936,1
28765,1
134304,0
93636,0
44432,1
15886,1
140614,0
10912,1
11623,1
61684,0
4940,1
50457,0
2390,1
17376,1
94253,0
85774,0
13130,1
134054,0
18541,1
69883,0
5195,1
136919,0
151689,0
107610,0
62502,0
155234,0
10897,1
45908,0
53594,0
41055,1
141347,0
103290,0
59017,0
61487,0
134221,0
139162,0
80587,0
26198,1
129440,0
76777,0
141718,0
85594,0
82843,0
74900,0
1644,1
98899,0
157984,0
137522,0
120338,0
63737,0
108518,0
152515,0
67204,0
19237,1
119909,0
57091,0
134353,0
3669,1
149154,0
119411,0
72067,0
76227,0
134127,0
137485,0
53666,0
107566,0
144243,0
12319,1
44155,1
117449,0
36653,1
81229,0
42363,1
76149,0
74630,0
123823,0
111403,0
75200,0
65149,0
139734,0
27927,1
388,1
29272,1
73056,0
24378,1
61154,0
5197,1
2285,1
156343,0
136299,0
110653,0
55683,0
37337,1
154886,0
136654,0
7343,1
90937,0
8883,1
2080,1
72591,0
88993,0
370,1
74941,0
97804,0
58634,0
65151,0
29842,1
84514,0
60230,0
144518,0
21912,1
102987,0
114852,0
64831,0
30737,1
96393,0
103667,0
29085,1
144613,0
131777,0
12460,1
104613,0
3544,1
148207,0
158419,0
92623,0
128057,0
142735,0
64025,0
145096,0
118968,0
12525,1
136325,0
142340,0
66283,0
147023,0
107684,0
113645,0
27764,1
19991,1
55495,0
16650,1
138533,0
22495,1
134689,0
17445,1
48839,0
40062,1
83043,0
93822,0
128955,0
27099,1
150968,0
123456,0
30002,1
53347,0
32351,1
5748,1
91410,0
137148,0
65261,0
82343,0
122658,0
72924,0
62512,0
28462,1
136382,0
42594,1
9683,1
155661,0
55768,0
43469,1
5588,1
20300,1
115016,0
19023,1
117713,0
151287,0
85405,0
18115,1
46019,0
26969,1
29117,1
144475,0
70315,0
39385,1
76532,0
20560,1
84809,0
72862,0
104088,0
77121,0
74715,0
43741,1
99258,0
86214,0
67728,0
110911,0
53619,0
49691,0
67165,0
55924,0
98273,0
62420,0
54010,0
49832,0
48068,0
51195,0
133247,0
14753,1
46403,0
8196,1
120770,0
73979,0
79575,0
61942,0
69214,0
58369,0
86937,0
80825,0
153360,0
9934,1
83735,0
10746,1
26831,1
13448,1
109494,0
123760,0
71218,0
83747,0
42544,1
76545,0
117395,0
73107,0
148558,0
140294,0
53215,0
137435,0
23482,1
20202,1
97695,0
74809,0
110842,0
67220,0
2894,1
57551,0
52366,0
144138,0
5001,1
136347,0
142487,0
46788,0
100062,0
45978,0
87451,0
1580,1
121996,0
27555,1
62581,0
75422,0
74337,0
20899,1
124098,0
15866,1
23996,1
47812,0
135777,0
24636,1
10342,1
135167,0
90812,0
89352,0
30826,1
91729,0
47064,0
99877,0
55026,0
32595,1
119324,0
87507,0
7945,1
126581,0
498,1
106370,0
9960,1
100767,0
34676,1
63530,0
140772,0
110877,0
119546,0
35377,1
80284,0
157817,0
139002,0
23887,1
69297,0
58129,0
103881,0
51232,0
38592,1
122130,0
39820,1
117036,0
33917,1
36660,1
107217,0
20714,1
32558,1
158238,0
146751,0
46171,0
47636,0
88431,0
13667,1
67147,0
48945,0
58137,0
22681,1
95588,0
145018,0
117345,0
158322,0
154069,0
71010,0
101177,0
145383,0
118550,0
19954,1
76425,0
96997,0
151732,0
5568,1
18579,1
92463,0
100645,0
43643,1
146379,0
73825,0
141535,0
127548,0
154014,0
96211,0
138459,0
134664,0
45662,0
88985,0
103209,0
100126,0
143331,0
66534,0
877,1
129616,0
120959,0
24176,1
95852,0
16649,1
89182,0
112897,0
132285,0
63796,0
137254,0
26921,1
39133,1
140466,0
77563,0
29316,1
99205,0
52058,0
123360,0
58705,0
31283,1
42172,1
12530,1
74802,0
84476,0
127316,0
16426,1
153500,0
128879,0
77741,0
8332,1
121116,0
140988,0
98196,0
18829,1
149495,0
84022,0
146652,0
157844,0
96104,0
148637,0
96796,0
101767,0
86183,0
134072,0
156277,0
78224,0
32785,1
76892,0
106333,0
75105,0
146872,0
48719,0
43085,1
29499,1
25080,1
29310,1
6678,1
68469,0
43911,1
4644,1
45616,0
83614,0
105212,0
10385,1
151261,0
25556,1
90725,0
67650,0
63884,0
30581,1
118669,0
85023,0
93663,0
114035,0
41647,1
54602,0
157880,0
52490,0
11384,1
114939,0
36058,1
157823,0
43098,1
144419,0
107736,0
120855,0
14503,1
55045,0
77287,0
62003,0
149915,0
132761,0
105208,0
3684,1
98713,0
142743,0
93917,0
142125,0
157520,0
131624,0
158151,0
120695,0
37509,1
40307,1
10964,1
387,1
61956,0
564,1
73561,0
124073,0
157969,0
66572,0
79256,0
49716,0
10222,1
62194,0
112757,0
87465,0
106171,0
8017,1
89781,0
76961,0
51705,0
80058,0
28971,1
65320,0
28342,1
23956,1
134015,0
126407,0
44786,1
145975,0
106237,0
89512,0
70307,0
153364,0
120047,0
36471,1
134882,0
135125,0
102220,0
52569,0
127071,0
128854,0
23761,1
14727,1
43866,1
140488,0
77827,0
72352,0
23589,1
19113,1
89461,0
125244,0
123454,0
90986,0
129371,0
74236,0
91132,0
71783,0
154845,0
81644,0
102544,0
51007,0
135278,0
91267,0
135302,0
72434,0
76665,0
57414,0
129500,0
35091,1
133597,0
2611,1
64534,0
126926,0
53812,0
19112,1
116955,0
121428,0
154590,0
10347,1
143783,0
16858,1
93011,0
32240,1
63217,0
30302,1
103007,0
146789,0
99061,0
7126,1
16709,1
115302,0
83708,0
15456,1
119759,0
87663,0
141742,0
35854,1
135625,0
29198,1
20253,1
158186,0
104002,0
61559,0
13750,1
68596,0
10377,1
68263,0
148657,0
3767,1
20044,1
89469,0
66075,0
41001,1
117627,0
100918,0
33159,1
39926,1
28398,1
10560,1
122443,0
13743,1
125529,0
71004,0
55249,0
29237,1
71431,0
69574,0
20774,1
20804,1
159409,0
111947,0
106275,0
79044,0
125695,0
14972,1
93783,0
74725,0
45818,0
27578,1
135484,0
114059,0
142975,0
8825,1
32634,1
44811,1
131313,0
366,1
109618,0
59120,0
46150,0
42166,1
111743,0
119747,0
154509,0
90049,0
158300,0
154132,0
14760,1
25081,1
58244,0
151308,0
41928,1
122017,0
96837,0
30169,1
58082,0
22314,1
71660,0
158775,0
111807,0
37774,1
61129,0
101220,0
72644,0
93540,0
74094,0
25093,1
98298,0
6941,1
144091,0
51068,0
94325,0
43134,1
33254,1
136498,0
157280,0
51299,0
52625,0
149484,0
141681,0
154023,0
52466,0
49848,0
110927,0
50001,0
99608,0
75440,0
62781,0
146749,0
12594,1
104652,0
106406,0
153567,0
123817,0
141914,0
94199,0
29497,1
30196,1
138968,0
111717,0
114043,0
9994,1
62666,0
68584,0
6635,1
111413,0
107889,0
153550,0
56112,0
53466,0
142490,0
67842,0
105475,0
139533,0
80229,0
43886,1
23151,1
103188,0
88810,0
158360,0
148375,0
16125,1
112018,0
106882,0
61362,0
151137,0
31558,1
129477,0
134060,0
157421,0
145522,0
52835,0
36708,1
125064,0
142529,0
123657,0
146234,0
14632,1
14605,1
65824,0
70771,0
23261,1
82925,0
19852,1
30824,1
136954,0
87900,0
66168,0
89155,0
60954,0
156676,0
49772,0
82617,0
14535,1
79385,0
109020,0
95460,0
72477,0
136706,0
7452,1
61682,0
52389,0
67048,0
16279,1
12039,1
89265,0
112834,0
88509,0
101682,0
45690,0
64192,0
39286,1
101359,0
141987,0
109896,0
52275,0
33359,1
12370,1
56093,0
17462,1
56415,0
106015,0
10344,1
73133,0
156565,0
77817,0
121509,0
57257,0
88909,0
73802,0
11572,1
35990,1
20529,1
50167,0
67387,0
25143,1
83115,0
138442,0
115349,0
43917,1
20183,1
112514,0
48130,0
124188,0
91323,0
21643,1
15981,1
147741,0
125054,0
57698,0
137251,0
47121,0
129254,0
100773,0
150244,0
1908,1
96809,0
4604,1
69062,0
110666,0
47536,0
116184,0
128769,0
29935,1
97786,0
46349,0
73183,0
61797,0
18808,1
31699,1
47414,0
35254,1
14362,1
56284,0
129509,0
98119,0
27315,1
57566,0
155877,0
146598,0
51937,0
98663,0
118805,0
137235,0
59441,0
102014,0
142763,0
3173,1
143224,0
138492,0
119492,0
127792,0
52672,0
105564,0
34418,1
58848,0
75889,0
27313,1
55844,0
139466,0
134223,0
52384,0
70589,0
153347,0
112445,0
74467,0
107201,0
5874,1
119762,0
33493,1
4813,1
25770,1
88641,0
7127,1
37550,1
118306,0
109951,0
125263,0
139099,0
90954,0
28552,1
127886,0
45358,0
38168,1
139040,0
153324,0
3142,1
103739,0
131561,0
36664,1
109517,0
19955,1
68326,0
54300,0
94920,0
49925,0
61222,0
67002,0
57295,0
91515,0
30183,1
130265,0
138191,0
125230,0
65430,0
22370,1
67258,0
105114,0
26284,1
157781,0
79784,0
38302,1
67837,0
92888,0
140102,0
121349,0
150279,0
26728,1
134000,0
23183,1
42431,1
133660,0
134711,0
29630,1
124979,0
15511,1
128203,0
61589,0
89016,0
52921,0
114922,0
71719,0
17902,1
45240,0
52945,0
105066,0
145793,0
103227,0
69041,0
22029,1
157245,0
5434,1
55429,0
12762,1
159524,0
85243,0
154930,0
128270,0
84169,0
118727,0
140576,0
80436,0
132775,0
89668,0
97587,0
130712,0
53375,0
159484,0
109820,0
89564,0
45567,0
34837,1
39203,1
54522,0
123408,0
17253,1
78752,0
158338,0
149193,0
68010,0
104933,0
74332,0
68459,0
132874,0
113206,0
157600,0
128007,0
88476,0
109235,0
99805,0
40913,1
93475,0
22209,1
137233,0
74800,0
42800,1
124218,0
115245,0
30778,1
30976,1
138616,0
17241,1
81415,0
11320,1
110743,0
151332,0
70620,0
131180,0
72162,0
83084,0
42118,1
155716,0
32290,1
144139,0
95117,0
130889,0
87333,0
39312,1
14801,1
135911,0
142954,0
159638,0
8556,1
80519,0
49619,0
107994,0
25,1
89023,0
61134,0
71242,0
121950,0
49035,0
153241,0
68699,0
118366,0
10740,1
137824,0
126837,0
10274,1
105630,0
149578,0
91093,0
26270,1
88216,0
29242,1
86010,0
59620,0
123927,0
15746,1
53845,0
121590,0
42683,1
69145,0
79796,0
138199,0
6456,1
102594,0
39477,1
146181,0
91359,0
115478,0
113022,0
144596,0
33173,1
35978,1
24239,1
86671,0
23735,1
102118,0
24149,1
43782,1
65698,0
121500,0
63642,0
39259,1
36499,1
78806,0
112942,0
69102,0
94015,0
113538,0
59074,0
84043,0
60031,0
69197,0
86300,0
2278,1
50266,0
118258,0
4509,1
97219,0
6852,1
51717,0
145735,0
112429,0
73253,0
151912,0
48591,0
72557,0
113016,0
82058,0
79941,0
107653,0
84566,0
58978,0
98833,0
75065,0
86619,0
108606,0
81553,0
107014,0
133242,0
84559,0
58280,0
11994,1
112386,0
139020,0
42562,1
46484,0
152226,0
42028,1
128488,0
50770,0
37459,1
24010,1
10829,1
158458,0
40342,1
158153,0
73834,0
23336,1
78113,0
73206,0
37519,1
120664,0
35959,1
83918,0
84754,0
46227,0
127770,0
47131,0
46494,0
106847,0
148905,0
139094,0
36766,1
101337,0
45765,0
30410,1
53194,0
31172,1
82567,0
844,1
103811,0
110421,0
52434,0
112730,0
39040,1
147509,0
77685,0
103204,0
73857,0
139901,0
4249,1
105467,0
73533,0
137332,0
80213,0
98044,0
117430,0
50856,0
18038,1
18923,1
56341,0
113767,0
136861,0
95337,0
28065,1
119832,0
135157,0
146125,0
48681,0
123388,0
97827,0
101400,0
16892,1
72378,0
61776,0
154479,0
70552,0
140661,0
45130,0
65711,0
114279,0
33920,1
109563,0
111066,0
141190,0
75755,0
137136,0
72120,0
9119,1
49755,0
18802,1
132230,0
134355,0
93667,0
53233,0
120323,0
57946,0
73994,0
126534,0
53748,0
58903,0
71883,0
41986,1
8780,1
151864,0
126519,0
144155,0
39648,1
82742,0
138873,0
104753,0
106956,0
89258,0
85647,0
144111,0
67918,0
65068,0
123058,0
42916,1
31404,1
115528,0
107132,0
19034,1
50184,0
97824,0
98175,0
99211,0
56828,0
143888,0
64458,0
7647,1
147513,0
69798,0
55773,0
108838,0
107929,0
149775,0
115029,0
35094,1
121977,0
147793,0
47042,0
158124,0
146775,0
134752,0
135215,0
30396,1
48004,0
95128,0
52652,0
156121,0
92706,0
146837,0
149248,0
118719,0
151756,0
154218,0
31458,1
78927,0
42304,1
107832,0
41348,1
74608,0
136486,0
98684,0
3973,1
38732,1
88323,0
152729,0
18182,1
83065,0
159570,0
138894,0
138138,0
119994,0
146780,0
128609,0
81181,0
114741,0
85116,0
20488,1
104501,0
91828,0
140106,0
27154,1
135629,0
115128,0
64413,0
65181,0
46107,0
47700,0
51466,0
59428,0
74108,0
76374,0
82938,0
68053,0
101761,0
138480,0
45483,0
95240,0
17498,1
127012,0
123134,0
76090,0
133135,0
148761,0
158483,0
131484,0
145542,0
155882,0
75368,0
96330,0
93151,0
126130,0
106906,0
120818,0
40978,1
112267,0
16898,1
104727,0
134860,0
73823,0
90881,0
147233,0
37798,1
49149,0
113918,0
85173,0
135188,0
95350,0
77097,0
144107,0
70142,0
30831,1
69548,0
126017,0
88304,0
16784,1
43094,1
65880,0
4633,1
85683,0
22803,1
147817,0
83256,0
133359,0
73610,0
96392,0
34057,1
53890,0
58732,0
48931,0
12711,1
6005,1
130554,0
21967,1
41133,1
156395,0
100281,0
38048,1
58854,0
45327,0
108249,0
54147,0
46155,0
76051,0
79913,0
97363,0
129554,0
91337,0
88639,0
117832,0
103208,0
52146,0
131364,0
118472,0
85529,0
109887,0
18724,1
105848,0
115742,0
92156,0
110206,0
60807,0
12323,1
14123,1
73484,0
93994,0
15398,1
149774,0
38548,1
27354,1
135705,0
75918,0
13643,1
101084,0
142362,0
159476,0
105589,0
73426,0
46779,0
123352,0
154902,0
79307,0
159483,0
81799,0
30482,1
43929,1
9025,1
3839,1
53667,0
19684,1
3888,1
15468,1
6431,1
1205,1
127419,0
99415,0
118445,0
62547,0
56492,0
97821,0
79555,0
12743,1
86471,0
84867,0
105632,0
103037,0
98111,0
24320,1
84221,0
154037,0
20251,1
39272,1
58031,0
43498,1
68003,0
117691,0
156102,0
58546,0
34748,1
6510,1
152536,0
158364,0
76230,0
127592,0
148057,0
49072,0
10822,1
19230,1
95098,0
58154,0
150052,0
37807,1
105773,0
68920,0
142523,0
109238,0
67698,0
94134,0
107598,0
4556,1
150139,0
54049,0
116367,0
88432,0
51449,0
90566,0
154596,0
135656,0
47289,0
121046,0
93865,0
54370,0
57759,0
77998,0
44671,1
95385,0
43036,1
82119,0
106214,0
78883,0
152266,0
18450,1
121139,0
99755,0
136141,0
109792,0
102506,0
109732,0
16888,1
18513,1
118949,0
8720,1
114636,0
5335,1
81148,0
54141,0
104956,0
16465,1
40849,1
149595,0
117069,0
87659,0
36445,1
4612,1
20351,1
155691,0
151993,0
81353,0
19106,1
30564,1
28623,1
80062,0
55697,0
32476,1
30637,1
111556,0
78529,0
1262,1
45230,0
142195,0
84715,0
77312,0
123452,0
72974,0
32079,1
65589,0
4514,1
89152,0
133121,0
136351,0
46516,0
18708,1
120362,0
6630,1
95709,0
96585,0
122121,0
124061,0
82522,0
35051,1
112369,0
139944,0
27416,1
132336,0
71550,0
113470,0
146131,0
5420,1
88910,0
132521,0
38706,1
130183,0
86029,0
80317,0
106638,0
19356,1
124128,0
81503,0
29304,1
124706,0
82035,0
156498,0
48534,0
66239,0
12259,1
43505,1
133609,0
98477,0
16764,1
130575,0
41262,1
12791,1
76369,0
120156,0
65033,0
141107,0
46538,0
35326,1
138406,0
151089,0
126809,0
30204,1
99046,0
156386,0
79716,0
107114,0
34905,1
89714,0
91316,0
60026,0
108201,0
10547,1
19993,1
7855,1
146994,0
63498,0
110925,0
35030,1
87492,0
31516,1
70936,0
58516,0
130350,0
82083,0
60005,0
70024,0
65719,0
152630,0
38963,1
113356,0
51105,0
83768,0
64709,0
2760,1
91180,0
111487,0
74949,0
81261,0
131383,0
44703,1
150555,0
97236,0
132101,0
88953,0
89360,0
14690,1
3815,1
96339,0
80101,0
122456,0
37486,1
76466,0
126107,0
45115,0
97901,0
119036,0
60987,0
140260,0
10412,1
84903,0
151242,0
119976,0
7523,1
101585,0
108369,0
124801,0
82280,0
58301,0
95014,0
120274,0
99659,0
68765,0
88150,0
47402,0
60400,0
78782,0
78105,0
83276,0
36743,1
6863,1
67245,0
26150,1
52189,0
43658,1
95277,0
26347,1
78392,0
122391,0
54718,0
26384,1
56633,0
107246,0
44907,1
106708,0
151531,0
124700,0
145866,0
74634,0
23955,1
52829,0
4931,1
54977,0
159344,0
138325,0
103107,0
116672,0
76717,0
140983,0
147220,0
12951,1
45697,0
58156,0
108633,0
38005,1
97224,0
110286,0
1241,1
121147,0
99932,0
39603,1
69748,0
61437,0
49371,0
90147,0
104736,0
57984,0
83982,0
27821,1
149618,0
122779,0
119393,0
127194,0
104751,0
140410,0
25302,1
72184,0
57274,0
119160,0
90618,0
41246,1
119969,0
9081,1
66890,0
65152,0
67232,0
10873,1
81249,0
100628,0
42771,1
72624,0
94743,0
73202,0
58653,0
21661,1
40643,1
45758,0
112326,0
137990,0
130752,0
125884,0
15990,1
147253,0
143604,0
120245,0
40703,1
95359,0
90603,0
140254,0
73372,0
95131,0
65777,0
63383,0
96645,0
97654,0
62925,0
35059,1
99133,0
139075,0
127263,0
69092,0
106357,0
90564,0
13292,1
111640,0
150893,0
116569,0
82868,0
128037,0
145703,0
83482,0
133498,0
152615,0
19668,1
108560,0
100273,0
47733,0
36554,1
50447,0
83702,0
109604,0
118823,0
88450,0
134482,0
100976,0
50159,0
139072,0
97397,0
115837,0
27039,1
33012,1
14459,1
43933,1
145634,0
129807,0
75795,0
12874,1
26836,1
117640,0
9478,1
71342,0
21506,1
12192,1
45941,0
107004,0
10898,1
37430,1
116735,0
106408,0
43436,1
113094,0
153633,0
21811,1
81696,0
99470,0
25905,1
132812,0
7681,1
130226,0
52794,0
82304,0
129489,0
22809,1
80089,0
127355,0
17710,1
82819,0
70498,0
75129,0
113513,0
15809,1
122704,0
21958,1
38006,1
97704,0
7030,1
16532,1
116762,0
89826,0
65518,0
122757,0
51016,0
67932,0
95109,0
56522,0
156176,0
82407,0
6818,1
71657,0
77761,0
84502,0
78301,0
109760,0
55824,0
81538,0
87987,0
141704,0
115251,0
148968,0
130449,0
134765,0
24110,1
82524,0
92026,0
70719,0
26654,1
143318,0
42734,1
67579,0
143021,0
28916,1
133711,0
25668,1
52649,0
46081,0
23685,1
75657,0
73325,0
75207,0
269,1
156774,0
56376,0
121197,0
148147,0
22577,1
25959,1
2265,1
60296,0
140674,0
78730,0
44064,1
157970,0
119052,0
112066,0
96647,0
126520,0
121038,0
122266,0
91527,0
53078,0
3160,1
98168,0
26054,1
8007,1
87005,0
85867,0
155358,0
84268,0
124936,0
156865,0
140702,0
147877,0
12884,1
65121,0
105688,0
40429,1
62718,0
88220,0
77715,0
128888,0
79417,0
147080,0
109799,0
36838,1
74729,0
95880,0
154572,0
124914,0
88066,0
55772,0
46482,0
95950,0
68183,0
84304,0
157128,0
147344,0
8965,1
47789,0
120160,0
127744,0
152299,0
66245,0
116886,0
141834,0
69831,0
57216,0
108690,0
10650,1
158700,0
158339,0
134916,0
74764,0
30178,1
135952,0
35089,1
52773,0
81126,0
45253,0
66323,0
96656,0
56337,0
158789,0
16887,1
60039,0
105880,0
116103,0
15492,1
52453,0
101410,0
137456,0
28701,1
77644,0
92743,0
35918,1
133650,0
141881,0
65015,0
5518,1
72707,0
4617,1
117215,0
133012,0
90589,0
27049,1
127051,0
157988,0
23893,1
126785,0
143962,0
77148,0
18671,1
93105,0
9921,1
45718,0
46390,0
130792,0
30441,1
19837,1
150036,0
69587,0
85721,0
21844,1
63034,0
82253,0
85063,0
19414,1
97955,0
69082,0
65845,0
104988,0
98503,0
125558,0
8378,1
42860,1
152400,0
31884,1
130282,0
77085,0
34309,1
63361,0
108148,0
148366,0
149086,0
157839,0
43250,1
123445,0
112594,0
92275,0
18393,1
138856,0
82864,0
38093,1
62223,0
97102,0
124681,0
1429,1
78164,0
139516,0
89423,0
84599,0
157514,0
38274,1
16035,1
36203,1
9427,1
63566,0
135734,0
51625,0
101116,0
139738,0
64692,0
2956,1
52667,0
140182,0
25185,1
55967,0
129282,0
50044,0
67363,0
122541,0
1702,1
55569,0
1535,1
13445,1
108807,0
157402,0
34279,1
16486,1
76429,0
146556,0
149494,0
127092,0
122642,0
123460,0
106725,0
22494,1
126410,0
102298,0
149408,0
93995,0
68931,0
40805,1
87975,0
103592,0
10229,1
69122,0
77550,0
108407,0
49292,0
58592,0
39234,1
93115,0
21017,1
122159,0
106115,0
75267,0
104723,0
4852,1
116226,0
111415,0
126096,0
110203,0
93963,0
85033,0
21484,1
11624,1
25456,1
132899,0
52806,0
147845,0
139096,0
8971,1
20988,1
18824,1
4146,1
1982,1
121710,0
10503,1
148091,0
144313,0
90434,0
35977,1
60749,0
69328,0
22105,1
138708,0
85228,0
92830,0
137655,0
83178,0
110982,0
132433,0
94675,0
45113,0
91924,0
141793,0
60599,0
58419,0
74859,0
98172,0
155724,0
115555,0
33973,1
102151,0
93437,0
127273,0
27068,1
79794,0
45607,0
145832,0
133926,0
32489,1
142938,0
44637,1
53622,0
103173,0
63546,0
120498,0
5993,1
112952,0
102552,0
46240,0
66028,0
65985,0
46048,0
126101,0
86303,0
135966,0
65397,0
1599,1
128748,0
53426,0
60208,0
24647,1
95813,0
43118,1
87720,0
79386,0
40462,1
148103,0
153463,0
107737,0
85607,0
116265,0
108478,0
15156,1
150079,0
159436,0
63482,0
123981,0
87658,0
58974,0
64529,0
68780,0
94181,0
28744,1
25575,1
82849,0
151083,0
144586,0
128574,0
119459,0
31717,1
11062,1
94450,0
56979,0
126051,0
9512,1
88855,0
77018,0
70723,0
89256,0
132317,0
111242,0
102213,0
95375,0
123707,0
29552,1
11770,1
43569,1
72682,0
68404,0
72638,0
77543,0
54836,0
118291,0
33358,1
110576,0
158592,0
94502,0
20510,1
50736,0
92844,0
76349,0
55473,0
62314,0
125195,0
29608,1
17678,1
3323,1
50244,0
96239,0
43391,1
102448,0
154193,0
27376,1
1806,1
8602,1
158066,0
45938,0
35534,1
87553,0
153124,0
52006,0
2857,1
88237,0
91990,0
37737,1
29320,1
31547,1
100850,0
64145,0
121730,0
60511,0
21950,1
61439,0
31142,1
23184,1
97375,0
72752,0
52674,0
19769,1
32517,1
58865,0
54867,0
134492,0
10286,1
142492,0
151495,0
1118,1
120073,0
19767,1
130112,0
127398,0
23924,1
81108,0
29313,1
148471,0
86177,0
158521,0
159310,0
98996,0
12036,1
142271,0
55875,0
118615,0
26605,1
29413,1
89725,0
43525,1
458,1
139448,0
46113,0
155187,0
148337,0
115319,0
3134,1
155781,0
126842,0
62367,0
102287,0
21724,1
46819,0
108501,0
150705,0
54800,0
64179,0
41594,1
122629,0
132827,0
146396,0
38689,1
114892,0
79712,0
120408,0
12908,1
157434,0
115390,0
26142,1
104473,0
134848,0
33512,1
5193,1
134099,0
128234,0
11097,1
65338,0
148056,0
42704,1
61042,0
138549,0
111854,0
55863,0
25505,1
155484,0
139750,0
113653,0
45654,0
30281,1
114469,0
159469,0
5612,1
93029,0
5196,1
64869,0
117502,0
66931,0
20063,1
74903,0
13654,1
124332,0
91745,0
148038,0
146261,0
3631,1
48659,0
60943,0
12729,1
42805,1
148669,0
140627,0
76763,0
12631,1
37606,1
112622,0
100136,0
41925,1
45755,0
148583,0
143721,0
39831,1
129285,0
47909,0
159534,0
104506,0
143513,0
125729,0
56893,0
133235,0
109545,0
144920,0
20945,1
136984,0
49264,0
126209,0
117721,0
37374,1
140942,0
22900,1
14930,1
139327,0
50689,0
149171,0
16980,1
45653,0
80352,0
61298,0
113906,0
23491,1
39621,1
1976,1
110960,0
146076,0
80398,0
52531,0
30699,1
73474,0
127264,0
31958,1
148780,0
146117,0
63154,0
68923,0
120394,0
134666,0
3501,1
54531,0
79276,0
133635,0
69331,0
48502,0
49618,0
20571,1
99055,0
125070,0
101294,0
147923,0
89383,0
158256,0
72423,0
97400,0
46095,0
125983,0
132686,0
152209,0
60710,0
17987,1
53568,0
110985,0
142294,0
104478,0
58001,0
32180,1
78905,0
89990,0
137171,0
115226,0
125944,0
47036,0
19506,1
152256,0
12636,1
134944,0
86952,0
16700,1
66941,0
71581,0
99966,0
127479,0
156039,0
50465,0
75182,0
92662,0
67761,0
83261,0
12277,1
19659,1
95638,0
75928,0
67532,0
78982,0
100746,0
83529,0
112356,0
64732,0
56597,0
24902,1
1098,1
119982,0
29660,1
6067,1
103795,0
150803,0
10937,1
127326,0
4992,1
90408,0
27696,1
29056,1
111144,0
33244,1
74479,0
123667,0
17706,1
47197,0
83230,0
76427,0
137625,0
73311,0
118227,0
152157,0
91704,0
100992,0
145269,0
102336,0
112016,0
80393,0
138767,0
34073,1
67808,0
135931,0
151074,0
117137,0
426,1
18704,1
61303,0
23012,1
28577,1
1455,1
102052,0
157729,0
35041,1
27032,1
50621,0
20033,1
51977,0
154761,0
19749,1
46642,0
121841,0
139345,0
68063,0
88973,0
46056,0
130645,0
115109,0
54442,0
95981,0
89232,0
122295,0
87693,0
145564,0
132946,0
122575,0
26718,1
90108,0
53826,0
117306,0
98741,0
32901,1
101408,0
110523,0
151921,0
5290,1
46515,0
140094,0
79119,0
24591,1
7108,1
130482,0
142105,0
129532,0
119647,0
19798,1
148537,0
19788,1
18571,1
63314,0
51316,0
969,1
50877,0
71002,0
128033,0
74966,0
92223,0
21348,1
33692,1
39468,1
139263,0
99557,0
123918,0
24836,1
106742,0
151005,0
43017,1
37581,1
44639,1
137782,0
152986,0
137353,0
8397,1
148164,0
84610,0
56020,0
10996,1
143036,0
82610,0
76238,0
92459,0
21197,1
156339,0
61151,0
16017,1
110744,0
71749,0
80485,0
16518,1
42352,1
14923,1
95992,0
40474,1
149103,0
105416,0
143289,0
114112,0
34026,1
124989,0
128946,0
43797,1
136665,0
148630,0
45635,0
133299,0
109129,0
46341,0
33967,1
108954,0
128846,0
93939,0
91742,0
93639,0
128143,0
88877,0
153315,0
62985,0
19228,1
10779,1
14133,1
64320,0
59072,0
30673,1
101576,0
22978,1
45122,0
100584,0
91906,0
45405,0
142272,0
84422,0
88941,0
118751,0
6766,1
71782,0
77367,0
47313,0
24602,1
114638,0
140278,0
106684,0
25753,1
58519,0
27465,1
8187,1
141689,0
101397,0
119376,0
82111,0
51840,0
82164,0
134281,0
102690,0
45608,0
85290,0
124035,0
153204,0
98995,0
81313,0
44800,1
12428,1
133045,0
81603,0
60202,0
36001,1
6040,1
6392,1
39895,1
156412,0
9817,1
115224,0
141082,0
103495,0
136836,0
144132,0
130192,0
117059,0
140375,0
156392,0
134214,0
99681,0
153763,0
67630,0
79202,0
24040,1
14024,1
152946,0
123081,0
20077,1
57143,0
78280,0
24882,1
93855,0
98736,0
118385,0
76932,0
17727,1
85839,0
90801,0
62768,0
132515,0
68528,0
92389,0
140801,0
105668,0
157198,0
14261,1
75572,0
53255,0
68561,0
57029,0
61712,0
9928,1
141319,0
121560,0
61432,0
70449,0
98686,0
99371,0
53269,0
74427,0
124835,0
52645,0
156636,0
1277,1
110193,0
6201,1
122840,0
48245,0
93593,0
134655,0
154299,0
151825,0
153478,0
17291,1
95274,0
150000,0
55543,0
36279,1
58030,0
111267,0
42627,1
141101,0
2586,1
134731,0
76408,0
91448,0
11419,1
146081,0
151026,0
97399,0
140880,0
149967,0
126867,0
4439,1
141249,0
19380,1
99315,0
57723,0
33631,1
73512,0
114100,0
100528,0
22097,1
137345,0
76639,0
861,1
89085,0
35749,1
2595,1
14441,1
142083,0
149585,0
97904,0
2757,1
135784,0
14071,1
139242,0
79653,0
35842,1
46359,0
134090,0
88301,0
101222,0
55576,0
23402,1
30978,1
81780,0
112339,0
2872,1
14875,1
32248,1
135342,0
137524,0
144344,0
3328,1
43546,1
21408,1
14349,1
135733,0
138639,0
132907,0
46179,0
158127,0
108521,0
138862,0
5786,1
87303,0
130741,0
68390,0
110801,0
117686,0
129036,0
22497,1
47310,0
76722,0
111348,0
7891,1
149581,0
27224,1
94470,0
14403,1
14925,1
98355,0
117251,0
90717,0
100192,0
105669,0
16599,1
96597,0
56927,0
26111,1
71060,0
7683,1
7836,1
44876,1
55982,0
12205,1
94047,0
58231,0
4597,1
17914,1
79526,0
146367,0
31476,1
91246,0
37648,1
60868,0
81877,0
58510,0
98049,0
32003,1
44733,1
50540,0
34217,1
576,1
154999,0
96710,0
62455,0
109718,0
20102,1
25834,1
67003,0
74908,0
108983,0
115028,0
2875,1
54163,0
9802,1
124014,0
130981,0
122682,0
56818,0
73214,0
111173,0
83349,0
58409,0
108261,0
45728,0
112816,0
87455,0
5866,1
4171,1
16816,1
58786,0
86127,0
65902,0
91430,0
40992,1
84381,0
3472,1
141379,0
119457,0
80884,0
75066,0
103415,0
92078,0
11956,1
147571,0
132052,0
138416,0
126287,0
80041,0
113161,0
73464,0
146672,0
145519,0
129970,0
100760,0
118980,0
58233,0
74893,0
69506,0
70180,0
2737,1
43609,1
64118,0
76927,0
138788,0
5956,1
77080,0
4800,1
113666,0
86861,0
21511,1
10004,1
16313,1
84458,0
50092,0
15125,1
89021,0
115428,0
130492,0
2212,1
133120,0
92548,0
63491,0
126278,0
67515,0
125805,0
6072,1
73582,0
157145,0
82913,0
17056,1
82726,0
100533,0
74777,0
151470,0
19448,1
11167,1
152768,0
141777,0
27822,1
80659,0
118819,0
122120,0
5026,1
153556,0
159106,0
144112,0
80959,0
14567,1
19037,1
123482,0
98876,0
41204,1
103105,0
36830,1
16699,1
155512,0
51805,0
113957,0
74347,0
80894,0
2347,1
2306,1
82007,0
4707,1
45932,0
67177,0
4541,1
5524,1
77545,0
117,1
109454,0
123559,0
131668,0
125163,0
157024,0
149460,0
72730,0
54978,0
90254,0
128400,0
61599,0
58208,0
129512,0
113353,0
132597,0
82633,0
15876,1
55270,0
49786,0
28384,1
75766,0
78947,0
103944,0
19042,1
93099,0
25855,1
140642,0
9486,1
51482,0
8983,1
134394,0
41840,1
154475,0
138156,0
18767,1
21333,1
81166,0
128141,0
130639,0
70990,0
107599,0
125086,0
73990,0
94179,0
14815,1
39678,1
26841,1
4166,1
17837,1
146268,0
109641,0
44287,1
70057,0
106731,0
88940,0
4698,1
124046,0
44593,1
14286,1
28137,1
134144,0
82180,0
10724,1
143323,0
14750,1
52440,0
84965,0
103059,0
70309,0
39723,1
101416,0
121089,0
43237,1
39165,1
107194,0
40892,1
32450,1
51869,0
138536,0
105966,0
141587,0
61660,0
134213,0
107153,0
48499,0
156911,0
42974,1
1200,1
136311,0
151950,0
53533,0
145118,0
83093,0
4270,1
91133,0
9204,1
13103,1
56731,0
121009,0
60428,0
80524,0
125164,0
38414,1
66024,0
142284,0
151580,0
121176,0
59363,0
101209,0
158220,0
119389,0
107126,0
106170,0
51376,0
22604,1
139682,0
23845,1
80945,0
78584,0
6151,1
83082,0
116800,0
105237,0
99643,0
107945,0
115132,0
67741,0
32815,1
9722,1
101003,0
159274,0
68508,0
58751,0
47793,0
143629,0
120973,0
19986,1
91695,0
91589,0
108027,0
83456,0
83310,0
56486,0
133768,0
134556,0
4308,1
28177,1
144663,0
115765,0
154247,0
132772,0
41863,1
149647,0
38899,1
1546,1
45839,0
139970,0
6859,1
28521,1
157036,0
152203,0
20214,1
143734,0
140320,0
112874,0
70874,0
124710,0
59996,0
5599,1
67444,0
111948,0
9288,1
19452,1
34958,1
130054,0
75640,0
73211,0
3583,1
69866,0
83253,0
128780,0
40504,1
105183,0
159159,0
57237,0
139948,0
138171,0
53867,0
19620,1
68054,0
145169,0
117554,0
5072,1
18091,1
16041,1
116108,0
121312,0
79744,0
115969,0
1508,1
40244,1
28466,1
117888,0
154243,0
152126,0
124864,0
45727,0
17886,1
134981,0
124576,0
51808,0
66906,0
59312,0
128941,0
145284,0
73238,0
133594,0
110482,0
107834,0
82717,0
3864,1
79919,0
61252,0
120066,0
83544,0
158334,0
80593,0
139681,0
44242,1
110463,0
93737,0
13453,1
81061,0
147590,0
37954,1
54437,0
48107,0
64040,0
102203,0
96188,0
123084,0
101656,0
143726,0
88880,0
110843,0
75904,0
15815,1
65395,0
64099,0
92355,0
98630,0
34225,1
28928,1
128152,0
121839,0
143792,0
59007,0
142968,0
39803,1
147694,0
139163,0
35069,1
648,1
83184,0
89513,0
94007,0
77555,0
143743,0
77288,0
95927,0
54494,0
52816,0
116142,0
89840,0
148093,0
27021,1
64799,0
106654,0
35989,1
76554,0
83191,0
82256,0
126688,0
79414,0
76774,0
111362,0
39106,1
32397,1
120771,0
138678,0
146511,0
26383,1
37148,1
36908,1
154496,0
72257,0
108958,0
70161,0
16396,1
42740,1
31954,1
90026,0
1775,1
3929,1
55325,0
92321,0
15974,1
142445,0
82649,0
81477,0
136238,0
69287,0
36331,1
141669,0
103386,0
15490,1
75177,0
56753,0
10334,1
50416,0
122615,0
146115,0
104992,0
126798,0
85958,0
108238,0
1228,1
38374,1
97426,0
43015,1
48620,0
52664,0
50986,0
32978,1
59872,0
72965,0
98125,0
58294,0
109945,0
132361,0
140628,0
94192,0
85701,0
78881,0
106996,0
147878,0
57425,0
92654,0
121790,0
111949,0
86518,0
24531,1
99358,0
78331,0
153801,0
72222,0
62803,0
125701,0
3104,1
35561,1
89828,0
89642,0
81320,0
45989,0
107336,0
121871,0
146675,0
75483,0
126699,0
23582,1
8813,1
13006,1
157081,0
96685,0
103501,0
50819,0
70848,0
30373,1
37355,1
99512,0
23358,1
32076,1
135103,0
149661,0
117385,0
2592,1
2351,1
43373,1
18234,1
63746,0
75862,0
76783,0
92111,0
23663,1
22406,1
1532,1
142607,0
58123,0
96526,0
64378,0
36804,1
32559,1
139666,0
26450,1
141300,0
45486,0
127215,0
20171,1
90070,0
144710,0
149991,0
86077,0
122670,0
101321,0
21490,1
42200,1
40686,1
118818,0
131895,0
92518,0
3450,1
51851,0
45021,1
47600,0
15119,1
105402,0
3146,1
64051,0
51314,0
145202,0
69545,0
65636,0
27300,1
23559,1
52697,0
132545,0
96308,0
117320,0
84012,0
23246,1
2970,1
115199,0
148182,0
101993,0
93728,0
139958,0
130500,0
47881,0
90294,0
11829,1
79134,0
38898,1
158728,0
108343,0
34457,1
146741,0
57259,0
154273,0
103380,0
63115,0
148063,0
60148,0
27815,1
87506,0
61359,0
55094,0
98108,0
31308,1
42347,1
80789,0
143128,0
130299,0
58465,0
85643,0
115534,0
64630,0
66213,0
58779,0
139374,0
21364,1
106188,0
150059,0
86968,0
63510,0
2103,1
144615,0
112636,0
12555,1
146293,0
97639,0
143050,0
55868,0
47522,0
52305,0
12346,1
82324,0
139321,0
25286,1
15542,1
17375,1
11117,1
108672,0
33998,1
131263,0
121003,0
141870,0
68448,0
63145,0
105004,0
94834,0
152992,0
79671,0
85518,0
58726,0
39401,1
122573,0
2150,1
120463,0
30757,1
158990,0
153427,0
78319,0
148166,0
125386,0
36677,1
107134,0
25031,1
53149,0
81615,0
51291,0
153911,0
12569,1
27147,1
94899,0
48326,0
66488,0
113374,0
62136,0
9897,1
1790,1
103180,0
38306,1
113097,0
20012,1
85700,0
95929,0
107617,0
106465,0
110903,0
95764,0
25395,1
125844,0
11552,1
39708,1
38926,1
68905,0
115126,0
75746,0
123261,0
14222,1
96262,0
121765,0
82462,0
114936,0
130417,0
49981,0
137885,0
81740,0
98640,0
108446,0
101681,0
39813,1
144363,0
149811,0
47335,0
149772,0
61369,0
39629,1
128318,0
31099,1
111832,0
65480,0
141512,0
157138,0
107079,0
46770,0
23666,1
132352,0
134143,0
92055,0
152485,0
13526,1
95481,0
156304,0
156995,0
112750,0
115828,0
57910,0
145825,0
52290,0
57913,0
87496,0
99962,0
60638,0
36441,1
127407,0
97366,0
6464,1
35981,1
126718,0
98983,0
104269,0
88925,0
112192,0
95260,0
144540,0
28758,1
77227,0
6951,1
66929,0
131577,0
5463,1
68075,0
138435,0
104009,0
117886,0
8421,1
72516,0
44676,1
5763,1
785,1
80718,0
105906,0
60658,0
129370,0
39772,1
147308,0
61366,0
56371,0
121241,0
28232,1
32657,1
141611,0
158744,0
109437,0
150901,0
48863,0
84069,0
19295,1
130622,0
73948,0
43267,1
32888,1
128062,0
157661,0
9411,1
136946,0
146000,0
143904,0
61294,0
128613,0
124826,0
155189,0
25290,1
93065,0
25121,1
150288,0
98770,0
105949,0
113851,0
105031,0
52332,0
144180,0
116315,0
133404,0
13992,1
16111,1
58162,0
106478,0
41253,1
73811,0
101813,0
158295,0
123174,0
5386,1
11672,1
80118,0
157300,0
144343,0
158150,0
84479,0
146964,0
154858,0
89631,0
46362,0
152876,0
111466,0
70493,0
142239,0
76944,0
81543,0
29192,1
38270,1
103242,0
78932,0
88618,0
76021,0
2774,1
148852,0
71473,0
25094,1
25229,1
71334,0
134485,0
29574,1
102067,0
156291,0
36109,1
3999,1
100972,0
104735,0
147350,0
77561,0
80848,0
140019,0
30259,1
126510,0
5556,1
100159,0
68591,0
18482,1
146050,0
143536,0
20395,1
94963,0
835,1
136683,0
77282,0
72001,0
76379,0
24319,1
85079,0
138698,0
125144,0
91946,0
56872,0
41414,1
76524,0
92474,0
119737,0
34174,1
19565,1
105186,0
23314,1
8343,1
96280,0
76196,0
112650,0
67993,0
39746,1
44186,1
40276,1
115643,0
111335,0
158692,0
96016,0
132871,0
135889,0
140093,0
148847,0
52338,0
15899,1
37969,1
125489,0
30011,1
134081,0
106665,0
3557,1
52528,0
2988,1
37947,1
17316,1
112370,0
34074,1
129775,0
81993,0
105046,0
40045,1
39364,1
122874,0
5033,1
64548,0
107923,0
75120,0
68727,0
80611,0
13392,1
158640,0
40534,1
2328,1
78231,0
142021,0
137657,0
9892,1
2091,1
98979,0
116375,0
100509,0
140909,0
147885,0
53697,0
61413,0
69817,0
145730,0
1416,1
85014,0
61467,0
73662,0
73123,0
110992,0
126079,0
9985,1
136175,0
139910,0
81884,0
11370,1
38563,1
104178,0
130625,0
54303,0
8670,1
125952,0
118796,0
124092,0
68667,0
86162,0
100573,0
112207,0
65814,0
30220,1
63790,0
112930,0
12266,1
31100,1
125553,0
84960,0
141966,0
48624,0
72328,0
139778,0
62532,0
130232,0
134951,0
99270,0
152085,0
49693,0
93820,0
107914,0
118230,0
105973,0
10368,1
47809,0
75642,0
116397,0
154847,0
16357,1
75094,0
63862,0
62484,0
2083,1
129743,0
105706,0
62253,0
159158,0
81135,0
9634,1
62107,0
74957,0
149262,0
116708,0
158938,0
88328,0
155331,0
60778,0
50628,0
104167,0
37029,1
30172,1
86537,0
59887,0
108330,0
147511,0
69885,0
78674,0
118846,0
50535,0
139150,0
39485,1
32095,1
12607,1
105064,0
35828,1
152051,0
104476,0
76468,0
150089,0
125089,0
18268,1
77945,0
116246,0
94901,0
140112,0
150102,0
88098,0
154568,0
16209,1
113929,0
24175,1
39398,1
58613,0
4820,1
90856,0
73880,0
61052,0
113416,0
153014,0
44426,1
82896,0
8809,1
117935,0
99129,0
57039,0
56833,0
96165,0
48558,0
134408,0
11754,1
74316,0
67645,0
28060,1
48184,0
122822,0
6081,1
129188,0
120437,0
91910,0
152532,0
2727,1
143065,0
38026,1
13575,1
129424,0
121728,0
12102,1
13594,1
106254,0
66474,0
122490,0
133070,0
52244,0
68804,0
122608,0
77319,0
145069,0
88881,0
67823,0
89276,0
58700,0
37418,1
142394,0
150483,0
29700,1
100313,0
90728,0
154674,0
33253,1
36762,1
58950,0
2386,1
103724,0
103847,0
58683,0
85525,0
148639,0
83538,0
71570,0
88087,0
130852,0
91726,0
83568,0
133569,0
21948,1
79407,0
26795,1
91390,0
142951,0
28947,1
60293,0
5330,1
22425,1
48846,0
26033,1
137033,0
148760,0
52421,0
52503,0
122115,0
151017,0
140175,0
18678,1
27411,1
17338,1
80980,0
114985,0
126523,0
97216,0
10989,1
130935,0
87065,0
145874,0
68759,0
34523,1
32928,1
76356,0
21493,1
36487,1
140108,0
144687,0
147549,0
80001,0
28667,1
87243,0
5249,1
41234,1
28004,1
65202,0
126932,0
73359,0
98670,0
17365,1
17251,1
156093,0
104128,0
47363,0
53034,0
34625,1
74435,0
154741,0
73951,0
13283,1
145373,0
143932,0
11588,1
65840,0
111625,0
20250,1
2260,1
93225,0
136208,0
46690,0
128634,0
63144,0
82215,0
111671,0
121997,0
96222,0
157388,0
38143,1
99357,0
55263,0
108070,0
41729,1
12852,1
27749,1
87709,0
132481,0
39961,1
8050,1
16312,1
78569,0
1222,1
3334,1
67259,0
156451,0
70943,0
74798,0
85922,0
67775,0
152837,0
51885,0
72998,0
8036,1
145168,0
12060,1
52154,0
22366,1
28208,1
95321,0
147985,0
4823,1
86135,0
25637,1
124375,0
10941,1
112312,0
71241,0
85281,0
133573,0
145164,0
83439,0
65522,0
151286,0
68582,0
126099,0
27168,1
131442,0
124369,0
105819,0
99430,0
147526,0
21112,1
22813,1
65890,0
30639,1
120032,0
107071,0
77126,0
116345,0
50884,0
36758,1
19552,1
33584,1
35729,1
64867,0
127764,0
96097,0
31323,1
29024,1
103478,0
27814,1
87531,0
110360,0
25894,1
28176,1
4168,1
141722,0
90636,0
102149,0
80404,0
110026,0
12115,1
7464,1
8113,1
159464,0
106310,0
35020,1
13534,1
71003,0
69672,0
4801,1
112244,0
12759,1
111713,0
50529,0
31211,1
23062,1
102960,0
58819,0
137355,0
6691,1
16937,1
34520,1
99520,0
13566,1
51142,0
98985,0
132072,0
26766,1
42177,1
24753,1
39273,1
61953,0
68636,0
43388,1
19950,1
112697,0
50101,0
149133,0
47875,0
81569,0
70985,0
127447,0
144665,0
113847,0
6908,1
150291,0
100112,0
127978,0
133271,0
104370,0
39495,1
122739,0
135946,0
97177,0
40856,1
134291,0
58216,0
48522,0
87925,0
66084,0
138036,0
19797,1
110970,0
27258,1
44534,1
132061,0
119778,0
109218,0
33840,1
114418,0
156202,0
121601,0
57313,0
2904,1
5545,1
23150,1
142738,0
31607,1
93391,0
144122,0
8982,1
130144,0
124068,0
28487,1
78374,0
15282,1
9206,1
122087,0
39117,1
83861,0
105598,0
80875,0
28475,1
126347,0
152074,0
21157,1
111938,0
71723,0
157811,0
155036,0
31960,1
107443,0
148667,0
100187,0
45317,0
57814,0
26581,1
31573,1
140516,0
68768,0
46524,0
35252,1
23594,1
93252,0
144531,0
40649,1
82641,0
129478,0
14523,1
57847,0
121304,0
72388,0
129271,0
122927,0
43264,1
49460,0
139754,0
140153,0
38883,1
124335,0
44563,1
153221,0
43063,1
124337,0
67129,0
72214,0
25366,1
30229,1
117620,0
114981,0
74918,0
52898,0
86924,0
8210,1
44939,1
107668,0
150783,0
23021,1
9000,1
107301,0
35233,1
55515,0
22750,1
147307,0
107039,0
720,1
28496,1
17971,1
31168,1
87768,0
85015,0
33175,1
65076,0
19747,1
58182,0
43611,1
41125,1
35896,1
90576,0
79955,0
130288,0
135564,0
9283,1
40506,1
23606,1
106133,0
6501,1
146163,0
32883,1
93058,0
37034,1
61313,0
133553,0
128874,0
32405,1
107125,0
159052,0
123795,0
86759,0
118321,0
102973,0
78521,0
12939,1
137185,0
77927,0
52151,0
37919,1
120187,0
93239,0
126247,0
70171,0
32800,1
72936,0
132892,0
152044,0
157341,0
125105,0
58357,0
103298,0
31026,1
80500,0
130598,0
50419,0
19091,1
91882,0
27836,1
158113,0
89753,0
121362,0
114613,0
117224,0
13861,1
28412,1
22191,1
120721,0
2136,1
158899,0
78798,0
10148,1
135953,0
110815,0
54305,0
33189,1
39899,1
154507,0
8838,1
40965,1
104189,0
91979,0
85692,0
72429,0
114608,0
99886,0
123338,0
140244,0
36862,1
29634,1
58955,0
20534,1
116053,0
11486,1
8468,1
33873,1
72427,0
31989,1
120166,0
45819,0
90722,0
105533,0
81368,0
121173,0
46219,0
86887,0
53461,0
21629,1
82108,0
103640,0
44976,1
48465,0
70359,0
121742,0
122409,0
129195,0
43472,1
129986,0
83913,0
143045,0
113609,0
63727,0
129903,0
114560,0
57404,0
107687,0
24238,1
149612,0
53179,0
28959,1
33857,1
76244,0
91851,0
12828,1
82838,0
134002,0
42746,1
92451,0
63947,0
97335,0
147313,0
72667,0
65998,0
1115,1
146530,0
156250,0
6940,1
27131,1
111698,0
150447,0
38355,1
88722,0
32958,1
154869,0
11764,1
7294,1
103866,0
53206,0
152917,0
63431,0
104183,0
2836,1
110591,0
153977,0
25510,1
83481,0
155565,0
99616,0
70153,0
153926,0
135091,0
39155,1
61147,0
155123,0
11852,1
126136,0
37329,1
47651,0
106096,0
159190,0
49477,0
49751,0
39823,1
15433,1
23050,1
73225,0
53989,0
12708,1
35930,1
101942,0
99724,0
134643,0
118155,0
2355,1
13757,1
108842,0
102446,0
135790,0
89878,0
123762,0
96417,0
64463,0
152560,0
17153,1
49706,0
78553,0
136084,0
121738,0
149239,0
99907,0
95047,0
95237,0
79081,0
93084,0
30832,1
9433,1
148727,0
45244,0
34931,1
94216,0
98943,0
71080,0
99380,0
16009,1
149682,0
36626,1
33312,1
82411,0
148081,0
125928,0
31946,1
6583,1
34777,1
42122,1
125706,0
150054,0
138427,0
52864,0
124726,0
101908,0
146075,0
145641,0
138588,0
5893,1
74570,0
134901,0
137744,0
75064,0
27843,1
53033,0
104424,0
107704,0
73647,0
57671,0
38925,1
146018,0
52409,0
42679,1
141431,0
87468,0
7635,1
130618,0
7783,1
76284,0
95214,0
43136,1
153919,0
61434,0
90646,0
108436,0
51114,0
95190,0
60783,0
147098,0
65134,0
117538,0
12024,1
29107,1
43037,1
71609,0
110084,0
100059,0
27720,1
79262,0
81318,0
141525,0
30010,1
59481,0
75569,0
145787,0
92969,0
55363,0
2037,1
38179,1
81496,0
143123,0
146772,0
93507,0
45902,0
109867,0
70469,0
68360,0
77436,0
131564,0
79683,0
107459,0
110290,0
44239,1
63239,0
146793,0
124589,0
77705,0
86888,0
141202,0
42052,1
137006,0
37545,1
12903,1
130441,0
139244,0
122784,0
32989,1
50566,0
75122,0
65720,0
117790,0
115041,0
23386,1
106141,0
25271,1
77900,0
1984,1
83350,0
104758,0
81022,0
74652,0
145288,0
27298,1
87337,0
95910,0
1114,1
49383,0
126344,0
7079,1
94882,0
27912,1
22659,1
67459,0
158599,0
139380,0
88620,0
36366,1
133600,0
19449,1
414,1
42190,1
85166,0
97881,0
104898,0
69312,0
5549,1
42630,1
8327,1
25403,1
8361,1
141221,0
83129,0
13955,1
136154,0
54057,0
52553,0
38311,1
118004,0
119356,0
65230,0
116769,0
45853,0
98275,0
113468,0
55115,0
147377,0
109107,0
39427,1
33580,1
69946,0
21190,1
120210,0
41929,1
128230,0
83068,0
4734,1
157457,0
45828,0
65196,0
11471,1
147062,0
76889,0
100790,0
92795,0
152319,0
8727,1
137431,0
146365,0
156704,0
105254,0
3752,1
35722,1
107421,0
101974,0
50721,0
131861,0
99592,0
17484,1
87292,0
92396,0
17307,1
95921,0
45453,0
137383,0
109691,0
92507,0
30462,1
59852,0
46503,0
68498,0
22044,1
109234,0
144439,0
134723,0
48045,0
12829,1
3372,1
36782,1
116934,0
133186,0
67834,0
104699,0
116925,0
75279,0
7830,1
123504,0
149345,0
69495,0
93766,0
24280,1
2672,1
47228,0
18737,1
129856,0
41880,1
26236,1
17960,1
53654,0
83398,0
24879,1
144003,0
5266,1
143688,0
28221,1
136264,0
67553,0
31615,1
111838,0
26403,1
84104,0
2574,1
331,1
112837,0
69569,0
63117,0
120702,0
120027,0
83363,0
122053,0
44922,1
19562,1
50015,0
109379,0
92748,0
127794,0
93954,0
115590,0
71690,0
95714,0
76751,0
118600,0
97387,0
83910,0
52932,0
147535,0
55791,0
135551,0
74166,0
128655,0
6979,1
54358,0
145749,0
22427,1
149937,0
155050,0
109154,0
55024,0
20184,1
26117,1
47111,0
119702,0
114275,0
119965,0
25696,1
12934,1
20232,1
108873,0
127525,0
87237,0
137549,0
77897,0
121227,0
84201,0
5405,1
159337,0
12907,1
46397,0
115313,0
114535,0
29729,1
86906,0
39945,1
141137,0
154900,0
69342,0
154717,0
46251,0
58386,0
107621,0
55057,0
118194,0
63603,0
85360,0
100238,0
10904,1
78860,0
154591,0
153835,0
157238,0
106496,0
136973,0
26399,1
50151,0
120293,0
41043,1
114073,0
60791,0
43213,1
46945,0
136465,0
42001,1
109263,0
56340,0
47444,0
14405,1
133370,0
33678,1
57315,0
27114,1
60470,0
133931,0
71955,0
31451,1
116152,0
115996,0
64553,0
45528,0
143977,0
18206,1
97744,0
134097,0
129711,0
101793,0
2192,1
141749,0
13176,1
41696,1
25501,1
4210,1
62639,0
56588,0
22731,1
117796,0
7776,1
80148,0
79616,0
125645,0
28083,1
141383,0
69527,0
134778,0
38396,1
101057,0
21581,1
77463,0
76207,0
114191,0
153981,0
26127,1
15293,1
52571,0
64767,0
49585,0
26003,1
5162,1
85214,0
70931,0
117193,0
146155,0
82432,0
102820,0
59267,0
119244,0
81931,0
101499,0
9575,1
130320,0
109055,0
147058,0
120491,0
108177,0
138823,0
127310,0
122721,0
147301,0
119874,0
68233,0
112931,0
42523,1
9532,1
136590,0
147577,0
149196,0
129021,0
126514,0
68176,0
65446,0
87938,0
34679,1
97486,0
19831,1
34229,1
59003,0
111328,0
151659,0
41521,1
98786,0
69599,0
157523,0
41897,1
60850,0
76420,0
116422,0
112221,0
101795,0
127718,0
20338,1
123941,0
116139,0
17170,1
19060,1
127424,0
103434,0
84039,0
46633,0
34883,1
48724,0
37819,1
37210,1
71248,0
150122,0
12572,1
134780,0
141255,0
58785,0
87239,0
143099,0
63105,0
27953,1
29820,1
153277,0
38338,1
88396,0
24324,1
7075,1
49047,0
5333,1
88191,0
9599,1
155886,0
143178,0
67043,0
153889,0
40471,1
142034,0
155614,0
68192,0
149700,0
70718,0
10077,1
117290,0
6684,1
68472,0
142386,0
155425,0
120272,0
48271,0
57953,0
109105,0
70646,0
91986,0
70134,0
103605,0
3165,1
81455,0
13377,1
5161,1
41900,1
45961,0
53620,0
90947,0
6554,1
135569,0
150800,0
45953,0
139786,0
26286,1
139539,0
98625,0
134464,0
109776,0
113244,0
4157,1
106278,0
92715,0
154356,0
126790,0
148594,0
134437,0
30261,1
7999,1
58740,0
156761,0
110178,0
142858,0
153663,0
108051,0
69530,0
154099,0
13683,1
78670,0
58725,0
71884,0
79775,0
67831,0
140759,0
88576,0
78014,0
120616,0
95489,0
28319,1
148488,0
12507,1
1188,1
32302,1
125266,0
65108,0
24085,1
10970,1
29373,1
113807,0
139234,0
135615,0
67491,0
132502,0
143096,0
132280,0
119531,0
113945,0
19665,1
147959,0
48259,0
40470,1
5779,1
148740,0
101703,0
146768,0
145396,0
11361,1
5411,1
58798,0
88148,0
1252,1
22560,1
89968,0
101978,0
124097,0
4654,1
135236,0
86133,0
89030,0
66759,0
26158,1
73358,0
117597,0
46441,0
87009,0
11143,1
73714,0
88835,0
70496,0
139616,0
16438,1
118663,0
47435,0
83391,0
60916,0
57926,0
122319,0
82001,0
76250,0
114397,0
74184,0
32487,1
10925,1
94412,0
154337,0
52452,0
74584,0
17384,1
153646,0
111771,0
36811,1
49603,0
72818,0
65846,0
78461,0
26760,1
63359,0
97745,0
53108,0
153059,0
55430,0
48552,0
154317,0
73517,0
77851,0
74489,0
146827,0
135524,0
118927,0
15971,1
144785,0
68073,0
50128,0
11430,1
82305,0
77728,0
5449,1
64868,0
59806,0
15719,1
150792,0
55913,0
96557,0
34530,1
29753,1
51955,0
95130,0
83012,0
65815,0
47639,0
134710,0
137121,0
19504,1
138940,0
60526,0
149097,0
144683,0
113725,0
157102,0
134328,0
151608,0
87108,0
82295,0
141739,0
70106,0
15636,1
24717,1
54780,0
61796,0
112857,0
33742,1
22143,1
10805,1
148138,0
38768,1
123545,0
20189,1
10354,1
132234,0
2450,1
123974,0
130975,0
28034,1
84244,0
85880,0
29437,1
97517,0
120931,0
28058,1
91167,0
13978,1
9314,1
13304,1
77089,0
56437,0
41092,1
88413,0
82931,0
120135,0
103181,0
83460,0
20015,1
49278,0
51295,0
61286,0
97461,0
72957,0
32590,1
144166,0
21012,1
48290,0
58936,0
23583,1
141733,0
88071,0
122664,0
49459,0
85302,0
139470,0
93817,0
5504,1
119327,0
127098,0
17953,1
70300,0
51057,0
146625,0
37897,1
131212,0
16932,1
136569,0
116831,0
70380,0
50816,0
47728,0
77429,0
42376,1
158679,0
59619,0
152002,0
29365,1
154355,0
17113,1
28289,1
97411,0
67733,0
1020,1
37349,1
10622,1
85060,0
107207,0
136487,0
61987,0
56868,0
130040,0
122711,0
123488,0
23365,1
109611,0
27260,1
97035,0
68218,0
44926,1
117940,0
82480,0
141210,0
68443,0
48182,0
31370,1
15149,1
117093,0
96347,0
68346,0
66891,0
152274,0
41129,1
96736,0
135353,0
37704,1
38422,1
28576,1
138089,0
108168,0
108006,0
28799,1
117618,0
72317,0
78731,0
57316,0
116124,0
87792,0
95036,0
9564,1
45138,0
110091,0
74888,0
147157,0
113036,0
81134,0
104292,0
60192,0
7660,1
68317,0
136082,0
42552,1
90379,0
136880,0
98084,0
141322,0
109740,0
14855,1
60150,0
57811,0
7664,1
58647,0
119259,0
118637,0
145324,0
42160,1
143727,0
52619,0
83347,0
128855,0
66824,0
122661,0
135492,0
127296,0
131489,0
153391,0
146409,0
2232,1
33975,1
119860,0
152551,0
1244,1
19633,1
56253,0
73450,0
32113,1
90440,0
5414,1
128231,0
10370,1
102894,0
36728,1
87591,0
52195,0
158402,0
125903,0
121492,0
121889,0
91913,0
104935,0
69918,0
71812,0
68334,0
41331,1
55533,0
106367,0
27800,1
72029,0
56919,0
6990,1
37773,1
59178,0
91584,0
145273,0
8758,1
32577,1
62345,0
129735,0
107799,0
104545,0
74002,0
31108,1
131411,0
156733,0
94387,0
149293,0
100526,0
157555,0
35709,1
116669,0
117378,0
124146,0
129336,0
89051,0
89458,0
61713,0
32909,1
43903,1
12027,1
139127,0
152651,0
58729,0
106980,0
37297,1
22122,1
97616,0
76315,0
116341,0
67489,0
118759,0
155294,0
57217,0
47168,0
477,1
25615,1
66382,0
37832,1
11812,1
33381,1
116692,0
128949,0
26533,1
20939,1
88826,0
151895,0
70271,0
116357,0
114294,0
133158,0
152295,0
133482,0
19762,1
86064,0
60918,0
157948,0
20581,1
65812,0
151108,0
122808,0
149779,0
19058,1
104024,0
61486,0
152901,0
59999,0
158769,0
31245,1
96594,0
103568,0
57122,0
4098,1
47859,0
132997,0
108878,0
133906,0
111352,0
82531,0
45019,1
109320,0
78693,0
143613,0
139055,0
83668,0
48670,0
41376,1
74735,0
57296,0
127711,0
131443,0
119184,0
39681,1
30320,1
92180,0
80544,0
83998,0
7538,1
71869,0
37767,1
132330,0
144242,0
155329,0
88050,0
156969,0
97693,0
53814,0
148970,0
144902,0
77205,0
126630,0
45612,0
116662,0
21716,1
105816,0
51842,0
89594,0
50116,0
52222,0
97141,0
60332,0
10660,1
32661,1
36430,1
16485,1
117032,0
29996,1
153831,0
111645,0
45350,0
112863,0
72109,0
74662,0
5589,1
154979,0
125579,0
44395,1
128738,0
15910,1
112140,0
154047,0
74722,0
43692,1
68530,0
36098,1
147394,0
145463,0
71914,0
145020,0
142301,0
87048,0
111459,0
26427,1
78774,0
98527,0
21203,1
64222,0
88508,0
73228,0
105924,0
81693,0
15379,1
14244,1
3345,1
10493,1
20178,1
55322,0
130231,0
140416,0
95589,0
22256,1
136454,0
44557,1
129502,0
42936,1
122624,0
28846,1
15676,1
84940,0
81443,0
26170,1
72202,0
5232,1
113040,0
49865,0
88683,0
60823,0
7594,1
150044,0
17811,1
44154,1
129007,0
124608,0
128073,0
113994,0
46430,0
109381,0
146966,0
19913,1
71729,0
134994,0
67100,0
672,1
11957,1
118544,0
158187,0
105496,0
133995,0
34633,1
59739,0
16923,1
116538,0
56344,0
83663,0
31771,1
42831,1
141688,0
72598,0
101036,0
28515,1
81987,0
98285,0
157328,0
105318,0
41403,1
91935,0
104358,0
16941,1
138077,0
34533,1
114526,0
90715,0
31217,1
155637,0
2093,1
75428,0
25062,1
91717,0
150289,0
6660,1
18341,1
155728,0
112047,0
32346,1
118758,0
36088,1
130929,0
144877,0
27471,1
82332,0
123717,0
47288,0
27735,1
83289,0
96063,0
103782,0
124081,0
5059,1
3946,1
107575,0
59880,0
74853,0
92423,0
72234,0
71614,0
60568,0
125095,0
129033,0
22616,1
65844,0
83281,0
141434,0
4187,1
132687,0
5525,1
79503,0
53059,0
5457,1
17603,1
41706,1
78197,0
76397,0
115995,0
89570,0
116329,0
128008,0
34255,1
144702,0
144678,0
110581,0
47027,0
71631,0
72533,0
129901,0
137807,0
156273,0
131900,0
21058,1
133677,0
157107,0
77651,0
97276,0
2903,1
29703,1
121680,0
146800,0
118931,0
44130,1
141753,0
85535,0
19133,1
46456,0
132387,0
113735,0
87200,0
128979,0
96316,0
51752,0
98918,0
61565,0
135207,0
150010,0
22418,1
44176,1
110104,0
33204,1
28985,1
121090,0
25592,1
5302,1
54819,0
42220,1
87260,0
102481,0
100,1
147033,0
117684,0
68487,0
45371,0
33702,1
72182,0
157258,0
92310,0
4046,1
69083,0
8802,1
86442,0
115173,0
45617,0
47917,0
59989,0
65332,0
55084,0
6590,1
96034,0
70528,0
87954,0
129973,0
124460,0
136152,0
90726,0
130740,0
17184,1
26559,1
79726,0
36158,1
106298,0
49591,0
117229,0
79388,0
154622,0
15042,1
88341,0
19311,1
108337,0
82373,0
138769,0
42842,1
68737,0
158848,0
42510,1
149482,0
78031,0
113487,0
70537,0
15072,1
115701,0
60734,0
155786,0
109312,0
76314,0
148416,0
63852,0
2117,1
10506,1
9692,1
123303,0
131248,0
115997,0
118405,0
105470,0
29689,1
60657,0
5591,1
52733,0
103389,0
75924,0
73642,0
65576,0
6435,1
133283,0
126401,0
52255,0
57754,0
52628,0
154726,0
116730,0
73127,0
69572,0
39236,1
9611,1
56448,0
102271,0
53162,0
36237,1
126022,0
60493,0
9310,1
41569,1
110557,0
39394,1
30502,1
85455,0
80857,0
87993,0
106922,0
155421,0
128308,0
128735,0
28450,1
38610,1
132900,0
73461,0
132816,0
14908,1
17084,1
43008,1
105113,0
70704,0
80374,0
54561,0
24807,1
27122,1
115408,0
66560,0
137044,0
69924,0
28283,1
22306,1
84332,0
16294,1
24624,1
99555,0
33287,1
63706,0
127108,0
17614,1
4189,1
106339,0
125852,0
67081,0
146303,0
5200,1
10961,1
67449,0
23467,1
80418,0
133990,0
150567,0
78912,0
47024,0
39303,1
27277,1
139611,0
127698,0
57353,0
51894,0
31047,1
148787,0
121029,0
97966,0
147067,0
113096,0
146349,0
86724,0
106181,0
64443,0
73888,0
128657,0
90525,0
26074,1
73628,0
136497,0
100814,0
67192,0
91405,0
76907,0
104083,0
147417,0
81913,0
93993,0
124668,0
12329,1
123243,0
57183,0
49404,0
126875,0
6608,1
13191,1
82764,0
87723,0
10569,1
155321,0
65417,0
21780,1
150143,0
157606,0
112097,0
135310,0
132888,0
59576,0
152891,0
66051,0
145298,0
143150,0
23468,1
6319,1
78657,0
25813,1
108153,0
65011,0
141124,0
45672,0
102691,0
93948,0
119038,0
135813,0
142755,0
62376,0
10585,1
44993,1
49709,0
48730,0
70187,0
114011,0
6980,1
13693,1
121752,0
1263,1
82695,0
49724,0
153411,0
12620,1
16683,1
28828,1
71740,0
76085,0
98874,0
48379,0
27042,1
153018,0
88226,0
30790,1
35740,1
152234,0
122517,0
134491,0
128961,0
22167,1
72782,0
38283,1
1768,1
52492,0
139315,0
40723,1
75582,0
37222,1
123792,0
146182,0
82134,0
41215,1
94610,0
20106,1
125428,0
133231,0
37339,1
18552,1
123064,0
66908,0
90273,0
129525,0
88287,0
145393,0
14919,1
125590,0
51687,0
60894,0
82496,0
67384,0
41060,1
61607,0
155191,0
83584,0
95486,0
123917,0
64541,0
74026,0
13279,1
48328,0
61628,0
43355,1
41608,1
103654,0
65679,0
39700,1
8871,1
98820,0
99165,0
74030,0
64379,0
38080,1
37444,1
124088,0
33785,1
126794,0
20288,1
144335,0
122794,0
92147,0
11574,1
50612,0
110875,0
5843,1
59086,0
41474,1
37087,1
79367,0
118828,0
41718,1
74534,0
67894,0
29958,1
4383,1
87977,0
154768,0
67088,0
42907,1
73257,0
155432,0
156929,0
86663,0
9633,1
65400,0
22192,1
69926,0
31008,1
106343,0
149783,0
142850,0
28870,1
62023,0
136222,0
15595,1
72207,0
71707,0
92086,0
117439,0
10241,1
92060,0
134516,0
73460,0
94147,0
33061,1
125293,0
29006,1
150584,0
157152,0
119804,0
156745,0
56793,0
56462,0
88837,0
77994,0
150524,0
14010,1
16262,1
23938,1
20540,1
52147,0
125291,0
14373,1
109420,0
154630,0
71436,0
142965,0
33481,1
49822,0
18034,1
152419,0
36351,1
157119,0
17205,1
128026,0
153839,0
75423,0
71541,0
125247,0
94716,0
144866,0
29889,1
103613,0
151502,0
111593,0
34561,1
91988,0
89367,0
141479,0
108466,0
118797,0
115645,0
44333,1
139081,0
13333,1
12534,1
104728,0
118050,0
113848,0
96995,0
156806,0
113887,0
110611,0
19734,1
6083,1
137276,0
122705,0
142831,0
141518,0
55927,0
8768,1
95505,0
110061,0
22172,1
145131,0
10291,1
7805,1
23518,1
106328,0
64285,0
158790,0
97221,0
508,1
68204,0
48270,0
38957,1
74939,0
34473,1
59970,0
32373,1
68070,0
132840,0
13728,1
158543,0
81501,0
125091,0
96352,0
37434,1
155136,0
153660,0
98900,0
13136,1
158581,0
1935,1
137417,0
140774,0
84197,0
41999,1
147137,0
110112,0
88505,0
12497,1
12583,1
146169,0
128387,0
11513,1
61549,0
121613,0
99355,0
126914,0
49639,0
134046,0
43298,1
137375,0
109144,0
130895,0
68803,0
11965,1
96079,0
116477,0
124144,0
49765,0
110987,0
125193,0
116196,0
10888,1
143983,0
23362,1
14047,1
30761,1
126826,0
25530,1
37328,1
90799,0
115873,0
115252,0
53358,0
114714,0
152632,0
105401,0
138672,0
9202,1
147460,0
92052,0
149045,0
48555,0
70935,0
109027,0
89234,0
19869,1
13357,1
110548,0
152089,0
83450,0
129867,0
120289,0
146614,0
128183,0
99421,0
129386,0
96623,0
121168,0
26992,1
50864,0
56758,0
22552,1
56763,0
152412,0
7489,1
101496,0
157802,0
94623,0
111164,0
2886,1
28636,1
38183,1
149496,0
141001,0
29712,1
122974,0
48287,0
124541,0
93450,0
5801,1
8577,1
25250,1
58251,0
91188,0
21422,1
52293,0
157662,0
120301,0
69899,0
57923,0
159714,0
106126,0
54939,0
86174,0
37981,1
12857,1
138117,0
15448,1
105583,0
152840,0
67328,0
128190,0
1660,1
65595,0
755,1
95309,0
30199,1
118388,0
94992,0
120429,0
119551,0
92504,0
117356,0
25008,1
52009,0
37626,1
155416,0
68832,0
36306,1
132464,0
82880,0
81985,0
153730,0
152810,0
108905,0
93222,0
72942,0
17362,1
136058,0
45767,0
110176,0
76623,0
54481,0
119606,0
27425,1
131690,0
30817,1
84129,0
116802,0
59932,0
10500,1
116024,0
8906,1
145360,0
58935,0
36572,1
137923,0
25731,1
18647,1
9964,1
38122,1
59803,0
111094,0
59617,0
40120,1
117363,0
99786,0
138631,0
58855,0
73553,0
4140,1
19032,1
150917,0
116335,0
60117,0
22905,1
37480,1
91346,0
64098,0
71974,0
94771,0
96338,0
33,1
117508,0
40176,1
30433,1
8440,1
80419,0
152111,0
72003,0
24241,1
36931,1
84956,0
147497,0
28339,1
123779,0
72135,0
150497,0
82900,0
74744,0
111563,0
155153,0
76726,0
1076,1
146495,0
111383,0
17405,1
110090,0
51241,0
159226,0
121424,0
36246,1
146404,0
5189,1
24960,1
78510,0
153760,0
125061,0
18107,1
145453,0
51909,0
120331,0
132622,0
115687,0
57574,0
45914,0
141119,0
45239,0
118380,0
5038,1
110966,0
118075,0
54443,0
76646,0
71516,0
66406,0
57084,0
148242,0
122774,0
58467,0
26131,1
98917,0
159609,0
42768,1
85772,0
111736,0
151256,0
116942,0
15986,1
5628,1
143376,0
47802,0
52985,0
123621,0
126369,0
112001,0
153446,0
92045,0
140513,0
17107,1
154335,0
73538,0
152359,0
42348,1
58170,0
14164,1
94625,0
18496,1
37129,1
16653,1
59697,0
58022,0
83651,0
57911,0
43299,1
109736,0
64218,0
30174,1
52702,0
74203,0
6723,1
158887,0
36807,1
109920,0
61295,0
101435,0
60561,0
29086,1
101897,0
3204,1
43121,1
137076,0
140336,0
45880,0
55154,0
42979,1
72835,0
34672,1
9390,1
70901,0
158395,0
71691,0
74377,0
80206,0
87300,0
42563,1
43450,1
121371,0
77248,0
43547,1
21611,1
85501,0
31328,1
124842,0
101126,0
105798,0
27899,1
76559,0
13397,1
149730,0
17046,1
5842,1
80820,0
54844,0
118444,0
16778,1
47795,0
50811,0
12662,1
138283,0
21554,1
77803,0
111149,0
155133,0
156553,0
67249,0
76351,0
124900,0
61009,0
150541,0
105104,0
16934,1
77174,0
159606,0
19919,1
47069,0
7658,1
842,1
98472,0
57906,0
105701,0
122726,0
124906,0
77307,0
75571,0
145436,0
138395,0
131673,0
155278,0
51648,0
83792,0
124528,0
51453,0
126400,0
130813,0
39713,1
100887,0
136821,0
131686,0
111001,0
134321,0
108884,0
127827,0
4304,1
129332,0
48062,0
109954,0
126071,0
87082,0
98902,0
43954,1
112977,0
113962,0
40220,1
90017,0
90094,0
133115,0
6269,1
71268,0
134760,0
100534,0
1127,1
93514,0
57290,0
139793,0
115772,0
127105,0
114974,0
135466,0
153591,0
39434,1
31785,1
37846,1
82264,0
79479,0
117349,0
133844,0
10382,1
38426,1
127325,0
136890,0
36274,1
90953,0
38189,1
70578,0
147464,0
133861,0
136116,0
56924,0
52840,0
152870,0
10137,1
29622,1
150945,0
145355,0
147531,0
128122,0
85860,0
85464,0
50613,0
73051,0
152218,0
96577,0
87422,0
60647,0
40292,1
156930,0
37332,1
144407,0
4518,1
45785,0
30629,1
159388,0
155925,0
37717,1
1779,1
135707,0
48553,0
139446,0
40573,1
60596,0
105396,0
100771,0
70160,0
132370,0
82089,0
44674,1
78945,0
146650,0
50119,0
113920,0
9031,1
92655,0
10636,1
136778,0
109739,0
40634,1
142070,0
20576,1
35158,1
131363,0
147142,0
80578,0
134808,0
58460,0
139333,0
130434,0
119545,0
46178,0
133991,0
94968,0
99858,0
145483,0
148771,0
111125,0
16289,1
67482,0
42624,1
97652,0
120524,0
57766,0
153063,0
138541,0
5673,1
96514,0
123105,0
82176,0
49710,0
43089,1
2353,1
53799,0
68140,0
120220,0
97698,0
63759,0
149821,0
35979,1
126379,0
10553,1
14644,1
69516,0
94471,0
92530,0
68023,0
94797,0
62359,0
73762,0
145795,0
105656,0
105974,0
138576,0
89625,0
15197,1
157464,0
131771,0
58336,0
58416,0
96058,0
125797,0
23411,1
76243,0
159248,0
119941,0
10778,1
59484,0
141135,0
148457,0
102288,0
49173,0
149437,0
16087,1
154209,0
89412,0
82820,0
132222,0
140675,0
7784,1
39749,1
5922,1
36757,1
29368,1
98703,0
145602,0
153320,0
78749,0
153319,0
58551,0
121443,0
104139,0
147037,0
70232,0
78354,0
137479,0
156373,0
145738,0
85195,0
87956,0
58291,0
94942,0
20105,1
50971,0
20611,1
143244,0
101351,0
25056,1
20879,1
82861,0
86450,0
73901,0
110725,0
55204,0
74169,0
77361,0
113914,0
146725,0
58622,0
144768,0
77982,0
16692,1
129853,0
146899,0
81712,0
88896,0
85600,0
58699,0
132926,0
27986,1
76034,0
25581,1
27756,1
33798,1
137969,0
5436,1
128126,0
116054,0
54500,0
11262,1
41008,1
159062,0
128229,0
134106,0
152689,0
77614,0
11114,1
90444,0
17541,1
13930,1
37557,1
96537,0
159422,0
58254,0
110017,0
142086,0
156460,0
116866,0
95384,0
61970,0
76141,0
91766,0
55134,0
36756,1
130053,0
35459,1
145792,0
133595,0
43862,1
35485,1
15821,1
4609,1
31764,1
69402,0
78936,0
10797,1
13422,1
42869,1
53361,0
1468,1
10105,1
157939,0
153405,0
92921,0
130345,0
12702,1
156640,0
34683,1
37852,1
55996,0
69029,0
34858,1
123911,0
94960,0
87339,0
125300,0
23121,1
20235,1
5528,1
57664,0
8955,1
37452,1
31335,1
100443,0
51402,0
88730,0
130472,0
84605,0
116138,0
16994,1
93565,0
3370,1
32696,1
84543,0
23450,1
33924,1
33905,1
84923,0
10652,1
89907,0
31535,1
105024,0
59467,0
7456,1
79632,0
15002,1
67496,0
2673,1
3705,1
73031,0
56473,0
88133,0
53878,0
60897,0
78646,0
156627,0
118169,0
108810,0
41238,1
96902,0
156747,0
149302,0
28168,1
25209,1
108702,0
19546,1
153853,0
30048,1
40809,1
87169,0
106365,0
116589,0
102113,0
96445,0
5415,1
62596,0
48153,0
33915,1
75979,0
25077,1
83517,0
46199,0
118197,0
103786,0
148452,0
32844,1
28306,1
133476,0
10031,1
113613,0
77522,0
135661,0
69300,0
85724,0
9297,1
76450,0
96504,0
95869,0
119467,0
92240,0
3362,1
65843,0
118599,0
61410,0
75100,0
120458,0
50700,0
48005,0
89537,0
42625,1
147396,0
118659,0
10209,1
316,1
128849,0
24746,1
24092,1
33205,1
59282,0
102147,0
148511,0
22640,1
133719,0
98151,0
157920,0
30740,1
93398,0
158563,0
144977,0
43822,1
26862,1
152690,0
71985,0
55222,0
69983,0
34362,1
87826,0
82672,0
144455,0
22246,1
80538,0
47339,0
40512,1
131991,0
155876,0
47158,0
70916,0
127356,0
66738,0
49257,0
4196,1
97683,0
70787,0
27513,1
50134,0
128213,0
117571,0
79237,0
51106,0
108302,0
34360,1
98388,0
18383,1
70609,0
154518,0
1717,1
50876,0
79304,0
8008,1
79989,0
47631,0
230,1
35733,1
133016,0
1329,1
26026,1
9708,1
82714,0
154556,0
86568,0
24739,1
110545,0
42836,1
94358,0
50194,0
48504,0
157194,0
81564,0
106285,0
108306,0
43690,1
158234,0
28933,1
32439,1
130341,0
42825,1
159091,0
17008,1
153034,0
56812,0
58138,0
101173,0
44209,1
84548,0
64829,0
28248,1
121718,0
28536,1
112252,0
20749,1
81941,0
81622,0
20453,1
150194,0
54033,0
13989,1
85877,0
41535,1
33879,1
27988,1
94114,0
63175,0
80719,0
91298,0
22033,1
85422,0
65891,0
118054,0
16768,1
74247,0
93184,0
995,1
62454,0
11456,1
119110,0
4665,1
153779,0
124962,0
63838,0
103201,0
60854,0
56457,0
58406,0
42592,1
62198,0
75362,0
63047,0
113840,0
95213,0
14366,1
11860,1
27473,1
142448,0
78457,0
28421,1
101093,0
81875,0
57608,0
114420,0
143824,0
63608,0
153583,0
18814,1
145533,0
9695,1
57101,0
120063,0
18108,1
150459,0
51489,0
81382,0
31668,1
48046,0
53914,0
146100,0
28580,1
122024,0
37705,1
2604,1
39250,1
150802,0
58078,0
70265,0
22641,1
65323,0
16769,1
130316,0
151817,0
7720,1
33974,1
61779,0
15095,1
84086,0
118232,0
58944,0
51790,0
106100,0
111160,0
15713,1
151272,0
30767,1
28007,1
6755,1
71700,0
108825,0
33168,1
85473,0
29532,1
13839,1
106572,0
40619,1
49943,0
82261,0
32484,1
106164,0
81542,0
33987,1
29233,1
10620,1
42056,1
119418,0
118515,0
95358,0
44507,1
144930,0
155210,0
143711,0
73634,0
36324,1
102839,0
8289,1
130569,0
112376,0
149298,0
53714,0
9989,1
132877,0
127189,0
40338,1
67983,0
150192,0
70977,0
148195,0
132400,0
24993,1
11899,1
124925,0
28166,1
155374,0
3937,1
38092,1
34087,1
104542,0
118878,0
58954,0
23114,1
148353,0
92868,0
73843,0
36835,1
38425,1
93228,0
107218,0
100454,0
146960,0
124650,0
20927,1
58931,0
49644,0
112120,0
134606,0
1609,1
144413,0
148883,0
113816,0
3157,1
19616,1
54086,0
97358,0
146241,0
93350,0
157545,0
101836,0
28417,1
109099,0
113601,0
127584,0
83637,0
72755,0
68114,0
40467,1
45788,0
40550,1
8339,1
99705,0
114799,0
61507,0
80577,0
54670,0
93496,0
9070,1
144903,0
109134,0
51035,0
18560,1
96402,0
86446,0
46622,0
63377,0
49939,0
110902,0
127652,0
5490,1
17199,1
29206,1
10707,1
131863,0
23174,1
98054,0
13402,1
74198,0
48308,0
10914,1
87614,0
92837,0
60251,0
98346,0
65047,0
131269,0
90804,0
92434,0
30852,1
148998,0
148408,0
45706,0
98214,0
15201,1
131877,0
23440,1
120465,0
103469,0
142429,0
85061,0
151992,0
50371,0
130807,0
44499,1
105487,0
75498,0
29121,1
14724,1
59969,0
49220,0
22983,1
46143,0
61759,0
1604,1
123381,0
138629,0
58480,0
107963,0
134511,0
140747,0
125654,0
64962,0
32721,1
13083,1
113317,0
146657,0
118692,0
154554,0
104240,0
101390,0
99954,0
72962,0
63621,0
7728,1
77922,0
73153,0
82681,0
2132,1
27917,1
84092,0
80439,0
39665,1
24004,1
12535,1
82505,0
8051,1
53505,0
18345,1
51385,0
74212,0
42652,1
112899,0
56127,0
74064,0
68067,0
101722,0
37471,1
130945,0
4583,1
53844,0
145307,0
2284,1
13022,1
98813,0
102991,0
83901,0
130031,0
19200,1
103952,0
71622,0
155014,0
128677,0
56909,0
54183,0
133942,0
54627,0
36800,1
1128,1
32669,1
158389,0
4452,1
87212,0
54070,0
78820,0
27876,1
69058,0
450,1
108547,0
50420,0
102846,0
120963,0
154922,0
123578,0
53653,0
42849,1
156560,0
40922,1
123118,0
78532,0
20303,1
137253,0
85589,0
86815,0
65335,0
73021,0
70306,0
153826,0
138329,0
84028,0
17578,1
65293,0
12218,1
24167,1
27478,1
125110,0
24934,1
109247,0
115535,0
147780,0
3198,1
58312,0
53535,0
16131,1
134844,0
28686,1
58789,0
134800,0
46693,0
108551,0
3900,1
31377,1
7780,1
61428,0
86526,0
88126,0
126616,0
69874,0
52449,0
14720,1
2393,1
51859,0
115454,0
139733,0
78844,0
145885,0
72848,0
125129,0
136745,0
29931,1
27001,1
97275,0
75413,0
125353,0
54795,0
102980,0
104267,0
61578,0
138198,0
27959,1
125720,0
77752,0
12004,1
120456,0
122467,0
1381,1
148073,0
97845,0
144274,0
66933,0
17183,1
154103,0
14147,1
37847,1
159375,0
143590,0
8857,1
24425,1
91723,0
144562,0
101504,0
86853,0
59258,0
82282,0
50945,0
145371,0
128261,0
42427,1
51050,0
63998,0
71786,0
32583,1
118140,0
153430,0
49890,0
70017,0
87957,0
38157,1
45766,0
76042,0
111833,0
32369,1
95518,0
114427,0
121641,0
74116,0
119436,0
13127,1
154424,0
90710,0
40243,1
108124,0
18939,1
31654,1
17270,1
76951,0
63056,0
13558,1
22352,1
20302,1
43952,1
144922,0
61455,0
158972,0
106134,0
28845,1
69941,0
32294,1
95374,0
33442,1
239,1
73181,0
92235,0
55335,0
55532,0
142231,0
139984,0
158922,0
67338,0
66804,0
29308,1
120792,0
131072,0
10849,1
76618,0
122846,0
39637,1
123087,0
112918,0
61511,0
60016,0
29489,1
3783,1
64304,0
154440,0
111441,0
87004,0
8284,1
82832,0
79224,0
136698,0
77660,0
99375,0
30381,1
154585,0
13819,1
152327,0
61650,0
139646,0
150437,0
148197,0
27654,1
15790,1
81633,0
129012,0
106729,0
91383,0
53405,0
14578,1
98403,0
125569,0
74154,0
14255,1
80553,0
157067,0
155517,0
92857,0
55380,0
88645,0
35362,1
62304,0
146971,0
153035,0
145171,0
139758,0
50498,0
41992,1
169,1
135811,0
139225,0
285,1
32417,1
156359,0
101024,0
69890,0
107645,0
76974,0
22116,1
32460,1
99076,0
79808,0
111546,0
2923,1
47746,0
43246,1
41964,1
155835,0
123992,0
54106,0
58722,0
112903,0
130594,0
12098,1
38482,1
35974,1
70235,0
21753,1
24301,1
145625,0
86985,0
71922,0
142037,0
7983,1
133812,0
127593,0
19892,1
9134,1
11269,1
67066,0
22293,1
96018,0
33417,1
152054,0
481,1
78448,0
8684,1
86614,0
19553,1
56040,0
88771,0
69434,0
13119,1
17370,1
19030,1
67727,0
42853,1
5257,1
45546,0
49274,0
20464,1
151706,0
87845,0
113111,0
70765,0
46271,0
12374,1
147049,0
87383,0
139860,0
135856,0
30879,1
135592,0
153731,0
25359,1
153344,0
109476,0
57692,0
126357,0
98007,0
148745,0
141142,0
26806,1
57426,0
92895,0
28588,1
54483,0
5401,1
139033,0
47954,0
73902,0
103091,0
89019,0
121135,0
131218,0
70247,0
23379,1
9085,1
14371,1
102343,0
147521,0
85492,0
143074,0
11034,1
67060,0
150624,0
28762,1
100535,0
122352,0
22132,1
112453,0
153799,0
38032,1
140259,0
109699,0
74711,0
72247,0
38490,1
121167,0
106957,0
126533,0
46443,0
137105,0
55785,0
55882,0
55637,0
68850,0
81238,0
33002,1
110685,0
127275,0
150134,0
14259,1
37094,1
137838,0
19822,1
16307,1
53948,0
99097,0
144900,0
125538,0
79880,0
29743,1
141755,0
45228,0
67567,0
112618,0
158289,0
26778,1
147583,0
31066,1
87232,0
36448,1
152922,0
109901,0
118644,0
106978,0
80886,0
17572,1
33067,1
47565,0
62325,0
78851,0
115472,0
56984,0
38465,1
1061,1
25563,1
116792,0
50312,0
109662,0
12362,1
14982,1
101546,0
70710,0
12286,1
22103,1
3332,1
93181,0
15833,1
122341,0
92036,0
7740,1
8064,1
112891,0
104966,0
71292,0
76671,0
107868,0
68425,0
98191,0
55043,0
123161,0
98911,0
51403,0
38583,1
107086,0
151835,0
111100,0
110060,0
128708,0
147644,0
1229,1
4240,1
88838,0
78096,0
11940,1
130435,0
17936,1
69913,0
130994,0
54707,0
83016,0
151693,0
118045,0
98286,0
143172,0
28841,1
47561,0
150730,0
73012,0
14279,1
29716,1
152710,0
42076,1
149161,0
48833,0
114456,0
40082,1
108223,0
125292,0
146276,0
59847,0
29297,1
151401,0
91915,0
132211,0
113355,0
133856,0
152739,0
101828,0
139165,0
68383,0
4092,1
7641,1
135378,0
93427,0
39322,1
35323,1
54915,0
691,1
102223,0
109588,0
122408,0
106506,0
40464,1
38643,1
23052,1
39020,1
11162,1
76277,0
83622,0
122025,0
153011,0
49847,0
116643,0
90785,0
26810,1
58305,0
155686,0
88205,0
101481,0
62706,0
7608,1
110403,0
60629,0
102529,0
156427,0
138574,0
71365,0
44361,1
26610,1
149615,0
128053,0
149265,0
18558,1
57078,0
157992,0
41714,1
113230,0
36118,1
78809,0
102241,0
117664,0
29290,1
1923,1
30192,1
151139,0
156380,0
62287,0
2500,1
31341,1
30779,1
133427,0
24870,1
135139,0
94695,0
58068,0
147498,0
22467,1
94536,0
99795,0
11479,1
10866,1
25295,1
60383,0
105424,0
54552,0
6033,1
149874,0
77011,0
21400,1
40710,1
29324,1
26901,1
80290,0
16220,1
132724,0
25206,1
149904,0
127192,0
131287,0
84734,0
78735,0
24710,1
146591,0
78652,0
45896,0
85573,0
52080,0
93933,0
47835,0
96298,0
98040,0
139557,0
47755,0
51229,0
67103,0
95019,0
69457,0
137217,0
73116,0
53447,0
18784,1
153220,0
107403,0
51394,0
1714,1
71288,0
30753,1
157060,0
153139,0
93164,0
46646,0
85400,0
21219,1
82808,0
5625,1
114153,0
66238,0
34132,1
29612,1
72251,0
129159,0
89934,0
72130,0
129153,0
122154,0
126043,0
83066,0
149729,0
65200,0
119912,0
52369,0
105697,0
141554,0
142948,0
8789,1
138956,0
79748,0
92521,0
39310,1
93149,0
106025,0
150525,0
157569,0
4224,1
119263,0
106849,0
465,1
83554,0
136415,0
63606,0
6778,1
72270,0
75776,0
133517,0
66343,0
56691,0
89542,0
6161,1
20830,1
154529,0
103825,0
101961,0
60050,0
137658,0
149246,0
67044,0
15594,1
32755,1
132730,0
121725,0
118212,0
23268,1
12938,1
103906,0
96738,0
92789,0
111034,0
149520,0
116839,0
148048,0
114942,0
131961,0
19244,1
55377,0
143738,0
119885,0
27616,1
89126,0
3081,1
44768,1
1639,1
50956,0
78923,0
57223,0
33392,1
129231,0
133686,0
123115,0
53816,0
54095,0
64978,0
128779,0
70611,0
124176,0
119752,0
142154,0
34377,1
85773,0
126468,0
151991,0
19246,1
88738,0
60748,0
12777,1
92679,0
104467,0
49410,0
29128,1
98760,0
30751,1
28117,1
120311,0
97946,0
61066,0
52749,0
107478,0
77045,0
141823,0
43560,1
104991,0
98662,0
29018,1
4041,1
45091,0
115176,0
30759,1
92173,0
56032,0
63067,0
92130,0
74956,0
40981,1
6817,1
101018,0
23705,1
33775,1
118271,0
47520,0
148036,0
156939,0
70653,0
2133,1
35712,1
143363,0
41606,1
147622,0
34149,1
114301,0
116064,0
108350,0
121059,0
16151,1
90585,0
83874,0
145155,0
136050,0
104256,0
40622,1
90674,0
98618,0
140266,0
60798,0
80388,0
90774,0
14474,1
87126,0
43039,1
22531,1
79524,0
24187,1
120055,0
77902,0
44610,1
106040,0
48132,0
147839,0
30440,1
11512,1
56626,0
48234,0
86193,0
5717,1
121781,0
141156,0
116862,0
108695,0
63429,0
66505,0
43681,1
52419,0
102565,0
106168,0
12633,1
71423,0
23417,1
123735,0
73584,0
34924,1
31806,1
50073,0
130978,0
122533,0
73973,0
54405,0
152431,0
666,1
151192,0
115026,0
31478,1
72016,0
139120,0
8870,1
70452,0
83664,0
14377,1
41626,1
149118,0
37205,1
87397,0
105357,0
70749,0
138524,0
86925,0
42397,1
36304,1
19784,1
82262,0
21746,1
114603,0
92360,0
11929,1
115371,0
149183,0
116309,0
131199,0
89113,0
141324,0
8369,1
113270,0
8481,1
116979,0
65377,0
43999,1
39479,1
44683,1
91799,0
114682,0
136471,0
87856,0
92883,0
97436,0
151114,0
103470,0
631,1
51582,0
19895,1
54892,0
97571,0
95968,0
1929,1
128369,0
78753,0
3341,1
27672,1
93767,0
8367,1
120873,0
82341,0
125324,0
16772,1
115383,0
112152,0
144769,0
99231,0
29657,1
82743,0
136134,0
122195,0
135260,0
148950,0
76750,0
131332,0
138482,0
72697,0
158475,0
90901,0
24058,1
44113,1
71904,0
39721,1
63821,0
9515,1
81756,0
43087,1
120765,0
94164,0
138441,0
68556,0
48302,0
138661,0
151751,0
65125,0
34357,1
57674,0
51084,0
83588,0
12032,1
108748,0
51433,0
18811,1
23347,1
82789,0
7466,1
13725,1
41160,1
60858,0
58346,0
140382,0
136547,0
94221,0
148467,0
104962,0
47468,0
8371,1
137842,0
125096,0
48295,0
60806,0
78873,0
123487,0
143055,0
71173,0
74322,0
113893,0
151928,0
108982,0
62600,0
41851,1
56042,0
63265,0
67094,0
31154,1
41528,1
156317,0
53053,0
84642,0
64300,0
111910,0
24697,1
143474,0
101074,0
37408,1
114324,0
100395,0
123002,0
23940,1
95944,0
109041,0
110806,0
17177,1
47016,0
64590,0
61173,0
39547,1
106066,0
88799,0
91266,0
51100,0
82871,0
52676,0
153847,0
150839,0
157317,0
150722,0
4417,1
92593,0
14193,1
138109,0
23316,1
157040,0
20532,1
149993,0
7141,1
2017,1
7873,1
96243,0
55200,0
40814,1
83746,0
40489,1
100872,0
93077,0
31837,1
46165,0
154061,0
67016,0
64258,0
5470,1
157098,0
143850,0
138548,0
65624,0
35052,1
19016,1
132577,0
75539,0
148499,0
127622,0
52914,0
12342,1
57995,0
102194,0
73838,0
114315,0
24986,1
39070,1
69792,0
142291,0
100540,0
96878,0
29482,1
30528,1
9758,1
153671,0
15483,1
35096,1
149152,0
147261,0
136689,0
153955,0
149891,0
63836,0
61012,0
129587,0
123785,0
40187,1
109645,0
116463,0
72852,0
117087,0
81513,0
155244,0
32907,1
51396,0
131452,0
139428,0
76508,0
74029,0
80571,0
22825,1
126559,0
119605,0
36384,1
47144,0
57980,0
148541,0
77815,0
108197,0
114901,0
58846,0
74619,0
95807,0
14288,1
12977,1
76348,0
25527,1
128456,0
16045,1
72470,0
159662,0
8528,1
90866,0
19573,1
73866,0
118715,0
96529,0
130358,0
148629,0
65241,0
138000,0
154144,0
110790,0
33453,1
152258,0
93730,0
16524,1
130921,0
125011,0
53223,0
12895,1
114339,0
116679,0
6697,1
96990,0
59042,0
37150,1
8773,1
84226,0
44944,1
19169,1
2939,1
90187,0
51616,0
106649,0
71803,0
122099,0
64066,0
28455,1
3408,1
56152,0
147690,0
134586,0
19631,1
73853,0
96101,0
46054,0
125409,0
41226,1
118254,0
31899,1
136225,0
134979,0
29655,1
108965,0
80325,0
22016,1
94522,0
53110,0
135005,0
131883,0
87032,0
71222,0
44470,1
116512,0
90191,0
36575,1
36760,1
75233,0
66381,0
138447,0
150128,0
135816,0
10348,1
2016,1
64127,0
107530,0
102381,0
90971,0
71696,0
152863,0
1559,1
145351,0
154616,0
22728,1
105441,0
126321,0
69196,0
155301,0
98325,0
64929,0
26061,1
134016,0
91078,0
87946,0
126360,0
110216,0
19262,1
38304,1
56119,0
138339,0
121408,0
1470,1
54107,0
130199,0
89821,0
22633,1
39600,1
109375,0
158969,0
68789,0
51280,0
139136,0
20146,1
8019,1
138167,0
55421,0
135892,0
114700,0
141997,0
838,1
89384,0
141016,0
90992,0
118455,0
102707,0
22368,1
96380,0
18048,1
4486,1
18551,1
62474,0
78796,0
118369,0
119846,0
149625,0
16814,1
46746,0
155148,0
1852,1
43432,1
79122,0
62427,0
133491,0
121691,0
139796,0
25440,1
51267,0
26215,1
116464,0
74160,0
2137,1
76859,0
134206,0
78180,0
4445,1
25917,1
46221,0
107773,0
44490,1
124730,0
80794,0
64633,0
106429,0
78114,0
56783,0
99204,0
159578,0
88735,0
56336,0
149256,0
117708,0
15682,1
71586,0
30149,1
42565,1
157614,0
96123,0
69648,0
4757,1
100458,0
123835,0
132705,0
79463,0
65168,0
32123,1
35887,1
17228,1
155039,0
129228,0
72640,0
106585,0
46469,0
146310,0
5846,1
77772,0
24787,1
34468,1
30387,1
93523,0
157937,0
106556,0
15348,1
136972,0
19355,1
47610,0
143807,0
118335,0
96483,0
73176,0
132644,0
25481,1
115607,0
151843,0
24859,1
158724,0
143772,0
144322,0
43370,1
100845,0
157392,0
64719,0
50662,0
93609,0
124491,0
120757,0
1347,1
78838,0
30890,1
23969,1
98217,0
94794,0
76366,0
95269,0
126256,0
148946,0
34481,1
12506,1
113799,0
147469,0
66874,0
11507,1
154277,0
134577,0
122088,0
8385,1
50161,0
61213,0
156301,0
19716,1
132960,0
156504,0
7984,1
47357,0
10542,1
143264,0
25197,1
96146,0
74857,0
92833,0
115211,0
112523,0
38362,1
55631,0
41295,1
39732,1
27172,1
28705,1
32080,1
3645,1
123767,0
76922,0
4326,1
116999,0
41318,1
144216,0
26531,1
60871,0
55058,0
79299,0
125216,0
62887,0
132711,0
90892,0
101249,0
5364,1
44910,1
17884,1
39202,1
77499,0
106475,0
149060,0
63940,0
32521,1
65977,0
82046,0
113467,0
89291,0
69880,0
43988,1
48930,0
90809,0
95099,0
1725,1
72566,0
89791,0
133289,0
109434,0
37564,1
13565,1
24147,1
93254,0
96004,0
62245,0
78622,0
78541,0
9373,1
27113,1
81303,0
144425,0
74808,0
28775,1
54445,0
29334,1
88829,0
126907,0
96550,0
95261,0
30263,1
39344,1
70970,0
156789,0
2799,1
142849,0
30695,1
48433,0
13076,1
80082,0
32245,1
47984,0
32410,1
85283,0
137519,0
144026,0
49236,0
106724,0
151042,0
54935,0
7282,1
23419,1
11319,1
109125,0
111088,0
89064,0
1389,1
19799,1
32938,1
72019,0
84417,0
68674,0
134282,0
158991,0
72535,0
136879,0
49580,0
128035,0
144098,0
31710,1
124866,0
113273,0
128827,0
2651,1
61571,0
47508,0
78865,0
38691,1
116398,0
156942,0
158539,0
89427,0
95483,0
135010,0
156169,0
63140,0
80712,0
96435,0
57830,0
43739,1
54423,0
22543,1
134272,0
112101,0
58487,0
101156,0
98548,0
70163,0
151432,0
61698,0
34567,1
154964,0
1270,1
92110,0
114019,0
128650,0
134269,0
151130,0
158425,0
56279,0
1160,1
39817,1
30273,1
66058,0
153650,0
1589,1
2031,1
134442,0
127207,0
87974,0
30136,1
100723,0
13876,1
27526,1
46881,0
103630,0
137017,0
126197,0
157099,0
133168,0
65113,0
89463,0
110117,0
77412,0
115219,0
66246,0
29025,1
146474,0
102681,0
158557,0
2422,1
122571,0
2277,1
140149,0
101999,0
132107,0
120848,0
76890,0
104719,0
154044,0
28619,1
37820,1
136496,0
150047,0
4860,1
134092,0
106679,0
102195,0
148551,0
22344,1
30908,1
11144,1
51348,0
81981,0
112076,0
59637,0
131980,0
152413,0
46849,0
40865,1
136509,0
16256,1
157409,0
105593,0
2059,1
97659,0
44277,1
52874,0
21560,1
60021,0
65588,0
27645,1
51168,0
43779,1
26351,1
60755,0
153738,0
49342,0
45703,0
120764,0
17142,1
3325,1
115182,0
67318,0
81158,0
29157,1
56348,0
18911,1
37062,1
120518,0
126445,0
48162,0
132083,0
113,1
47050,0
123664,0
57126,0
90917,0
31419,1
143863,0
127802,0
13370,1
53111,0
93459,0
75710,0
82824,0
130408,0
44784,1
10899,1
23308,1
118762,0
119615,0
140505,0
143011,0
53800,0
138647,0
100237,0
73745,0
49157,0
143243,0
114075,0
21036,1
31641,1
153910,0
76381,0
54881,0
139605,0
94679,0
75674,0
157511,0
55126,0
129684,0
38938,1
93221,0
32795,1
22672,1
127431,0
142205,0
156245,0
100500,0
49741,0
2790,1
92185,0
52252,0
120822,0
91247,0
33477,1
73590,0
32620,1
10781,1
99319,0
28343,1
118088,0
117907,0
95147,0
79481,0
137131,0
42922,1
95208,0
122567,0
72004,0
135887,0
143287,0
30871,1
81986,0
9112,1
143671,0
41568,1
51464,0
152098,0
44102,1
9907,1
116875,0
69172,0
155097,0
52999,0
125986,0
37258,1
39089,1
58043,0
8423,1
39526,1
11017,1
114261,0
10106,1
12048,1
92869,0
140448,0
18340,1
145499,0
68279,0
138145,0
59925,0
135224,0
116879,0
2485,1
83147,0
129136,0
156755,0
143873,0
21832,1
4373,1
46935,0
133047,0
126129,0
115836,0
25710,1
105405,0
41689,1
59102,0
77157,0
65063,0
63613,0
53086,0
106120,0
48765,0
29649,1
3747,1
120207,0
29332,1
44552,1
53851,0
147805,0
15779,1
116508,0
7334,1
3688,1
102731,0
75489,0
144234,0
3360,1
137201,0
159428,0
147027,0
79338,0
128208,0
59413,0
88604,0
102591,0
145762,0
34411,1
129082,0
11666,1
9686,1
101139,0
83099,0
55164,0
36934,1
46024,0
3088,1
6819,1
62583,0
82972,0
56384,0
104305,0
3043,1
59651,0
88119,0
136856,0
102173,0
29628,1
136933,0
59187,0
92915,0
20626,1
17964,1
131427,0
122122,0
147109,0
49651,0
13116,1
126133,0
99009,0
6743,1
5513,1
501,1
14688,1
108513,0
9890,1
81234,0
154310,0
35230,1
73966,0
50853,0
129817,0
7267,1
106776,0
138890,0
149901,0
31974,1
35810,1
50742,0
131402,0
90871,0
21355,1
139996,0
97147,0
25119,1
84486,0
62827,0
16542,1
34256,1
94608,0
79394,0
15527,1
5593,1
6781,1
19257,1
7474,1
73305,0
32399,1
153652,0
42687,1
158196,0
10588,1
54393,0
9196,1
29551,1
33749,1
116328,0
115757,0
84764,0
20849,1
43795,1
53001,0
8291,1
110025,0
114710,0
156624,0
133713,0
24125,1
157841,0
35686,1
69129,0
1285,1
158284,0
30891,1
130850,0
36240,1
124370,0
32771,1
133853,0
74545,0
4482,1
44797,1
28601,1
116159,0
15305,1
137905,0
53163,0
3394,1
50474,0
87701,0
14933,1
72899,0
118367,0
149390,0
12226,1
20751,1
70676,0
117610,0
142209,0
16516,1
124753,0
156214,0
129086,0
14019,1
130448,0
33813,1
135308,0
157390,0
144808,0
146575,0
129096,0
58761,0
8953,1
51070,0
9553,1
150345,0
87118,0
134039,0
64970,0
4142,1
128356,0
30443,1
105734,0
74580,0
45139,0
32816,1
14196,1
120180,0
15208,1
132520,0
53931,0
141047,0
43374,1
49677,0
42302,1
18264,1
50785,0
81947,0
73222,0
62725,0
125749,0
106774,0
6770,1
15747,1
102280,0
151419,0
54142,0
39513,1
76458,0
86571,0
18408,1
53302,0
18980,1
81341,0
46872,0
96840,0
104301,0
20912,1
36440,1
78378,0
113113,0
63348,0
159749,0
86336,0
22440,1
2502,1
109223,0
151852,0
75820,0
127975,0
46331,0
68102,0
118896,0
27772,1
147880,0
34175,1
89710,0
73965,0
69958,0
34240,1
125062,0
111658,0
8410,1
129737,0
41228,1
50260,0
86793,0
64802,0
139992,0
69755,0
49311,0
1791,1
121681,0
72796,0
97151,0
1973,1
132814,0
87446,0
74559,0
52282,0
79932,0
71625,0
108540,0
18217,1
35178,1
101803,0
123026,0
131985,0
67264,0
15608,1
138396,0
92720,0
117289,0
73023,0
134735,0
104270,0
66489,0
152662,0
158155,0
99787,0
17157,1
28804,1
42246,1
46543,0
37376,1
65370,0
93956,0
9346,1
37601,1
157832,0
106874,0
101638,0
18448,1
16642,1
28246,1
20046,1
68355,0
89012,0
42960,1
153388,0
1966,1
42092,1
68681,0
45231,0
123972,0
152007,0
137966,0
138060,0
11649,1
1134,1
120562,0
35961,1
106727,0
65859,0
11338,1
59586,0
101200,0
60242,0
102027,0
83371,0
12882,1
99365,0
62661,0
46862,0
71400,0
43151,1
16751,1
64317,0
10068,1
38780,1
2670,1
83469,0
121297,0
128798,0
109840,0
107788,0
105935,0
46555,0
27512,1
127731,0
41640,1
48491,0
128828,0
142672,0
133182,0
132113,0
96061,0
14014,1
117490,0
33627,1
93022,0
88607,0
92338,0
89237,0
37466,1
155931,0
91459,0
91106,0
84862,0
91416,0
110541,0
72663,0
125748,0
115714,0
48783,0
30468,1
99263,0
24087,1
28202,1
153082,0
99246,0
64712,0
75578,0
158488,0
33539,1
108998,0
106873,0
128676,0
135288,0
69125,0
29854,1
66189,0
113340,0
156683,0
129804,0
103686,0
51846,0
140144,0
115102,0
135820,0
116703,0
20647,1
119915,0
42113,1
21591,1
14781,1
2946,1
522,1
27910,1
130181,0
35679,1
46821,0
72386,0
93045,0
131957,0
34803,1
75079,0
38066,1
146388,0
124252,0
38054,1
122487,0
135994,0
141357,0
67484,0
154291,0
129112,0
142843,0
86042,0
61273,0
89742,0
53018,0
24810,1
132795,0
146185,0
93506,0
66146,0
89045,0
110880,0
153602,0
77457,0
22180,1
24767,1
90039,0
133458,0
144318,0
111953,0
21341,1
154353,0
21475,1
103313,0
135183,0
27008,1
19290,1
90767,0
149683,0
102181,0
8892,1
136735,0
142384,0
78558,0
6802,1
7421,1
139656,0
32503,1
108470,0
32382,1
158283,0
116849,0
71590,0
61577,0
531,1
119787,0
95865,0
63758,0
53650,0
84052,0
157749,0
63238,0
142416,0
156203,0
140720,0
107181,0
93708,0
63369,0
71333,0
76560,0
110716,0
114183,0
114896,0
46563,0
63511,0
97393,0
24436,1
41030,1
76793,0
18327,1
18625,1
69604,0
142691,0
83454,0
54985,0
79998,0
69163,0
60591,0
155576,0
42476,1
154481,0
74717,0
115919,0
99965,0
98072,0
41853,1
85006,0
101510,0
69661,0
81528,0
58574,0
95123,0
59320,0
73985,0
114895,0
6047,1
74177,0
17648,1
130537,0
158056,0
87536,0
49570,0
111585,0
37199,1
144225,0
77672,0
30066,1
121662,0
143133,0
27342,1
55185,0
12965,1
15675,1
133162,0
157910,0
1348,1
134547,0
151381,0
69819,0
106203,0
81138,0
40211,1
82029,0
155742,0
53792,0
16735,1
89112,0
10138,1
105438,0
46687,0
146431,0
13957,1
146309,0
8584,1
52417,0
66697,0
15022,1
17040,1
24513,1
67551,0
39424,1
21798,1
71275,0
106695,0
84915,0
4825,1
119550,0
151988,0
155873,0
97,1
4896,1
158165,0
60424,0
104707,0
30413,1
72408,0
15008,1
1331,1
81410,0
36035,1
29220,1
17023,1
56580,0
53524,0
3249,1
65237,0
14009,1
114023,0
21474,1
50608,0
79192,0
74556,0
37,1
130684,0
129179,0
32896,1
22313,1
150211,0
85451,0
78434,0
65662,0
90338,0
73617,0
100469,0
94863,0
19600,1
115200,0
129391,0
18794,1
156964,0
132097,0
41527,1
19917,1
64477,0
141629,0
144212,0
151031,0
122184,0
108504,0
137989,0
87525,0
27968,1
25388,1
67499,0
37753,1
78602,0
28227,1
140679,0
60505,0
123611,0
53741,0
84184,0
24442,1
56965,0
141502,0
67985,0
84958,0
95767,0
108950,0
29680,1
6586,1
88385,0
62235,0
93795,0
83784,0
121348,0
18565,1
67702,0
70713,0
154540,0
89470,0
91719,0
9440,1
87139,0
98018,0
122749,0
62060,0
99621,0
117560,0
73844,0
83807,0
102165,0
147653,0
66509,0
92771,0
12676,1
93856,0
62011,0
60289,0
91100,0
81825,0
106780,0
47526,0
86308,0
137847,0
59628,0
109546,0
91149,0
44194,1
156112,0
93773,0
109894,0
155529,0
23391,1
67530,0
62896,0
83836,0
132399,0
87851,0
90788,0
67356,0
9043,1
158588,0
97987,0
57277,0
53561,0
17079,1
55767,0
140965,0
67064,0
38526,1
136151,0
34212,1
58443,0
19049,1
90555,0
124074,0
46632,0
4059,1
51910,0
44350,1
159598,0
131339,0
15443,1
159123,0
112565,0
136662,0
141975,0
76262,0
125461,0
149327,0
72110,0
35906,1
69477,0
144116,0
31950,1
52001,0
90672,0
131405,0
40185,1
106340,0
130159,0
106967,0
36249,1
91322,0
150742,0
127079,0
42044,1
65572,0
125990,0
19870,1
21989,1
62441,0
111806,0
7133,1
126663,0
149329,0
114846,0
126432,0
84060,0
129819,0
8287,1
139307,0
138408,0
70290,0
48123,0
103488,0
157279,0
29115,1
32805,1
66176,0
94515,0
54562,0
133505,0
28173,1
6502,1
144424,0
2728,1
55403,0
145950,0
71368,0
132371,0
73996,0
130501,0
101982,0
32092,1
71029,0
31373,1
123522,0
18949,1
128954,0
153528,0
128266,0
64159,0
43608,1
101645,0
105348,0
149718,0
132002,0
26397,1
37721,1
33018,1
84889,0
62934,0
65041,0
71802,0
156605,0
30121,1
158735,0
111848,0
37335,1
41353,1
128939,0
74163,0
109976,0
68438,0
115461,0
10195,1
25309,1
140458,0
22087,1
594,1
88125,0
65830,0
127159,0
81130,0
40016,1
54376,0
113659,0
121747,0
6782,1
2425,1
87766,0
152620,0
68496,0
86253,0
789,1
95091,0
63966,0
90423,0
25521,1
108886,0
6858,1
114414,0
133013,0
148045,0
122317,0
133092,0
61885,0
32249,1
65500,0
143113,0
36794,1
106933,0
131401,0
115648,0
10386,1
31296,1
144889,0
8209,1
47866,0
142762,0
35432,1
32586,1
39885,1
121209,0
150815,0
44245,1
52013,0
65650,0
45779,0
87537,0
104155,0
146747,0
17232,1
15653,1
858,1
54479,0
95723,0
138643,0
97608,0
7892,1
128290,0
124658,0
92889,0
4951,1
18996,1
87860,0
24097,1
36851,1
4866,1
135610,0
119012,0
100127,0
37198,1
12883,1
142191,0
136206,0
132745,0
120040,0
3532,1
61051,0
4557,1
26393,1
106973,0
125782,0
60184,0
14390,1
117470,0
138219,0
88680,0
127727,0
6454,1
145372,0
98997,0
78169,0
68894,0
82251,0
38553,1
46351,0
81755,0
70958,0
150012,0
70294,0
2643,1
67893,0
103999,0
100621,0
91557,0
60185,0
53411,0
45037,1
78655,0
73039,0
117407,0
134384,0
104554,0
39527,1
111365,0
53409,0
10136,1
96974,0
26634,1
101494,0
53572,0
79395,0
30717,1
25184,1
83549,0
79996,0
93575,0
151705,0
156637,0
40129,1
151164,0
123207,0
58146,0
51636,0
19640,1
7018,1
89609,0
64124,0
156382,0
158465,0
114116,0
44562,1
1124,1
121114,0
1035,1
3386,1
106653,0
23792,1
159246,0
78462,0
89772,0
64450,0
62907,0
17395,1
45064,1
110621,0
913,1
39078,1
143396,0
118990,0
15867,1
95440,0
151651,0
88858,0
141549,0
46982,0
87798,0
17227,1
159582,0
18650,1
111300,0
47620,0
108533,0
14169,1
1570,1
118130,0
54530,0
20652,1
30470,1
40736,1
75184,0
96174,0
12793,1
148273,0
129257,0
17677,1
23418,1
81841,0
106495,0
5672,1
42903,1
44575,1
156558,0
154046,0
85087,0
17693,1
86357,0
151629,0
29209,1
76445,0
146267,0
74881,0
148904,0
144537,0
133033,0
90013,0
78799,0
90498,0
150703,0
68440,0
27033,1
108543,0
96598,0
41841,1
102576,0
9558,1
48251,0
49828,0
6132,1
120163,0
91275,0
103053,0
44657,1
90245,0
103857,0
77641,0
70582,0
79816,0
115373,0
25760,1
112146,0
58110,0
107439,0
158669,0
95410,0
114419,0
3920,1
23,1
129450,0
96224,0
26754,1
24969,1
149162,0
51000,0
80811,0
150929,0
14446,1
124872,0
153333,0
71132,0
157370,0
30318,1
130478,0
29973,1
30874,1
21310,1
99172,0
82364,0
7306,1
140339,0
11785,1
98021,0
22740,1
20126,1
116713,0
81218,0
151657,0
59842,0
4202,1
54895,0
119214,0
127089,0
128867,0
115110,0
55230,0
49318,0
50795,0
17292,1
70826,0
135223,0
75231,0
20549,1
8505,1
81456,0
46068,0
5030,1
2542,1
46835,0
81887,0
52959,0
125477,0
34247,1
111114,0
98211,0
1859,1
154319,0
109459,0
132509,0
89413,0
59676,0
40656,1
11009,1
138705,0
116539,0
96053,0
148527,0
97247,0
10176,1
53603,0
145289,0
106840,0
67901,0
25272,1
106253,0
47007,0
76706,0
22245,1
5145,1
22204,1
106668,0
24024,1
101854,0
92414,0
98337,0
102445,0
39260,1
126262,0
33371,1
48588,0
61156,0
110625,0
136189,0
63026,0
7581,1
56764,0
119540,0
159130,0
116506,0
132983,0
125795,0
13348,1
120370,0
77451,0
102065,0
8753,1
21555,1
58809,0
42673,1
144520,0
134935,0
155361,0
115827,0
148822,0
7027,1
159542,0
152646,0
15256,1
58042,0
153824,0
37518,1
152149,0
49191,0
50589,0
92054,0
49584,0
31663,1
147673,0
127553,0
92115,0
119742,0
117437,0
15758,1
90827,0
111779,0
73302,0
72185,0
147920,0
52011,0
48652,0
26223,1
148534,0
126212,0
76600,0
23383,1
134787,0
652,1
68896,0
6159,1
38896,1
127747,0
83948,0
98029,0
134530,0
35397,1
87113,0
97427,0
42280,1
118861,0
36995,1
62824,0
77610,0
138093,0
43833,1
79310,0
125079,0
79406,0
85202,0
103697,0
129123,0
148956,0
31219,1
36566,1
60376,0
131196,0
154664,0
87410,0
4106,1
94835,0
60195,0
121286,0
66658,0
51122,0
9651,1
150838,0
18365,1
140541,0
80609,0
155434,0
96270,0
65053,0
147079,0
150540,0
72521,0
4764,1
122336,0
49437,0
45132,0
125345,0
36172,1
11208,1
6909,1
149002,0
129776,0
119655,0
138525,0
122452,0
25858,1
61064,0
82548,0
65324,0
79446,0
108586,0
10768,1
63881,0
29449,1
26167,1
143621,0
132429,0
73140,0
77735,0
56532,0
87822,0
24281,1
52783,0
151504,0
16244,1
122464,0
11080,1
97176,0
85168,0
116577,0
83877,0
4263,1
132910,0
4153,1
2526,1
33766,1
83740,0
78935,0
25864,1
101834,0
1995,1
80000,0
72345,0
44440,1
77507,0
51061,0
47271,0
26933,1
84352,0
63473,0
8396,1
75764,0
89722,0
71284,0
150849,0
16971,1
93898,0
30471,1
58943,0
8360,1
70185,0
52600,0
66161,0
46080,0
143189,0
58056,0
105575,0
11322,1
102254,0
131391,0
68464,0
109006,0
21418,1
146950,0
122560,0
19314,1
116278,0
44091,1
128063,0
59288,0
80349,0
71573,0
15122,1
109762,0
20550,1
34687,1
147051,0
132283,0
54355,0
28115,1
75843,0
120925,0
57265,0
69730,0
18276,1
94841,0
6182,1
123490,0
127454,0
48949,0
32459,1
2239,1
32336,1
150993,0
97743,0
117190,0
43443,1
45320,0
12257,1
100865,0
2089,1
76185,0
37802,1
59630,0
34417,1
25843,1
21673,1
88307,0
137034,0
120798,0
73861,0
72025,0
100486,0
100060,0
76776,0
70720,0
94860,0
47452,0
26200,1
133547,0
85378,0
77285,0
84744,0
124348,0
122235,0
36512,1
124325,0
111014,0
91122,0
136412,0
128617,0
85132,0
83294,0
134786,0
69013,0
66319,0
34000,1
69785,0
5002,1
54478,0
159401,0
119475,0
133097,0
28282,1
108096,0
118111,0
26755,1
141242,0
66833,0
90025,0
14419,1
5870,1
115579,0
62880,0
87501,0
45210,0
13147,1
89862,0
100232,0
42715,1
146351,0
34690,1
59569,0
14570,1
29217,1
82658,0
47985,0
15777,1
148829,0
32314,1
68764,0
130856,0
2290,1
68244,0
35173,1
57214,0
55389,0
118610,0
138570,0
20165,1
127500,0
113569,0
1187,1
121575,0
129312,0
104032,0
85282,0
49014,0
5546,1
24441,1
6344,1
74357,0
72053,0
46844,0
107808,0
18646,1
76387,0
79904,0
143832,0
40011,1
111537,0
133956,0
130209,0
29543,1
92823,0
74215,0
141491,0
79154,0
138369,0
137156,0
6169,1
119088,0
105736,0
55359,0
121103,0
44700,1
64649,0
93000,0
80371,0
60721,0
120292,0
12584,1
139864,0
135757,0
276,1
131593,0
139892,0
14683,1
12621,1
123670,0
141511,0
114767,0
33245,1
25441,1
18621,1
101640,0
156962,0
125785,0
93918,0
144766,0
80453,0
60666,0
108052,0
68738,0
48695,0
3442,1
142926,0
88356,0
52539,0
1356,1
123493,0
4564,1
45487,0
18209,1
128845,0
69643,0
42517,1
42537,1
145293,0
90711,0
127107,0
16734,1
143452,0
13556,1
60222,0
68000,0
99915,0
106514,0
110509,0
74639,0
54144,0
34226,1
96424,0
37588,1
143937,0
91076,0
66885,0
80052,0
4143,1
147304,0
94962,0
41089,1
26674,1
51231,0
31543,1
83506,0
6270,1
128878,0
36586,1
77193,0
72831,0
140676,0
67731,0
146996,0
154168,0
150679,0
107057,0
124636,0
81449,0
103231,0
63402,0
95618,0
23457,1
85156,0
65563,0
112180,0
126509,0
144513,0
63635,0
53374,0
59455,0
109991,0
21859,1
54152,0
79509,0
121649,0
129476,0
112645,0
7164,1
68123,0
6063,1
120693,0
98862,0
27102,1
111357,0
53011,0
9352,1
80345,0
43865,1
94564,0
102543,0
88551,0
135320,0
3938,1
142067,0
37660,1
97011,0
114251,0
112807,0
136316,0
155199,0
138965,0
143603,0
146043,0
144727,0
152483,0
118414,0
17147,1
149674,0
39431,1
16397,1
39161,1
150809,0
17566,1
128496,0
78861,0
152558,0
113044,0
64399,0
79390,0
40818,1
136716,0
89825,0
74985,0
72240,0
85409,0
33773,1
97419,0
103958,0
122299,0
111207,0
13201,1
157641,0
117255,0
41135,1
85715,0
86548,0
64420,0
104667,0
39110,1
28510,1
9484,1
1691,1
141275,0
1669,1
140138,0
113162,0
38994,1
46839,0
90394,0
56052,0
15144,1
131503,0
15225,1
118361,0
40817,1
112415,0
77821,0
30045,1
88302,0
129281,0
109842,0
53401,0
101205,0
157323,0
48281,0
137802,0
10230,1
71206,0
84680,0
47559,0
16552,1
23319,1
39645,1
150480,0
7867,1
78098,0
49576,0
125439,0
88448,0
88306,0
1380,1
102784,0
109224,0
98749,0
153375,0
56461,0
19660,1
87458,0
132777,0
89795,0
5440,1
37809,1
29927,1
140078,0
117993,0
6747,1
14670,1
30326,1
148206,0
35353,1
1030,1
156888,0
30059,1
141829,0
113723,0
119564,0
35350,1
75450,0
25857,1
38053,1
119772,0
56660,0
34580,1
106482,0
156076,0
20948,1
157958,0
17284,1
122039,0
62017,0
47047,0
44494,1
72420,0
128999,0
22019,1
66402,0
82605,0
156662,0
6089,1
79698,0
134044,0
132124,0
28104,1
59940,0
142439,0
72659,0
117829,0
93991,0
146868,0
148293,0
46318,0
50242,0
8831,1
141308,0
72967,0
124090,0
140312,0
39366,1
156397,0
34104,1
135976,0
99841,0
67334,0
31599,1
31832,1
89956,0
157262,0
42906,1
140365,0
68224,0
155840,0
135230,0
12632,1
97519,0
128913,0
105,1
72419,0
94019,0
125769,0
151822,0
134207,0
154929,0
15262,1
141369,0
92902,0
26368,1
131468,0
132732,0
155110,0
55973,0
92880,0
53091,0
140555,0
56305,0
145512,0
137386,0
39279,1
125603,0
144559,0
136882,0
93203,0
25283,1
26577,1
51430,0
22735,1
36107,1
154249,0
140299,0
4385,1
54614,0
40035,1
143248,0
142734,0
108589,0
107955,0
84837,0
76880,0
99853,0
119692,0
141916,0
49854,0
119159,0
138877,0
15872,1
112074,0
24545,1
81227,0
148303,0
84577,0
16863,1
131908,0
95548,0
82734,0
58248,0
39325,1
55720,0
60976,0
34539,1
131546,0
149434,0
13613,1
120661,0
102121,0
37782,1
135277,0
17081,1
94391,0
8204,1
84645,0
29835,1
150931,0
153426,0
28051,1
44057,1
19655,1
149607,0
113054,0
141685,0
76242,0
80682,0
99254,0
43793,1
139937,0
49476,0
43139,1
132190,0
113678,0
152796,0
18001,1
144237,0
33218,1
53498,0
131923,0
11971,1
104928,0
104590,0
61223,0
127658,0
120780,0
9250,1
76178,0
35169,1
17182,1
55558,0
88203,0
117720,0
65907,0
27363,1
88185,0
24132,1
109695,0
150694,0
60468,0
14527,1
42581,1
22282,1
109874,0
40047,1
110849,0
66630,0
48214,0
85056,0
93638,0
78024,0
35522,1
136832,0
28304,1
60080,0
3032,1
91113,0
123221,0
70631,0
30937,1
73137,0
80674,0
22247,1
155731,0
100713,0
129682,0
156046,0
95403,0
9348,1
137215,0
90838,0
24536,1
147320,0
51651,0
102768,0
4696,1
106184,0
138753,0
152596,0
96197,0
28001,1
30628,1
112040,0
56039,0
105048,0
120322,0
148500,0
151032,0
117635,0
119199,0
17139,1
54139,0
17608,1
13972,1
152362,0
6326,1
126311,0
24756,1
86665,0
98701,0
100669,0
82879,0
130284,0
94281,0
90696,0
123200,0
10043,1
9217,1
82760,0
79871,0
91152,0
47686,0
32856,1
107519,0
124319,0
87021,0
91939,0
88056,0
137836,0
85256,0
3363,1
60354,0
74557,0
117458,0
85184,0
40919,1
107266,0
58807,0
17273,1
77104,0
114138,0
138740,0
45168,0
116775,0
102187,0
71101,0
81078,0
26494,1
59731,0
54822,0
124754,0
110262,0
121407,0
105520,0
441,1
156672,0
10080,1
26201,1
136651,0
118872,0
134533,0
44412,1
94707,0
148194,0
106052,0
25529,1
27647,1
118909,0
72330,0
43663,1
5237,1
26193,1
10414,1
7173,1
120053,0
25680,1
62990,0
112640,0
11926,1
120014,0
90761,0
108564,0
88012,0
64091,0
69496,0
93691,0
5344,1
27718,1
21368,1
140012,0
100613,0
147888,0
158054,0
18230,1
101361,0
5554,1
18197,1
54887,0
106854,0
154365,0
146629,0
1084,1
99902,0
122212,0
56874,0
128150,0
104734,0
100822,0
36349,1
66134,0
57724,0
115463,0
152173,0
141780,0
49090,0
33598,1
104233,0
141416,0
33454,1
98680,0
89544,0
14865,1
132824,0
64507,0
113697,0
129035,0
56472,0
28267,1
127839,0
5691,1
43798,1
144915,0
39836,1
158042,0
5097,1
35171,1
21922,1
28669,1
137013,0
73653,0
53695,0
10035,1
55271,0
42307,1
116779,0
123180,0
71097,0
73209,0
58636,0
154983,0
52562,0
142545,0
44911,1
128533,0
3065,1
77113,0
151840,0
81880,0
74588,0
19332,1
136356,0
51010,0
125243,0
11222,1
43394,1
21438,1
89172,0
75014,0
91050,0
90162,0
92250,0
42170,1
48979,0
147288,0
26162,1
90942,0
22955,1
159025,0
24070,1
135478,0
40083,1
49226,0
2983,1
73118,0
34023,1
34211,1
137533,0
105075,0
149387,0
148498,0
41533,1
43645,1
64311,0
26772,1
47874,0
41665,1
10325,1
157567,0
121048,0
69106,0
68164,0
61770,0
43858,1
120909,0
36112,1
22079,1
16687,1
49625,0
59808,0
12296,1
55908,0
121126,0
83239,0
106529,0
129884,0
125916,0
152292,0
104904,0
81307,0
89316,0
114790,0
87534,0
16296,1
44708,1
124542,0
145055,0
36192,1
145144,0
29431,1
12054,1
17962,1
153946,0
95823,0
122303,0
25224,1
95015,0
84120,0
157973,0
30911,1
136065,0
47008,0
27286,1
118918,0
77746,0
69944,0
156533,0
24054,1
146228,0
126028,0
149150,0
29273,1
21061,1
123260,0
47507,0
107435,0
126097,0
50060,0
148253,0
80646,0
95666,0
5342,1
31164,1
36803,1
120189,0
39515,1
88637,0
152637,0
141848,0
33375,1
82715,0
105039,0
87111,0
110570,0
158944,0
40966,1
12138,1
106516,0
18067,1
114125,0
131785,0
74349,0
37038,1
28906,1
1798,1
55920,0
38115,1
77108,0
49583,0
72367,0
144962,0
66593,0
7286,1
39079,1
87,1
46200,0
123864,0
89361,0
85991,0
45837,0
19017,1
108279,0
144337,0
38307,1
56235,0
65647,0
81411,0
95601,0
16160,1
3601,1
59423,0
2792,1
112975,0
115642,0
48444,0
48574,0
38315,1
96638,0
150408,0
6307,1
20632,1
132277,0
70967,0
135545,0
90430,0
90488,0
56688,0
2863,1
133705,0
56661,0
114920,0
122743,0
11558,1
31962,1
139157,0
145781,0
46528,0
57969,0
136190,0
88057,0
43152,1
36633,1
118705,0
52027,0
5169,1
156104,0
49016,0
19652,1
125380,0
64830,0
56614,0
72970,0
69554,0
12761,1
24655,1
84292,0
38551,1
110187,0
141252,0
951,1
100253,0
70568,0
84638,0
98936,0
77636,0
37575,1
22024,1
110757,0
135653,0
113107,0
140457,0
132681,0
26372,1
79046,0
113875,0
124802,0
157387,0
74823,0
146095,0
133846,0
71125,0
141630,0
8585,1
91428,0
72736,0
44283,1
53103,0
84662,0
156698,0
70736,0
73640,0
129461,0
57278,0
104210,0
48874,0
101042,0
156485,0
24806,1
56920,0
4746,1
145474,0
12018,1
145931,0
118641,0
39628,1
146165,0
47254,0
135142,0
15963,1
7753,1
115612,0
56980,0
93423,0
113652,0
29615,1
152552,0
115867,0
6331,1
1102,1
113066,0
110343,0
41319,1
28169,1
21546,1
65378,0
93136,0
140024,0
143383,0
114094,0
61055,0
127646,0
84755,0
81174,0
149666,0
92162,0
144690,0
48824,0
40100,1
105150,0
106817,0
105573,0
38252,1
119349,0
94921,0
12723,1
122098,0
39414,1
74595,0
104538,0
25629,1
117515,0
80650,0
146845,0
71227,0
43763,1
52414,0
35480,1
131639,0
62902,0
153638,0
1606,1
82562,0
97024,0
83660,0
59081,0
75996,0
4017,1
57276,0
54090,0
100244,0
13910,1
40360,1
137425,0
125487,0
39035,1
132744,0
85420,0
69864,0
72812,0
49616,0
148122,0
107361,0
90351,0
159060,0
82802,0
155293,0
100849,0
85474,0
65034,0
10670,1
118144,0
1740,1
150869,0
159185,0
118565,0
37621,1
24464,1
60660,0
45218,0
106006,0
31826,1
153782,0
45596,0
43476,1
86562,0
113008,0
92187,0
105521,0
147031,0
19139,1
91069,0
126892,0
46138,0
58081,0
115623,0
7296,1
129514,0
92405,0
150124,0
30384,1
26218,1
93814,0
74564,0
64937,0
139736,0
143344,0
99985,0
96621,0
141547,0
9247,1
48260,0
69343,0
33030,1
151487,0
120050,0
136961,0
130055,0
87623,0
11087,1
38200,1
38104,1
116395,0
102393,0
130016,0
20193,1
130952,0
90859,0
112391,0
134360,0
10494,1
91687,0
51769,0
40841,1
122814,0
64216,0
158328,0
38722,1
69692,0
113410,0
111602,0
88640,0
105199,0
20597,1
91349,0
144752,0
90933,0
55906,0
22847,1
38863,1
115557,0
94727,0
33614,1
21789,1
74752,0
106501,0
31123,1
22774,1
43327,1
129982,0
151644,0
85511,0
138407,0
98315,0
77215,0
2191,1
17267,1
108358,0
41789,1
74242,0
21373,1
8281,1
47420,0
87748,0
13840,1
89053,0
151512,0
29223,1
108579,0
66170,0
147910,0
126918,0
141267,0
26458,1
128863,0
35934,1
127391,0
156022,0
116308,0
14777,1
138992,0
74020,0
80670,0
3672,1
4079,1
60187,0
150474,0
129942,0
69857,0
109180,0
156927,0
124148,0
47968,0
105497,0
50963,0
16857,1
140691,0
157847,0
42275,1
115092,0
11702,1
77246,0
97746,0
33674,1
119367,0
45474,0
140885,0
30754,1
24572,1
57324,0
70598,0
116102,0
40636,1
15304,1
100904,0
113339,0
156696,0
120864,0
16993,1
99788,0
135124,0
42399,1
41165,1
36953,1
2480,1
6783,1
124713,0
46740,0
15455,1
153747,0
105056,0
143520,0
8799,1
7301,1
139346,0
89380,0
84793,0
103564,0
100376,0
45656,0
40066,1
145865,0
53815,0
87610,0
133336,0
2758,1
124773,0
89101,0
14310,1
45693,0
131368,0
112116,0
30984,1
23420,1
52616,0
72912,0
114101,0
54565,0
63615,0
131986,0
106719,0
55442,0
8757,1
121535,0
133502,0
151758,0
109442,0
136380,0
12780,1
70959,0
23696,1
124911,0
121170,0
44036,1
65220,0
51414,0
114124,0
42049,1
139876,0
138291,0
84141,0
123484,0
65753,0
19850,1
63389,0
112510,0
101399,0
133005,0
4205,1
32692,1
57856,0
123726,0
38123,1
23279,1
63051,0
138075,0
20430,1
149945,0
71608,0
26490,1
137434,0
136955,0
28113,1
94348,0
61085,0
44018,1
145796,0
55224,0
43482,1
155779,0
94576,0
59066,0
30355,1
240,1
11010,1
11889,1
35955,1
30098,1
12031,1
61337,0
68086,0
59678,0
60406,0
133024,0
130534,0
101187,0
81537,0
3200,1
97974,0
2615,1
154542,0
12635,1
63533,0
245,1
126111,0
1904,1
58690,0
42549,1
84282,0
36292,1
72669,0
84608,0
66196,0
27348,1
124041,0
33710,1
152467,0
15610,1
1274,1
38184,1
45248,0
152285,0
68095,0
122925,0
114391,0
109359,0
117852,0
47988,0
133106,0
144,1
87149,0
82775,0
32520,1
43916,1
120951,0
116307,0
23031,1
74034,0
131213,0
27682,1
154146,0
151527,0
149909,0
135243,0
104716,0
64396,0
5252,1
96670,0
120026,0
140269,0
98776,0
138254,0
10831,1
104111,0
128460,0
17099,1
30716,1
29168,1
6167,1
45888,0
121835,0
158933,0
7802,1
149929,0
125515,0
59520,0
53308,0
94241,0
61608,0
125643,0
145308,0
95156,0
67769,0
108105,0
83260,0
1307,1
40593,1
45442,0
66332,0
139433,0
10706,1
97429,0
5078,1
59537,0
74180,0
134641,0
145990,0
19386,1
124196,0
4109,1
85078,0
70219,0
39554,1
87365,0
22001,1
123335,0
68744,0
105799,0
76197,0
146635,0
151757,0
122491,0
60359,0
119121,0
24877,1
142399,0
33172,1
8193,1
46342,0
102985,0
137919,0
69929,0
113932,0
98615,0
66887,0
33008,1
78229,0
147353,0
4919,1
94080,0
30709,1
122831,0
51767,0
131038,0
123640,0
141079,0
74304,0
96373,0
72399,0
121268,0
141222,0
18407,1
39711,1
113872,0
142604,0
124394,0
56751,0
98545,0
91201,0
7315,1
68925,0
48360,0
158827,0
72131,0
12668,1
75715,0
149440,0
123168,0
155132,0
110539,0
60061,0
81356,0
117243,0
141056,0
120614,0
150670,0
24096,1
125228,0
133429,0
74898,0
145490,0
13200,1
57418,0
98616,0
9235,1
22779,1
40105,1
77684,0
90196,0
53389,0
25943,1
158774,0
62780,0
142767,0
86396,0
9621,1
69276,0
90183,0
14122,1
7869,1
146518,0
122585,0
10444,1
110558,0
68841,0
13943,1
58210,0
107339,0
111002,0
156732,0
1665,1
7590,1
27833,1
120741,0
77580,0
98807,0
45326,0
98339,0
150620,0
94100,0
131044,0
126878,0
98305,0
147635,0
155038,0
13414,1
53640,0
137880,0
147739,0
87262,0
18019,1
85117,0
91749,0
51806,0
89027,0
32051,1
59983,0
72701,0
99082,0
137754,0
133591,0
61711,0
83641,0
24715,1
76636,0
111297,0
147737,0
78840,0
105607,0
82790,0
2432,1
114325,0
138164,0
80644,0
44535,1
33942,1
36792,1
103159,0
78564,0
25598,1
11180,1
115933,0
146403,0
1754,1
119812,0
143386,0
97209,0
26004,1
24355,1
67610,0
21189,1
111564,0
122813,0
63896,0
43518,1
79607,0
159258,0
18871,1
66207,0
148931,0
4500,1
5812,1
54927,0
35029,1
28827,1
153113,0
53081,0
7129,1
76516,0
58844,0
116042,0
92570,0
36020,1
151809,0
30527,1
120318,0
117694,0
144951,0
45167,0
24725,1
36498,1
56994,0
11944,1
70960,0
129348,0
57401,0
94878,0
96105,0
153076,0
153143,0
56352,0
131272,0
103138,0
15263,1
740,1
90291,0
31480,1
56809,0
86524,0
119009,0
90786,0
90980,0
146055,0
48883,0
7299,1
110291,0
158867,0
57128,0
87449,0
86406,0
140104,0
103756,0
125512,0
72336,0
56361,0
75359,0
94273,0
64427,0
36491,1
118701,0
153600,0
113165,0
48985,0
26032,1
145403,0
99558,0
21685,1
128859,0
157788,0
88455,0
152432,0
90660,0
157122,0
127563,0
57541,0
112950,0
77649,0
74157,0
128899,0
6219,1
80068,0
152830,0
28179,1
80648,0
17657,1
83567,0
92664,0
141759,0
28734,1
156543,0
137270,0
130925,0
89254,0
362,1
35129,1
73174,0
88358,0
102836,0
89958,0
13014,1
141437,0
117636,0
52758,0
5061,1
75916,0
117088,0
54185,0
15429,1
88463,0
30858,1
45233,0
77454,0
119841,0
37211,1
21812,1
16234,1
50933,0
113810,0
25842,1
112526,0
61934,0
91208,0
118613,0
75067,0
42941,1
79194,0
64515,0
120269,0
32482,1
98733,0
105720,0
32406,1
153570,0
38844,1
36856,1
145291,0
140573,0
51712,0
109973,0
43006,1
23181,1
5127,1
122390,0
51704,0
97179,0
30258,1
71547,0
127717,0
158253,0
151826,0
80534,0
66197,0
142617,0
78992,0
143472,0
17298,1
144251,0
149376,0
12644,1
72008,0
87484,0
143146,0
96454,0
40057,1
151407,0
75167,0
156173,0
153352,0
50537,0
130880,0
139548,0
74152,0
129242,0
157290,0
11350,1
44664,1
123251,0
142230,0
30267,1
72531,0
25921,1
57322,0
71345,0
42050,1
133662,0
17777,1
111880,0
103836,0
148550,0
115052,0
49331,0
130233,0
1554,1
14078,1
82823,0
102330,0
116187,0
122638,0
79353,0
18296,1
108464,0
144303,0
100082,0
20708,1
153820,0
14477,1
5391,1
85179,0
139339,0
14272,1
112613,0
68831,0
121763,0
6110,1
67907,0
76023,0
4840,1
74492,0
64993,0
36628,1
126740,0
5614,1
71850,0
42965,1
60283,0
105008,0
108680,0
80545,0
84983,0
130143,0
46382,0
86292,0
43219,1
2952,1
81793,0
58112,0
123960,0
138812,0
115516,0
27142,1
117155,0
79643,0
67841,0
69809,0
17825,1
136849,0
84993,0
5018,1
22765,1
132504,0
57963,0
92206,0
46479,0
68028,0
127684,0
142889,0
72741,0
80835,0
72819,0
11562,1
151593,0
68706,0
75814,0
58200,0
90797,0
31365,1
83293,0
68186,0
112100,0
97834,0
2086,1
36661,1
30503,1
142076,0
154236,0
71677,0
137190,0
74405,0
61637,0
87454,0
67007,0
146506,0
147293,0
134159,0
129143,0
31496,1
22338,1
140146,0
73708,0
47826,0
11335,1
116438,0
121508,0
60656,0
64786,0
107753,0
111414,0
104512,0
68750,0
42635,1
35636,1
105202,0
116747,0
29229,1
101648,0
32806,1
923,1
6560,1
142826,0
133963,0
8203,1
8576,1
133962,0
89737,0
157609,0
85273,0
28729,1
121223,0
60678,0
22170,1
95458,0
15310,1
155609,0
140552,0
138882,0
143526,0
26838,1
38910,1
19672,1
81191,0
107991,0
18895,1
114054,0
23720,1
67121,0
153335,0
138891,0
59978,0
22780,1
31725,1
94105,0
47557,0
9697,1
145810,0
126556,0
15021,1
88948,0
141363,0
35824,1
151699,0
116409,0
34648,1
79280,0
13118,1
134036,0
26096,1
6641,1
68890,0
144743,0
159737,0
105165,0
127699,0
101221,0
42377,1
145250,0
117154,0
9610,1
84309,0
53907,0
3093,1
39882,1
158723,0
58453,0
62031,0
142720,0
85164,0
3425,1
16839,1
20409,1
49452,0
114192,0
88037,0
123008,0
154075,0
62685,0
87495,0
110798,0
106991,0
128770,0
147429,0
95362,0
155799,0
37543,1
58617,0
85654,0
115407,0
72935,0
149160,0
116791,0
39138,1
43035,1
13403,1
83247,0
153484,0
121637,0
26221,1
64845,0
60136,0
145572,0
57447,0
123954,0
105779,0
14854,1
6591,1
66155,0
135674,0
102190,0
126018,0
18801,1
34552,1
110292,0
73760,0
41935,1
65316,0
57638,0
62020,0
157186,0
30159,1
123330,0
158466,0
154926,0
60693,0
48632,0
68268,0
121511,0
86259,0
73142,0
64758,0
55944,0
58202,0
152022,0
5578,1
107425,0
72183,0
104469,0
73687,0
104673,0
10330,1
155472,0
65091,0
80446,0
144828,0
102994,0
41642,1
64472,0
34094,1
121039,0
65517,0
113765,0
116628,0
156909,0
17412,1
30357,1
46535,0
25122,1
5489,1
113950,0
103527,0
80091,0
102621,0
99773,0
26080,1
85835,0
85306,0
77584,0
3404,1
101085,0
152286,0
159657,0
54511,0
39981,1
18184,1
19859,1
59790,0
9531,1
10161,1
129566,0
76959,0
109908,0
19567,1
134211,0
78605,0
20007,1
15030,1
158014,0
104891,0
54340,0
52270,0
94222,0
9050,1
147569,0
134783,0
115048,0
40990,1
121357,0
140681,0
36516,1
94466,0
118400,0
35301,1
138582,0
110962,0
20332,1
49837,0
49972,0
41947,1
40697,1
144709,0
128476,0
27980,1
77323,0
1906,1
66275,0
108453,0
97083,0
152046,0
75849,0
110857,0
93608,0
42251,1
119826,0
134656,0
116623,0
44205,1
84948,0
109687,0
78595,0
103749,0
25181,1
8256,1
125744,0
119937,0
26680,1
33662,1
25971,1
129167,0
92738,0
113302,0
158855,0
57872,0
115734,0
37693,1
79645,0
6705,1
103868,0
78522,0
121252,0
180,1
107140,0
152340,0
17734,1
141751,0
47995,0
35814,1
80050,0
4237,1
150779,0
69810,0
126563,0
32255,1
92417,0
38276,1
2492,1
73289,0
147967,0
2493,1
4481,1
92484,0
68921,0
304,1
8901,1
106414,0
29685,1
83403,0
132634,0
103820,0
158410,0
85086,0
108091,0
17121,1
144065,0
80342,0
156593,0
53753,0
96864,0
92242,0
42877,1
19777,1
90939,0
111514,0
7639,1
21867,1
24440,1
56090,0
11178,1
48108,0
122041,0
118959,0
40255,1
38098,1
149200,0
131281,0
35027,1
68116,0
122042,0
144780,0
40063,1
10901,1
95888,0
112889,0
41765,1
26865,1
128459,0
106753,0
115683,0
54459,0
77088,0
25405,1
80122,0
154478,0
87197,0
123870,0
111252,0
8386,1
109251,0
74425,0
28354,1
19054,1
156658,0
144159,0
34961,1
92491,0
80054,0
23431,1
117156,0
26050,1
49283,0
155810,0
56645,0
11058,1
126657,0
149330,0
15773,1
123272,0
53249,0
112996,0
91230,0
41021,1
84140,0
103247,0
42163,1
27855,1
73418,0
14977,1
139654,0
118270,0
100787,0
107070,0
72495,0
33444,1
22567,1
126792,0
154336,0
131879,0
41997,1
110101,0
68661,0
90985,0
224,1
9480,1
64673,0
58946,0
26445,1
104355,0
88131,0
151040,0
156849,0
68533,0
156729,0
144606,0
31398,1
65353,0
71968,0
100247,0
123959,0
114236,0
6517,1
122854,0
25454,1
1131,1
113315,0
68708,0
36215,1
96220,0
34526,1
50694,0
128174,0
24896,1
145927,0
93670,0
18208,1
50302,0
41981,1
66172,0
71971,0
78057,0
88031,0
40975,1
15136,1
48381,0
25102,1
20743,1
155503,0
156275,0
141367,0
25304,1
132456,0
142803,0
58679,0
120557,0
100450,0
144264,0
96157,0
53291,0
123459,0
11499,1
3187,1
117109,0
155264,0
8160,1
18969,1
133326,0
49839,0
3661,1
97492,0
9591,1
29631,1
22281,1
49409,0
127376,0
104280,0
23217,1
81968,0
127788,0
10476,1
116041,0
158311,0
79573,0
94795,0
51703,0
46604,0
147879,0
27094,1
44282,1
18271,1
91404,0
26815,1
26472,1
122274,0
19438,1
75550,0
71763,0
89222,0
86255,0
15249,1
144671,0
53122,0
1605,1
124958,0
88693,0
90668,0
69444,0
80694,0
152961,0
81621,0
43224,1
90483,0
43575,1
73710,0
141131,0
74702,0
96007,0
136275,0
6728,1
129480,0
93364,0
52098,0
97593,0
140934,0
114157,0
32903,1
21342,1
36611,1
13041,1
27571,1
113089,0
89417,0
137892,0
114871,0
119321,0
133282,0
42320,1
124952,0
27133,1
139702,0
137694,0
44565,1
61219,0
61473,0
133057,0
41524,1
17506,1
108094,0
1446,1
87271,0
56380,0
59515,0
33291,1
159771,0
158025,0
91123,0
124231,0
26379,1
154537,0
144016,0
134434,0
54904,0
131078,0
142289,0
31675,1
128178,0
111760,0
108971,0
567,1
113275,0
82121,0
58222,0
73422,0
71180,0
65461,0
126804,0
156571,0
122294,0
44654,1
15469,1
43493,1
10955,1
21879,1
75134,0
39190,1
19405,1
18758,1
20045,1
147998,0
116343,0
71902,0
102105,0
117323,0
105473,0
63913,0
85251,0
71131,0
20080,1
148651,0
82992,0
131739,0
83720,0
3264,1
40064,1
18304,1
62693,0
32375,1
89495,0
77364,0
39861,1
154770,0
113846,0
64652,0
116676,0
16184,1
1227,1
40540,1
82705,0
133934,0
82344,0
90510,0
29124,1
33079,1
150172,0
91689,0
29539,1
73038,0
90412,0
155480,0
48665,0
71702,0
56086,0
124031,0
94811,0
118389,0
89834,0
38748,1
48183,0
45684,0
14829,1
41774,1
1926,1
157257,0
127674,0
50388,0
156667,0
95963,0
13965,1
39112,1
26442,1
42631,1
87189,0
4245,1
76221,0
19841,1
99995,0
42112,1
148891,0
36177,1
69231,0
93460,0
45862,0
92109,0
81574,0
51959,0
93501,0
55965,0
13657,1
49572,0
119355,0
6340,1
101145,0
124052,0
87863,0
45593,0
59818,0
150591,0
4276,1
121777,0
117963,0
76279,0
35447,1
138997,0
104509,0
76506,0
55805,0
83269,0
38291,1
118162,0
42100,1
116165,0
98916,0
15064,1
88110,0
83631,0
63788,0
74574,0
7418,1
123774,0
112355,0
100259,0
6302,1
152246,0
149583,0
28983,1
40609,1
97910,0
130517,0
71766,0
86163,0
52028,0
39737,1
16168,1
132797,0
124500,0
88937,0
28999,1
69175,0
53935,0
126226,0
86991,0
76614,0
124716,0
104698,0
7955,1
14625,1
75036,0
158448,0
60092,0
125732,0
54960,0
13697,1
61976,0
120987,0
121630,0
119649,0
64698,0
75613,0
4211,1
118263,0
76219,0
62963,0
136168,0
68572,0
40793,1
88541,0
11961,1
30584,1
57829,0
70623,0
3439,1
33297,1
159618,0
153598,0
34372,1
22638,1
47165,0
25913,1
103430,0
84478,0
135781,0
63631,0
37489,1
75922,0
26370,1
84758,0
21119,1
125166,0
114693,0
52930,0
13150,1
70895,0
117128,0
30594,1
82707,0
86768,0
38984,1
73532,0
101466,0
87649,0
9521,1
154757,0
105453,0
58864,0
116926,0
4499,1
68016,0
68122,0
108546,0
154262,0
56949,0
97321,0
106014,0
142447,0
181,1
45599,0
142776,0
143978,0
40920,1
39327,1
99686,0
127480,0
70619,0
2499,1
62128,0
29179,1
85969,0
52280,0
80442,0
93139,0
5083,1
36205,1
152162,0
15787,1
33407,1
150791,0
89774,0
127610,0
31192,1
146375,0
44407,1
20468,1
36163,1
34788,1
5744,1
20733,1
155078,0
31988,1
2106,1
129084,0
93262,0
136728,0
15207,1
98896,0
10411,1
70479,0
84945,0
29286,1
40050,1
9079,1
51592,0
54663,0
45118,0
70428,0
121181,0
37033,1
80356,0
126824,0
62479,0
96096,0
148668,0
4118,1
31194,1
153554,0
109489,0
51431,0
147075,0
41172,1
132659,0
12947,1
50869,0
78895,0
32709,1
9492,1
38120,1
144426,0
65352,0
14980,1
49510,0
59273,0
65901,0
89927,0
156830,0
82640,0
12741,1
47304,0
75666,0
119607,0
9340,1
105342,0
131853,0
131678,0
16940,1
8314,1
158777,0
137035,0
10320,1
4699,1
125033,0
81965,0
68069,0
141420,0
149134,0
41158,1
77908,0
60767,0
51357,0
78971,0
101306,0
26269,1
104518,0
111465,0
147976,0
113827,0
71647,0
65666,0
75905,0
24686,1
49902,0
120605,0
137944,0
145197,0
27104,1
42988,1
13739,1
33222,1
106349,0
113227,0
65092,0
89678,0
153612,0
30679,1
26911,1
63343,0
71033,0
64750,0
31355,1
45816,0
21538,1
102106,0
17421,1
107412,0
12598,1
136779,0
58400,0
56769,0
98819,0
94193,0
75564,0
122592,0
74952,0
4248,1
22367,1
123975,0
35421,1
151020,0
116048,0
46238,0
157740,0
18374,1
111997,0
32446,1
41384,1
91357,0
91342,0
153961,0
79352,0
155680,0
136709,0
30509,1
86257,0
49933,0
143408,0
7513,1
81962,0
99216,0
136068,0
107813,0
81681,0
99356,0
23847,1
123402,0
104112,0
95830,0
23356,1
134388,0
8717,1
71930,0
119047,0
80351,0
16689,1
137048,0
145157,0
150754,0
10413,1
151158,0
143215,0
41211,1
86876,0
39919,1
18718,1
118038,0
95708,0
15139,1
119221,0
122337,0
37845,1
90879,0
104398,0
96947,0
49295,0
108156,0
96269,0
13325,1
145358,0
127498,0
132762,0
105900,0
28556,1
16986,1
14292,1
102080,0
122358,0
133030,0
111324,0
81928,0
33087,1
106383,0
44206,1
142153,0
102310,0
3886,1
133770,0
63266,0
47884,0
37657,1
120513,0
35071,1
116742,0
68593,0
137912,0
129590,0
32731,1
23876,1
88344,0
102350,0
18000,1
76867,0
66243,0
139583,0
91537,0
100175,0
105815,0
3689,1
91131,0
40813,1
66083,0
4000,1
157360,0
73585,0
1907,1
149860,0
29239,1
62734,0
67226,0
106810,0
60320,0
109627,0
100173,0
157120,0
39044,1
141794,0
108498,0
34707,1
14816,1
48154,0
110389,0
1721,1
94527,0
145986,0
101975,0
9188,1
17478,1
55367,0
32652,1
102665,0
36167,1
110793,0
74340,0
159472,0
149792,0
8544,1
109056,0
98737,0
36841,1
33423,1
19791,1
90805,0
66561,0
94574,0
68329,0
147638,0
95126,0
159482,0
132982,0
35870,1
11814,1
14634,1
72599,0
2240,1
16185,1
99821,0
81177,0
35376,1
67069,0
4250,1
78134,0
2092,1
139264,0
23977,1
59082,0
78086,0
63630,0
35168,1
53007,0
19515,1
138409,0
75137,0
108975,0
79080,0
36314,1
9804,1
47479,0
105270,0
68333,0
124955,0
43322,1
7505,1
47512,0
33952,1
148877,0
133616,0
115394,0
111395,0
100999,0
9646,1
10967,1
134810,0
138694,0
24573,1
24335,1
19956,1
137827,0
109133,0
150718,0
105996,0
107420,0
133549,0
93573,0
21218,1
124293,0
7694,1
148007,0
18526,1
128342,0
155537,0
77837,0
2395,1
93657,0
112035,0
57519,0
136844,0
98905,0
95751,0
52355,0
91063,0
60809,0
19617,1
89731,0
126772,0
51009,0
124100,0
90218,0
144623,0
156661,0
141727,0
83748,0
62903,0
15585,1
116169,0
10584,1
44069,1
11247,1
35288,1
105184,0
108077,0
3976,1
36607,1
61220,0
53467,0
112804,0
99179,0
64557,0
39317,1
42324,1
37822,1
70283,0
84962,0
16897,1
47419,0
10590,1
128242,0
22271,1
122527,0
44255,1
440,1
11520,1
56295,0
85588,0
19977,1
138675,0
93892,0
22287,1
79561,0
32675,1
149284,0
18205,1
130179,0
121916,0
20478,1
108788,0
148062,0
367,1
74981,0
50331,0
80263,0
142527,0
121606,0
115242,0
37407,1
101153,0
130892,0
11823,1
52354,0
124011,0
16943,1
136103,0
23851,1
42124,1
29864,1
76032,0
87342,0
54833,0
40487,1
149794,0
65486,0
58857,0
49345,0
96680,0
140507,0
40737,1
152698,0
146925,0
51601,0
57717,0
36340,1
61444,0
35044,1
1041,1
108083,0
128994,0
64843,0
55642,0
57576,0
25852,1
137946,0
40500,1
56742,0
9175,1
74417,0
41684,1
97315,0
58209,0
119283,0
5769,1
109587,0
38415,1
18248,1
104700,0
133584,0
27139,1
60476,0
55470,0
41272,1
139878,0
46058,0
35538,1
138979,0
36745,1
55383,0
75911,0
119822,0
62918,0
84346,0
66424,0
145852,0
157080,0
54899,0
91934,0
60538,0
41513,1
157465,0
72928,0
85533,0
70539,0
116758,0
21610,1
133228,0
45219,0
35126,1
113719,0
64167,0
98494,0
131983,0
120164,0
105233,0
104414,0
102101,0
15185,1
86233,0
13648,1
57892,0
152654,0
144934,0
64866,0
66595,0
110162,0
36259,1
20572,1
59425,0
121923,0
124087,0
50284,0
36309,1
159021,0
99790,0
77008,0
5152,1
90736,0
115505,0
136441,0
90188,0
10446,1
109564,0
131839,0
12232,1
62676,0
34267,1
99096,0
7975,1
117861,0
69799,0
153242,0
84005,0
155983,0
145510,0
150588,0
78996,0
149030,0
10173,1
70737,0
67085,0
135561,0
31841,1
115066,0
59233,0
106657,0
3470,1
38773,1
103263,0
63572,0
68441,0
124817,0
43397,1
17312,1
118855,0
9445,1
700,1
24432,1
114763,0
86849,0
104137,0
66286,0
11589,1
139471,0
154393,0
138215,0
127630,0
103409,0
28937,1
5103,1
69027,0
119085,0
9673,1
107744,0
60718,0
120107,0
118820,0
109714,0
37785,1
4759,1
105692,0
26197,1
66419,0
3866,1
121677,0
74353,0
143944,0
21291,1
112144,0
23507,1
79371,0
67506,0
141585,0
24525,1
29785,1
128131,0
39447,1
76240,0
156982,0
122488,0
25049,1
140963,0
113078,0
116488,0
103861,0
148417,0
16614,1
129593,0
138366,0
110300,0
8122,1
47372,0
79077,0
104583,0
145067,0
17274,1
12860,1
151094,0
56503,0
89151,0
14830,1
66911,0
14651,1
118347,0
142941,0
127578,0
138208,0
54733,0
49670,0
139001,0
31836,1
105335,0
2216,1
136690,0
104431,0
130908,0
127214,0
21171,1
128151,0
62250,0
146318,0
28662,1
86294,0
130580,0
39464,1
29258,1
24617,1
27091,1
103964,0
66594,0
130796,0
87256,0
58835,0
35437,1
116920,0
150732,0
54779,0
8486,1
29392,1
69490,0
145970,0
68226,0
81590,0
144852,0
149473,0
82052,0
112254,0
156630,0
85234,0
33199,1
24899,1
109553,0
13666,1
104605,0
62215,0
76911,0
64783,0
63985,0
41603,1
93833,0
36369,1
82553,0
50154,0
66880,0
95862,0
123915,0
143476,0
42264,1
64659,0
82799,0
60254,0
79198,0
72269,0
27487,1
22872,1
22549,1
121529,0
10530,1
32817,1
53930,0
91901,0
31625,1
15091,1
68673,0
132788,0
102087,0
111409,0
142674,0
121751,0
116109,0
119060,0
123599,0
150031,0
54947,0
38173,1
148980,0
34949,1
137212,0
156080,0
43697,1
139437,0
4897,1
77534,0
129574,0
142805,0
99957,0
35960,1
155970,0
72415,0
2334,1
107131,0
103124,0
20295,1
69555,0
95409,0
71817,0
123800,0
7915,1
71469,0
111191,0
70553,0
147556,0
70506,0
61261,0
92946,0
121746,0
146019,0
137627,0
80680,0
61821,0
39074,1
90568,0
59349,0
156138,0
50804,0
50684,0
146162,0
57456,0
134636,0
121261,0
65476,0
92358,0
143262,0
45712,0
125878,0
157794,0
43981,1
64691,0
13865,1
30176,1
82566,0
38009,1
121055,0
101415,0
155463,0
30803,1
3867,1
53154,0
115667,0
142841,0
146663,0
93248,0
80047,0
106256,0
28538,1
134816,0
25142,1
156612,0
59603,0
124571,0
53798,0
147940,0
101386,0
152735,0
140694,0
37252,1
148853,0
127446,0
101551,0
43622,1
42202,1
34415,1
114834,0
29338,1
139257,0
152368,0
47800,0
148263,0
3206,1
48564,0
146882,0
75285,0
151969,0
97722,0
134927,0
33764,1
51787,0
133689,0
34898,1
132749,0
17303,1
5433,1
30109,1
68407,0
143273,0
109338,0
112568,0
15330,1
48565,0
79493,0
154106,0
117092,0
120490,0
125621,0
37461,1
47269,0
89518,0
145026,0
52284,0
38073,1
32429,1
3180,1
83167,0
126045,0
156812,0
34448,1
2741,1
108477,0
142350,0
11146,1
81355,0
78488,0
88512,0
79925,0
140722,0
16074,1
11537,1
129615,0
90414,0
109175,0
145817,0
29582,1
43755,1
93154,0
42020,1
36148,1
48370,0
49343,0
144582,0
59214,0
24832,1
50035,0
93586,0
41019,1
93476,0
26807,1
13917,1
21005,1
134488,0
26098,1
67413,0
18534,1
35943,1
87917,0
39280,1
8334,1
12474,1
129437,0
100397,0
10343,1
10544,1
96984,0
18645,1
100705,0
84826,0
74037,0
12105,1
84378,0
59188,0
41061,1
134432,0
78238,0
151590,0
147387,0
24987,1
79889,0
108727,0
15474,1
52527,0
77510,0
146398,0
97651,0
47730,0
89137,0
151869,0
132067,0
59162,0
43630,1
154724,0
152055,0
64588,0
55083,0
85384,0
142016,0
158828,0
130857,0
52564,0
65862,0
133589,0
99769,0
54827,0
22253,1
74048,0
148503,0
2251,1
159203,0
50874,0
103636,0
24538,1
134528,0
9625,1
7963,1
22275,1
105892,0
51581,0
146989,0
124943,0
63017,0
68606,0
16673,1
55672,0
58479,0
91071,0
1362,1
32257,1
17644,1
129117,0
117494,0
725,1
24307,1
27087,1
135129,0
62636,0
117569,0
159359,0
107351,0
127312,0
85925,0
68713,0
57854,0
16843,1
61161,0
97749,0
147020,0
2778,1
149401,0
18148,1
68189,0
87249,0
62828,0
128722,0
32212,1
9104,1
97545,0
74193,0
88590,0
124985,0
18199,1
15194,1
91338,0
24532,1
134247,0
112347,0
111676,0
107230,0
60128,0
19122,1
67646,0
76214,0
37953,1
49748,0
1711,1
43144,1
6131,1
150936,0
117489,0
101228,0
65821,0
46938,0
78311,0
156703,0
106790,0
41628,1
144825,0
9879,1
100801,0
154839,0
25868,1
13472,1
8689,1
156893,0
97052,0
122797,0
81687,0
35800,1
56057,0
70028,0
49604,0
11632,1
143560,0
136278,0
6402,1
140066,0
140547,0
144626,0
73265,0
127924,0
3707,1
108683,0
70321,0
98611,0
51827,0
141769,0
20650,1
39599,1
44240,1
52261,0
69398,0
45001,1
143368,0
63317,0
2556,1
21313,1
100135,0
92125,0
151082,0
29736,1
20744,1
93483,0
57895,0
13337,1
61726,0
119745,0
151710,0
121682,0
96868,0
1439,1
155906,0
147163,0
64261,0
90316,0
92672,0
119929,0
143682,0
13763,1
157148,0
114789,0
42312,1
1545,1
17630,1
120049,0
91625,0
137993,0
106292,0
146875,0
10061,1
76701,0
73375,0
125317,0
78467,0
52289,0
10239,1
3220,1
3013,1
126086,0
51714,0
155855,0
26663,1
38481,1
130541,0
36077,1
145537,0
21064,1
34091,1
48982,0
19114,1
97227,0
144215,0
118001,0
118482,0
121052,0
37080,1
49652,0
30585,1
138364,0
43566,1
68749,0
48334,0
1955,1
101060,0
125973,0
122715,0
130636,0
103413,0
34812,1
97026,0
124359,0
9023,1
158869,0
113879,0
39967,1
30529,1
109066,0
15307,1
46464,0
73165,0
44215,1
125133,0
85330,0
68276,0
90837,0
37584,1
4678,1
6101,1
45759,0
108552,0
86483,0
82570,0
122190,0
97459,0
64542,0
98606,0
93054,0
125063,0
152848,0
53181,0
70174,0
96898,0
24373,1
58774,0
23640,1
110585,0
16846,1
62604,0
10122,1
80795,0
147082,0
86197,0
5452,1
9187,1
105019,0
56434,0
113959,0
17841,1
89430,0
106112,0
144323,0
122251,0
137305,0
73221,0
156094,0
120999,0
35788,1
158693,0
117955,0
44990,1
33193,1
115610,0
33005,1
108555,0
148765,0
66918,0
151760,0
59855,0
144378,0
6449,1
31819,1
7392,1
11826,1
35387,1
135042,0
126390,0
82720,0
156792,0
121370,0
50466,0
40351,1
69439,0
63586,0
121744,0
51261,0
109480,0
5995,1
87828,0
135727,0
104820,0
21183,1
107372,0
23233,1
40443,1
119466,0
84696,0
34070,1
117374,0
123987,0
155242,0
128250,0
43454,1
102899,0
72825,0
83455,0
57164,0
42574,1
100332,0
110922,0
12363,1
55704,0
153058,0
101089,0
115099,0
12796,1
102785,0
129906,0
11196,1
100642,0
81512,0
159090,0
142625,0
85895,0
34589,1
83974,0
20271,1
112026,0
137111,0
152277,0
5561,1
9640,1
88798,0
110750,0
84337,0
45789,0
77866,0
156987,0
43380,1
139780,0
124689,0
130419,0
115543,0
16847,1
18239,1
88557,0
58985,0
76465,0
62763,0
48451,0
84508,0
11388,1
113461,0
119636,0
129996,0
83779,0
127137,0
118944,0
157615,0
60012,0
93953,0
47166,0
19374,1
104388,0
137957,0
17797,1
43252,1
73454,0
45647,0
79868,0
97269,0
57378,0
34019,1
44606,1
91947,0
138375,0
133865,0
21114,1
59718,0
5023,1
29886,1
158439,0
52686,0
69285,0
98764,0
88809,0
125210,0
7414,1
131258,0
4380,1
142937,0
86138,0
122102,0
15154,1
132087,0
26159,1
49431,0
154408,0
141139,0
30675,1
154525,0
89639,0
15251,1
54650,0
130522,0
134589,0
56167,0
136459,0
155263,0
130487,0
96536,0
7297,1
28159,1
58148,0
22054,1
38160,1
69015,0
139088,0
76898,0
2316,1
111628,0
88884,0
130997,0
61472,0
100198,0
73668,0
70444,0
144353,0
41777,1
143276,0
144284,0
6638,1
115971,0
52182,0
130885,0
153353,0
33661,1
131210,0
1701,1
125500,0
155726,0
14956,1
138984,0
147224,0
115377,0
86114,0
52660,0
118154,0
86245,0
48394,0
79749,0
67726,0
52458,0
61926,0
124334,0
4371,1
152191,0
137106,0
78009,0
63953,0
11937,1
121543,0
92003,0
154205,0
49070,0
37755,1
40691,1
67634,0
113465,0
55657,0
156695,0
50124,0
92614,0
82199,0
52407,0
139821,0
97800,0
83453,0
134849,0
77352,0
56116,0
122397,0
20200,1
55586,0
45085,0
133830,0
157721,0
39520,1
25622,1
22234,1
1,1
62118,0
31731,1
153828,0
137373,0
51075,0
115181,0
76510,0
27318,1
1784,1
27230,1
133644,0
34646,1
29453,1
27107,1
88822,0
20994,1
57058,0
156447,0
23980,1
48682,0
146890,0
46455,0
82785,0
18881,1
36546,1
91836,0
107500,0
8243,1
67622,0
54553,0
105886,0
22848,1
71997,0
51341,0
21074,1
19748,1
63247,0
95287,0
93929,0
18177,1
32568,1
98877,0
36754,1
6504,1
80140,0
35255,1
40073,1
137063,0
9330,1
47573,0
80060,0
42187,1
125596,0
148967,0
135039,0
100474,0
28561,1
134274,0
83331,0
26475,1
49950,0
119880,0
113204,0
64644,0
63793,0
46466,0
121375,0
140127,0
3158,1
88762,0
151394,0
57248,0
18220,1
93101,0
73376,0
19942,1
64919,0
15674,1
51792,0
115160,0
127158,0
39891,1
109100,0
121563,0
154829,0
90027,0
37939,1
11012,1
29216,1
143967,0
131455,0
87598,0
76321,0
43688,1
11449,1
5957,1
139520,0
132817,0
3902,1
47109,0
137166,0
138094,0
89233,0
26745,1
66955,0
3796,1
46579,0
99707,0
24661,1
99882,0
100697,0
42648,1
70170,0
66219,0
36601,1
97894,0
98656,0
130571,0
47601,0
43947,1
71981,0
88876,0
29613,1
109023,0
94784,0
93135,0
6704,1
94207,0
52257,0
97012,0
146952,0
144508,0
89376,0
121612,0
157746,0
129693,0
46275,0
37525,1
138256,0
28563,1
25573,1
20915,1
103339,0
120235,0
100013,0
43364,1
102624,0
42636,1
131253,0
51412,0
74370,0
139663,0
4323,1
100598,0
52821,0
70269,0
56888,0
67533,0
131892,0
52899,0
137896,0
54429,0
145581,0
55140,0
43675,1
130396,0
19667,1
90658,0
36359,1
10524,1
98931,0
29870,1
86141,0
122811,0
63216,0
70804,0
2380,1
98353,0
41224,1
73104,0
107852,0
43016,1
117247,0
78524,0
22063,1
28822,1
44916,1
144342,0
29670,1
41719,1
125304,0
151225,0
127329,0
83388,0
158492,0
154691,0
99062,0
116584,0
35358,1
142397,0
78772,0
104771,0
79631,0
120715,0
80093,0
11435,1
145010,0
41759,1
125708,0
102332,0
78505,0
110782,0
134975,0
134265,0
122643,0
8078,1
42286,1
128630,0
42269,1
104168,0
35106,1
36620,1
61547,0
89767,0
13243,1
88870,0
71866,0
4996,1
147886,0
115120,0
90093,0
131062,0
134548,0
150118,0
114442,0
141402,0
49277,0
36010,1
86819,0
50604,0
25280,1
39946,1
96176,0
117211,0
68973,0
36147,1
98923,0
95624,0
66794,0
128569,0
126993,0
48258,0
94168,0
158470,0
97296,0
65742,0
129164,0
66280,0
14795,1
156385,0
52135,0
137758,0
141272,0
145199,0
62683,0
54931,0
115095,0
59927,0
143877,0
148898,0
21630,1
88831,0
37877,1
36670,1
118684,0
53962,0
3768,1
114371,0
111496,0
98702,0
105185,0
131145,0
103759,0
60514,0
103396,0
105041,0
44354,1
42786,1
119935,0
53582,0
41372,1
116869,0
61644,0
93534,0
143795,0
7826,1
119198,0
71494,0
139161,0
125022,0
110572,0
95011,0
128324,0
33962,1
40829,1
121586,0
125647,0
39505,1
75648,0
48043,0
14163,1
36927,1
159014,0
141632,0
112059,0
50180,0
140927,0
90578,0
27618,1
16753,1
3829,1
92468,0
147204,0
124503,0
91875,0
36982,1
151936,0
104979,0
14515,1
65983,0
20748,1
152429,0
100964,0
135076,0
113166,0
49844,0
36553,1
69573,0
95857,0
113381,0
29512,1
38851,1
48039,0
100944,0
96575,0
15735,1
159731,0
67839,0
72923,0
86885,0
135227,0
81812,0
84062,0
104405,0
154226,0
95973,0
112331,0
146243,0
149544,0
13677,1
122720,0
97550,0
128904,0
41743,1
154126,0
31528,1
128595,0
73129,0
79829,0
10928,1
69590,0
143479,0
90869,0
68698,0
129521,0
1383,1
100336,0
141290,0
44598,1
76127,0
141475,0
114903,0
55954,0
153897,0
145447,0
1847,1
155283,0
15440,1
7060,1
143661,0
137476,0
33384,1
1040,1
118857,0
150223,0
49998,0
64822,0
141098,0
94271,0
48937,0
91245,0
16945,1
3185,1
94744,0
6282,1
29359,1
65829,0
52504,0
156090,0
64524,0
128737,0
4712,1
138506,0
120891,0
34848,1
62261,0
93071,0
149048,0
118584,0
146430,0
146289,0
139112,0
79549,0
45663,0
128777,0
77478,0
145797,0
97432,0
140100,0
118741,0
125038,0
136679,0
7811,1
111767,0
12238,1
155508,0
96259,0
116055,0
46421,0
67116,0
125642,0
70299,0
34939,1
52644,0
49919,0
125674,0
55078,0
80616,0
6943,1
23063,1
19781,1
143684,0
97585,0
82890,0
81256,0
147451,0
27632,1
43601,1
73092,0
55925,0
110868,0
124881,0
92402,0
71312,0
152883,0
118418,0
107534,0
57210,0
42754,1
158301,0
62092,0
67194,0
76026,0
72045,0
110780,0
65881,0
2965,1
105829,0
95504,0
46725,0
138538,0
90158,0
7662,1
124954,0
153415,0
60190,0
130369,0
40629,1
110387,0
114572,0
72907,0
13146,1
153748,0
44307,1
135546,0
117629,0
64273,0
91762,0
1296,1
117256,0
74191,0
57942,0
126193,0
39866,1
72749,0
55732,0
54092,0
39985,1
145418,0
100763,0
36824,1
99723,0
114237,0
119978,0
22432,1
50534,0
78817,0
96309,0
25421,1
101473,0
76062,0
54256,0
91994,0
67361,0
50453,0
75403,0
104483,0
25072,1
37125,1
61446,0
4580,1
38159,1
48625,0
109302,0
83843,0
4442,1
77948,0
69494,0
3413,1
57323,0
30119,1
14246,1
13766,1
117540,0
31986,1
77721,0
70976,0
14471,1
127157,0
138561,0
152161,0
2167,1
67018,0
110281,0
61037,0
130733,0
35637,1
139211,0
52850,0
67589,0
147117,0
38656,1
90977,0
78137,0
76969,0
149600,0
114299,0
72411,0
151963,0
122754,0
65514,0
118393,0
89636,0
327,1
46334,0
103098,0
20341,1
86507,0
30483,1
139518,0
109857,0
59889,0
90170,0
114267,0
80025,0
137363,0
144802,0
6197,1
129605,0
120699,0
21037,1
12718,1
149524,0
64864,0
98533,0
10478,1
88732,0
124005,0
29458,1
35546,1
72871,0
10319,1
18743,1
79150,0
73473,0
141670,0
141303,0
97152,0
100587,0
38086,1
64412,0
119313,0
113135,0
152383,0
38259,1
54224,0
2433,1
3336,1
117606,0
121012,0
11718,1
125429,0
27628,1
107909,0
96469,0
25895,1
25542,1
97462,0
55388,0
140446,0
109046,0
96371,0
158228,0
21458,1
99344,0
35863,1
27366,1
63697,0
60874,0
66237,0
27827,1
10131,1
41366,1
157046,0
122755,0
53616,0
19120,1
158251,0
133599,0
110719,0
141833,0
23380,1
82478,0
78608,0
140154,0
60235,0
151195,0
129999,0
63875,0
46635,0
51818,0
146288,0
71283,0
99561,0
49015,0
102233,0
34713,1
141458,0
23970,1
31807,1
43874,1
118336,0
71418,0
40277,1
88668,0
105002,0
121626,0
3229,1
103268,0
37289,1
92348,0
55717,0
51137,0
137214,0
128890,0
141580,0
150806,0
64188,0
71831,0
99638,0
59468,0
74645,0
92287,0
141253,0
85220,0
155446,0
48112,0
106990,0
21336,1
102092,0
6193,1
1963,1
147208,0
63079,0
26744,1
56768,0
71468,0
134574,0
151119,0
78619,0
54217,0
157873,0
85661,0
40227,1
40925,1
140383,0
56885,0
14112,1
116275,0
122473,0
71419,0
23749,1
35632,1
122746,0
132576,0
110989,0
41454,1
65372,0
32863,1
25214,1
136114,0
35456,1
23635,1
67729,0
73735,0
32130,1
70407,0
136723,0
155729,0
84911,0
51511,0
103077,0
31474,1
48742,0
138146,0
25667,1
21889,1
107526,0
74784,0
135477,0
35539,1
65251,0
77295,0
70505,0
97424,0
108313,0
93648,0
69674,0
38021,1
133925,0
139993,0
27401,1
34432,1
108445,0
30902,1
108423,0
64475,0
120520,0
78742,0
145231,0
14247,1
149373,0
93941,0
78284,0
31933,1
158128,0
118282,0
148317,0
135686,0
91427,0
140739,0
139129,0
76668,0
134343,0
54823,0
14093,1
91818,0
75370,0
112781,0
52759,0
123021,0
50994,0
29520,1
84445,0
19283,1
62555,0
50454,0
92979,0
130781,0
127182,0
134365,0
150969,0
38332,1
12005,1
75508,0
141873,0
137981,0
141748,0
97971,0
112501,0
6897,1
104357,0
51063,0
76696,0
129039,0
10318,1
19434,1
70491,0
143735,0
109953,0
48435,0
15672,1
126612,0
103483,0
38559,1
159033,0
117055,0
74208,0
113803,0
33188,1
52598,0
91865,0
137297,0
109416,0
116241,0
91629,0
151204,0
132191,0
55233,0
148908,0
148641,0
140096,0
116254,0
31165,1
36730,1
151662,0
22098,1
76575,0
156422,0
4381,1
68845,0
159665,0
59774,0
144130,0
127616,0
128156,0
37629,1
56410,0
83397,0
113910,0
93955,0
17532,1
80952,0
134259,0
122759,0
17911,1
80373,0
124004,0
132042,0
58720,0
71540,0
38085,1
149157,0
121532,0
122286,0
71905,0
13754,1
47836,0
34656,1
68130,0
91394,0
6152,1
150025,0
147568,0
46641,0
80336,0
3826,1
137642,0
156492,0
11756,1
98892,0
113503,0
157414,0
63309,0
90919,0
152878,0
152708,0
156290,0
20883,1
23292,1
22913,1
94552,0
141034,0
100190,0
114475,0
100334,0
120575,0
146615,0
135,1
13204,1
54792,0
39180,1
84246,0
29138,1
117159,0
77096,0
68719,0
20018,1
120624,0
156248,0
88242,0
24486,1
119061,0
32158,1
73756,0
57659,0
41322,1
74190,0
105754,0
107853,0
121568,0
2286,1
153885,0
1661,1
145126,0
100464,0
4137,1
42096,1
91955,0
9497,1
22749,1
130296,0
11576,1
90751,0
89164,0
142860,0
83240,0
46878,0
94900,0
67865,0
86086,0
16293,1
74501,0
78950,0
114154,0
21477,1
87866,0
87216,0
100778,0
150299,0
60164,0
71231,0
133146,0
67903,0
125236,0
75555,0
38978,1
153888,0
85369,0
40434,1
155843,0
84336,0
135874,0
13579,1
107569,0
8469,1
61928,0
149165,0
105389,0
142069,0
91857,0
12771,1
144654,0
91581,0
141114,0
150827,0
66317,0
11946,1
128265,0
82956,0
145305,0
67939,0
113051,0
142180,0
94008,0
57806,0
18102,1
42154,1
65670,0
62603,0
20860,1
129564,0
69045,0
99628,0
16161,1
130568,0
86310,0
101181,0
110142,0
21088,1
24067,1
36727,1
45855,0
13906,1
93375,0
150258,0
157473,0
2522,1
64031,0
77465,0
6299,1
82661,0
13109,1
158202,0
4069,1
34759,1
81483,0
46842,0
107330,0
11286,1
97920,0
155523,0
66194,0
1430,1
142742,0
65483,0
138898,0
22578,1
109253,0
2782,1
123433,0
85337,0
150188,0
40172,1
101374,0
27459,1
135059,0
98340,0
115131,0
150281,0
153794,0
5024,1
38615,1
58533,0
108210,0
123274,0
98585,0
140874,0
82934,0
10281,1
86078,0
128212,0
75305,0
140016,0
47331,0
150417,0
132952,0
54534,0
116157,0
6548,1
25429,1
146130,0
136132,0
35947,1
65610,0
108421,0
16570,1
36180,1
129482,0
129963,0
118332,0
8177,1
70876,0
22363,1
111142,0
55332,0
99868,0
130172,0
157882,0
96320,0
42747,1
23846,1
32383,1
39389,1
57880,0
157206,0
95928,0
148692,0
87423,0
156572,0
102564,0
65097,0
65752,0
90103,0
96099,0
65503,0
7653,1
110200,0
134677,0
79275,0
60739,0
75629,0
48755,0
34288,1
116860,0
59600,0
50527,0
58052,0
146200,0
30571,1
79472,0
125238,0
100119,0
158268,0
59469,0
29637,1
94702,0
32695,1
76638,0
118382,0
141163,0
148210,0
42796,1
72337,0
15391,1
144302,0
137702,0
69858,0
89325,0
22843,1
111874,0
33049,1
105795,0
48113,0
52159,0
114924,0
26089,1
43628,1
87147,0
130422,0
95078,0
145768,0
70814,0
154102,0
68683,0
88888,0
58541,0
43857,1
120321,0
77552,0
125686,0
106215,0
80169,0
7587,1
65246,0
129600,0
103073,0
132098,0
113354,0
83111,0
94871,0
6153,1
134262,0
77717,0
36420,1
69782,0
49849,0
86808,0
90843,0
80974,0
97007,0
13345,1
111659,0
102623,0
53864,0
115847,0
87801,0
46733,0
36227,1
1616,1
19927,1
15159,1
23957,1
24499,1
129679,0
11317,1
63568,0
13312,1
76966,0
33347,1
22020,1
141921,0
15344,1
2077,1
129181,0
144746,0
92565,0
112170,0
19258,1
3028,1
45604,0
154093,0
16064,1
110264,0
35924,1
102216,0
98963,0
116516,0
95429,0
94242,0
3152,1
47612,0
85781,0
82278,0
56789,0
68112,0
66623,0
95144,0
3427,1
118489,0
95366,0
27566,1
126815,0
102424,0
54157,0
28661,1
73193,0
70344,0
8037,1
19545,1
9649,1
76031,0
81326,0
35212,1
118748,0
35453,1
2019,1
39941,1
83395,0
63851,0
33298,1
136618,0
95304,0
16587,1
122378,0
105899,0
91104,0
91859,0
8878,1
139142,0
61605,0
152970,0
155749,0
130406,0
92025,0
76833,0
62354,0
73914,0
98596,0
119486,0
20539,1
19360,1
121216,0
46182,0
151954,0
116504,0
91470,0
67564,0
10994,1
122738,0
71699,0
146548,0
70687,0
124107,0
95557,0
151061,0
60198,0
31617,1
2004,1
119035,0
13998,1
29561,1
20551,1
4666,1
93837,0
134813,0
25901,1
13449,1
31025,1
81833,0
55673,0
97197,0
147606,0
118635,0
107413,0
40758,1
99958,0
11067,1
19999,1
140311,0
42938,1
97787,0
32732,1
125450,0
135283,0
137704,0
156357,0
127562,0
90247,0
77652,0
23510,1
112745,0
84399,0
145210,0
151599,0
56008,0
132895,0
119560,0
101165,0
103326,0
28823,1
41138,1
77748,0
92284,0
96456,0
120554,0
146381,0
134009,0
70280,0
138941,0
81937,0
54905,0
109450,0
26157,1
37161,1
13106,1
25997,1
52801,0
135579,0
12357,1
27860,1
50699,0
11037,1
72338,0
71352,0
59919,0
75659,0
63945,0
99811,0
60898,0
2069,1
157652,0
138892,0
147651,0
133094,0
146413,0
54945,0
6459,1
91788,0
67766,0
130432,0
143010,0
85462,0
80966,0
119914,0
64983,0
154771,0
114691,0
132068,0
117543,0
136178,0
852,1
137716,0
63320,0
142269,0
54198,0
2038,1
85799,0
123841,0
70679,0
158895,0
109241,0
8853,1
137181,0
29963,1
81829,0
133368,0
136416,0
52973,0
150633,0
126328,0
156085,0
54036,0
81729,0
110735,0
26793,1
33466,1
28383,1
83316,0
122234,0
70622,0
27278,1
69379,0
155403,0
1938,1
130882,0
154041,0
42332,1
29038,1
20221,1
26263,1
88300,0
77997,0
86642,0
124779,0
37212,1
138765,0
84883,0
130932,0
157725,0
17125,1
7273,1
30917,1
28958,1
150812,0
126701,0
2519,1
120433,0
156066,0
5896,1
30009,1
46613,0
27337,1
131647,0
28424,1
148472,0
79300,0
152913,0
107887,0
93904,0
17795,1
143121,0
49098,0
62782,0
21345,1
127871,0
61782,0
32570,1
111886,0
80172,0
81295,0
89059,0
34655,1
4182,1
7718,1
5299,1
159625,0
92490,0
130795,0
53965,0
102648,0
20248,1
157446,0
66596,0
56705,0
67730,0
9759,1
36778,1
76137,0
35417,1
31794,1
35381,1
369,1
15894,1
65738,0
113668,0
94220,0
55936,0
59605,0
73043,0
90599,0
47878,0
70194,0
116881,0
53678,0
146233,0
22966,1
10017,1
121067,0
42739,1
157105,0
117830,0
91646,0
90016,0
42982,1
79036,0
104259,0
27083,1
138712,0
154313,0
38622,1
62356,0
63745,0
63038,0
123444,0
98765,0
62313,0
71059,0
2474,1
115820,0
129956,0
146358,0
10436,1
107933,0
48218,0
37321,1
42499,1
68115,0
59775,0
39506,1
147065,0
5813,1
36415,1
132970,0
48758,0
144292,0
65776,0
43,1
32642,1
123930,0
152411,0
36806,1
79760,0
92970,0
63272,0
48327,0
49976,0
8513,1
47187,0
7005,1
141006,0
156611,0
67212,0
124441,0
92780,0
44487,1
80689,0
46350,0
4790,1
1374,1
106376,0
127903,0
131829,0
89481,0
70168,0
63253,0
149839,0
12190,1
50713,0
54840,0
92854,0
54331,0
19203,1
102400,0
147245,0
5986,1
31582,1
5141,1
34671,1
52825,0
18361,1
115545,0
23586,1
152789,0
50024,0
116012,0
15659,1
92256,0
133625,0
38897,1
150697,0
26638,1
68794,0
45417,0
86522,0
69977,0
2819,1
144660,0
153489,0
97561,0
661,1
153706,0
22852,1
46743,0
101534,0
118331,0
86766,0
133623,0
75296,0
156607,0
99243,0
38280,1
34489,1
131015,0
146832,0
10629,1
75931,0
24161,1
25091,1
10572,1
132435,0
134769,0
111847,0
115649,0
7645,1
97481,0
139067,0
3991,1
32356,1
8183,1
5256,1
47708,0
118764,0
36985,1
105117,0
110726,0
147192,0
153610,0
139697,0
111165,0
156207,0
118309,0
120778,0
106123,0
97016,0
41426,1
50846,0
43074,1
43909,1
58426,0
4972,1
63973,0
77535,0
26306,1
21274,1
158872,0
101598,0
18440,1
131666,0
11342,1
36133,1
63324,0
156070,0
77954,0
116321,0
29795,1
151270,0
52196,0
155184,0
102523,0
112740,0
62648,0
126477,0
134309,0
147873,0
8822,1
122836,0
126428,0
53881,0
122765,0
117487,0
29840,1
94041,0
77466,0
3940,1
133717,0
22741,1
86871,0
73270,0
132171,0
107385,0
18954,1
11299,1
83638,0
19663,1
139281,0
15051,1
68613,0
49466,0
99112,0
73574,0
124308,0
45578,0
121285,0
156253,0
18013,1
31160,1
104564,0
71804,0
39388,1
11081,1
130277,0
8810,1
99023,0
60286,0
31085,1
94157,0
41241,1
43612,1
58932,0
113084,0
135726,0
135550,0
39947,1
123802,0
110600,0
120805,0
35016,1
143709,0
159101,0
3771,1
91530,0
153420,0
110617,0
141602,0
74428,0
2002,1
45955,0
14703,1
123205,0
28709,1
34423,1
100967,0
55255,0
4613,1
126253,0
22093,1
115267,0
32357,1
95729,0
50033,0
97547,0
92341,0
61443,0
12019,1
44955,1
18009,1
138688,0
61150,0
16756,1
111733,0
134419,0
117339,0
30106,1
137887,0
104695,0
126678,0
118592,0
125290,0
26280,1
26608,1
134545,0
74066,0
51257,0
28350,1
78957,0
47035,0
86426,0
37223,1
147273,0
61603,0
97903,0
116274,0
41545,1
153561,0
58096,0
5126,1
57305,0
101419,0
83478,0
114976,0
35344,1
76037,0
76946,0
134771,0
78887,0
36197,1
26402,1
70067,0
47668,0
105761,0
78242,0
8042,1
110215,0
105243,0
148199,0
20813,1
70441,0
145635,0
66948,0
28566,1
16198,1
151373,0
105260,0
55864,0
669,1
96375,0
115057,0
84910,0
70245,0
100924,0
8052,1
136903,0
59094,0
52258,0
113791,0
63939,0
20785,1
34301,1
47530,0
8564,1
140530,0
44810,1
152453,0
117779,0
56649,0
16681,1
71047,0
77740,0
50780,0
44410,1
24083,1
87344,0
46761,0
123663,0
51472,0
84209,0
85595,0
37310,1
60429,0
23558,1
19820,1
125117,0
10525,1
108514,0
159395,0
6788,1
5729,1
18490,1
11915,1
91440,0
16179,1
91991,0
112516,0
6048,1
135844,0
127200,0
104495,0
80179,0
55599,0
118512,0
107649,0
31611,1
134684,0
157620,0
118884,0
82377,0
60919,0
129892,0
31649,1
7083,1
64624,0
126738,0
69086,0
100416,0
136804,0
83328,0
43715,1
48316,0
102542,0
7069,1
64999,0
54825,0
124442,0
100091,0
154342,0
87014,0
78269,0
117598,0
90829,0
20716,1
11364,1
73120,0
36390,1
140743,0
86508,0
110130,0
23082,1
55306,0
153308,0
17881,1
2548,1
132942,0
44870,1
99141,0
788,1
77472,0
110945,0
146969,0
12842,1
132880,0
157131,0
32277,1
127956,0
154657,0
41360,1
99551,0
101846,0
120426,0
78133,0
100952,0
26012,1
50296,0
46815,0
57452,0
52461,0
66901,0
65523,0
83483,0
33833,1
89957,0
79457,0
141601,0
62950,0
72410,0
67117,0
21186,1
78011,0
121413,0
78207,0
119773,0
75176,0
92,1
123696,0
118096,0
52622,0
106963,0
62993,0
27775,1
68157,0
127100,0
147718,0
143907,0
37750,1
126589,0
128962,0
34613,1
27909,1
20541,1
125298,0
145294,0
73339,0
126158,0
1136,1
49600,0
73007,0
15069,1
98208,0
149657,0
138579,0
95222,0
148606,0
33317,1
59681,0
62966,0
131458,0
59446,0
123646,0
87785,0
53378,0
16348,1
142441,0
138308,0
98422,0
107723,0
4277,1
71289,0
139810,0
69873,0
23675,1
83742,0
123430,0
88820,0
43172,1
91058,0
42449,1
118724,0
18193,1
133720,0
148728,0
85815,0
26904,1
44749,1
15070,1
61343,0
21732,1
129608,0
51962,0
119370,0
76988,0
76675,0
17686,1
41945,1
120872,0
97526,0
143231,0
55508,0
72910,0
157278,0
103652,0
98249,0
43389,1
92963,0
21968,1
130381,0
23209,1
47990,0
142387,0
151797,0
104380,0
88103,0
79719,0
40102,1
130384,0
127876,0
48262,0
69108,0
74368,0
108906,0
22663,1
60573,0
151181,0
50095,0
35563,1
50912,0
8915,1
153072,0
69185,0
5948,1
9015,1
159112,0
156242,0
1922,1
107857,0
48914,0
151479,0
51715,0
87002,0
6650,1
148749,0
65937,0
45338,0
33492,1
52726,0
64314,0
60023,0
99317,0
158760,0
56692,0
151,1
3773,1
102360,0
46358,0
8559,1
13698,1
84102,0
92381,0
57955,0
8259,1
74992,0
47613,0
154860,0
124044,0
41258,1
29565,1
107992,0
56082,0
3600,1
97460,0
102196,0
2340,1
55180,0
41298,1
57712,0
15574,1
141983,0
19309,1
146513,0
131409,0
96351,0
67699,0
19490,1
8586,1
76847,0
58763,0
122010,0
678,1
106388,0
102349,0
38502,1
158207,0
50626,0
62806,0
154306,0
109774,0
88786,0
18960,1
118307,0
42140,1
141292,0
124996,0
99844,0
62572,0
31509,1
130841,0
117282,0
67800,0
25807,1
131388,0
87879,0
7338,1
106401,0
134378,0
87629,0
61739,0
73932,0
116778,0
123588,0
6262,1
112287,0
11217,1
128349,0
54208,0
135850,0
5236,1
149042,0
149478,0
100372,0
89210,0
15757,1
132075,0
93144,0
147753,0
40426,1
81170,0
73097,0
84856,0
2775,1
72487,0
76647,0
36986,1
105742,0
75410,0
90148,0
77949,0
130688,0
127756,0
10079,1
49734,0
35055,1
156512,0
57815,0
75740,0
110831,0
23568,1
15729,1
76140,0
91443,0
14668,1
97157,0
48309,0
144847,0
131664,0
6259,1
88042,0
147829,0
108256,0
68394,0
78737,0
43057,1
152610,0
152455,0
79285,0
117027,0
141999,0
24667,1
82840,0
10832,1
48185,0
39349,1
127989,0
49588,0
149474,0
62440,0
143557,0
49885,0
81730,0
3003,1
34888,1
46211,0
75020,0
82604,0
84242,0
92848,0
72490,0
95957,0
127277,0
41148,1
9362,1
113621,0
1117,1
128477,0
138481,0
102222,0
565,1
71372,0
23397,1
78662,0
57193,0
142038,0
134006,0
61122,0
10835,1
28887,1
93999,0
145456,0
55525,0
103585,0
17435,1
20052,1
50140,0
60126,0
100619,0
3795,1
144420,0
110512,0
103358,0
97893,0
9190,1
79068,0
95241,0
84460,0
69069,0
26361,1
42976,1
29975,1
31430,1
98363,0
72556,0
77732,0
36348,1
76584,0
96892,0
50893,0
22868,1
9088,1
65511,0
69724,0
35812,1
120450,0
130562,0
62334,0
114836,0
77128,0
33069,1
59601,0
71533,0
23655,1
130401,0
60058,0
24578,1
112014,0
20230,1
76968,0
8495,1
38418,1
92274,0
142368,0
146674,0
29974,1
72171,0
107226,0
137247,0
58553,0
99013,0
23387,1
10705,1
129900,0
77274,0
130510,0
72958,0
111893,0
31032,1
146213,0
45372,0
93300,0
28719,1
100208,0
91367,0
73119,0
69914,0
64953,0
47256,0
146091,0
101470,0
92178,0
75958,0
123265,0
11511,1
20615,1
156452,0
6280,1
132765,0
120543,0
159077,0
102701,0
89471,0
68557,0
27868,1
120941,0
19505,1
19997,1
90922,0
110546,0
73882,0
126205,0
146272,0
9507,1
144854,0
103352,0
38718,1
32221,1
73621,0
60947,0
19496,1
131260,0
31387,1
11966,1
118358,0
156651,0
153177,0
137124,0
13853,1
114849,0
28025,1
48529,0
138959,0
1749,1
58615,0
93067,0
110819,0
97228,0
104100,0
133961,0
98,1
158038,0
18128,1
2341,1
70499,0
156583,0
78993,0
48001,0
136016,0
494,1
24297,1
118541,0
84095,0
82231,0
48954,0
78592,0
92074,0
52937,0
57176,0
41995,1
101063,0
9049,1
12002,1
132146,0
115810,0
138204,0
16199,1
45412,0
62084,0
120985,0
81081,0
86962,0
66062,0
89323,0
81023,0
100444,0
14786,1
105907,0
143614,0
93530,0
57380,0
41745,1
144948,0
43776,1
68825,0
128321,0
130270,0
83021,0
24519,1
84144,0
60096,0
35948,1
84635,0
9935,1
42585,1
92461,0
63106,0
142557,0
9209,1
131854,0
127873,0
32204,1
83146,0
57965,0
56081,0
76158,0
78952,0
2046,1
98688,0
90652,0
140403,0
94408,0
67019,0
95571,0
92600,0
80736,0
154228,0
28772,1
60846,0
3391,1
144563,0
23614,1
121944,0
42079,1
149466,0
60238,0
60460,0
151446,0
125271,0
31739,1
26390,1
13393,1
129259,0
84215,0
69071,0
119449,0
46718,0
120576,0
3559,1
131103,0
11949,1
57728,0
146486,0
127627,0
46994,0
54542,0
8978,1
151460,0
23123,1
89645,0
4555,1
143913,0
13540,1
59646,0
51155,0
15571,1
112572,0
43419,1
105013,0
58856,0
32289,1
113081,0
13711,1
127144,0
113196,0
50228,0
120750,0
94549,0
55567,0
76105,0
26517,1
69932,0
156390,0
78507,0
100279,0
10501,1
66776,0
91862,0
53777,0
118107,0
57094,0
83840,0
87088,0
21995,1
101749,0
21567,1
129097,0
112798,0
80450,0
136702,0
71458,0
145052,0
48128,0
61177,0
50105,0
106862,0
106427,0
125270,0
92065,0
150724,0
87592,0
34364,1
3700,1
147902,0
113348,0
21210,1
150035,0
3174,1
142971,0
51734,0
149156,0
39397,1
49944,0
16044,1
65875,0
71621,0
98058,0
117436,0
158030,0
104524,0
112639,0
136927,0
30763,1
112260,0
152886,0
49658,0
146235,0
30289,1
47718,0
34818,1
81105,0
63951,0
51897,0
88763,0
140663,0
16682,1
129765,0
134828,0
45661,0
74935,0
49068,0
158528,0
136195,0
54950,0
74003,0
152743,0
55109,0
140706,0
60895,0
4716,1
33126,1
40846,1
90079,0
80658,0
84157,0
83658,0
109022,0
23929,1
131677,0
32016,1
73830,0
85557,0
32551,1
65539,0
88262,0
49112,0
152139,0
119817,0
43455,1
37591,1
28399,1
137389,0
29579,1
141179,0
148521,0
136015,0
136362,0
151311,0
46184,0
7419,1
113446,0
89988,0
14633,1
105640,0
135289,0
127734,0
116199,0
57384,0
9839,1
55902,0
47198,0
96988,0
86905,0
84593,0
146689,0
41063,1
151641,0
29587,1
153161,0
33135,1
142706,0
76210,0
126919,0
78870,0
113492,0
7615,1
102736,0
142984,0
31206,1
102426,0
54572,0
159769,0
95135,0
76528,0
76043,0
132727,0
9524,1
19776,1
115790,0
62131,0
125258,0
118257,0
144265,0
102048,0
92489,0
72224,0
99175,0
59497,0
134003,0
9554,1
146296,0
25585,1
52424,0
41216,1
142916,0
48845,0
133439,0
105804,0
134538,0
40935,1
16580,1
87155,0
124200,0
100689,0
137161,0
93863,0
114375,0
26580,1
76184,0
103099,0
129456,0
17754,1
145902,0
82618,0
8460,1
79947,0
155871,0
104493,0
134436,0
26148,1
7249,1
49158,0
16954,1
92930,0
78204,0
8705,1
36809,1
105005,0
37152,1
82530,0
10196,1
7261,1
8984,1
77333,0
117847,0
42349,1
63704,0
157813,0
96091,0
128766,0
85379,0
38442,1
109567,0
112936,0
119135,0
101326,0
10252,1
91647,0
53437,0
22304,1
3340,1
145709,0
78399,0
22730,1
14568,1
66095,0
49442,0
30676,1
9019,1
42663,1
9674,1
151013,0
60089,0
82368,0
987,1
4780,1
122026,0
152909,0
38625,1
46639,0
82452,0
75612,0
17045,1
2454,1
28886,1
87678,0
7263,1
17187,1
7156,1
83361,0
80484,0
80704,0
3447,1
83743,0
140853,0
100779,0
7235,1
58612,0
133343,0
157038,0
129673,0
94525,0
120137,0
42818,1
72845,0
23430,1
83468,0
73836,0
43398,1
23111,1
29900,1
41602,1
95934,0
111387,0
58711,0
138660,0
157807,0
86809,0
71354,0
134170,0
9616,1
86873,0
152350,0
7356,1
110014,0
46302,0
109481,0
138863,0
143160,0
87120,0
19071,1
37460,1
69392,0
88718,0
129721,0
157628,0
14662,1
68011,0
16052,1
133217,0
85133,0
69468,0
82477,0
3489,1
80174,0
33162,1
57939,0
157425,0
139205,0
30872,1
9095,1
21374,1
132105,0
119441,0
27675,1
139190,0
4238,1
51647,0
38650,1
34352,1
97047,0
132757,0
76483,0
70085,0
132876,0
82039,0
83214,0
32889,1
52260,0
37703,1
4657,1
152783,0
120303,0
73331,0
21062,1
96730,0
57524,0
118187,0
42498,1
80724,0
122952,0
120811,0
77695,0
34010,1
68705,0
111025,0
53402,0
34098,1
83786,0
70154,0
119724,0
49899,0
81672,0
17374,1
25778,1
76791,0
150840,0
42263,1
95543,0
158152,0
1343,1
148890,0
10517,1
94980,0
112401,0
8088,1
11043,1
90474,0
33788,1
90128,0
10449,1
159739,0
12169,1
51281,0
142278,0
73877,0
148952,0
57087,0
56378,0
43042,1
107864,0
27552,1
18073,1
86764,0
112693,0
149755,0
85856,0
97840,0
149844,0
146516,0
41259,1
149757,0
124465,0
75317,0
54767,0
127203,0
75982,0
13945,1
76888,0
78211,0
81237,0
11481,1
81749,0
72365,0
41143,1
55735,0
121298,0
116620,0
90171,0
137198,0
62343,0
135626,0
138316,0
41343,1
11448,1
96606,0
114061,0
30708,1
46242,0
108321,0
27644,1
66937,0
56962,0
14228,1
14149,1
14072,1
25050,1
59345,0
114512,0
7729,1
116499,0
7264,1
5901,1
37054,1
108084,0
24623,1
91424,0
120457,0
116336,0
2050,1
5423,1
150592,0
127151,0
120339,0
45195,0
69812,0
59054,0
3650,1
37741,1
66334,0
55872,0
110635,0
109746,0
119913,0
36725,1
127706,0
51127,0
117111,0
55709,0
39973,1
32768,1
82045,0
112175,0
128662,0
140324,0
67562,0
76115,0
126496,0
156904,0
155834,0
108911,0
141132,0
138474,0
143754,0
80667,0
38166,1
113110,0
55112,0
20011,1
29001,1
88038,0
64681,0
74963,0
38134,1
28278,1
124972,0
60706,0
156532,0
50888,0
125446,0
14909,1
30996,1
114435,0
159202,0
64963,0
115151,0
148836,0
67783,0
82092,0
99908,0
141330,0
11804,1
147026,0
62439,0
130165,0
45554,0
6488,1
140434,0
124067,0
94772,0
32908,1
56943,0
52208,0
54617,0
152668,0
133948,0
19343,1
83826,0
140538,0
38065,1
136859,0
6901,1
142888,0
47204,0
147042,0
109081,0
105431,0
147383,0
62926,0
15373,1
26036,1
101495,0
83929,0
98047,0
157494,0
122602,0
87140,0
38515,1
137009,0
119910,0
100491,0
99983,0
55013,0
120192,0
55563,0
127635,0
11605,1
107812,0
123863,0
11160,1
115277,0
44734,1
133531,0
104160,0
128576,0
63770,0
132440,0
40468,1
151134,0
4911,1
124217,0
31964,1
120473,0
33011,1
103351,0
70112,0
132421,0
136717,0
76435,0
38701,1
65345,0
7388,1
6244,1
11652,1
147259,0
29707,1
98639,0
80361,0
133392,0
32857,1
123866,0
48142,0
75206,0
123019,0
49164,0
73686,0
133542,0
43702,1
159140,0
23728,1
23947,1
3576,1
19583,1
8413,1
94198,0
45162,0
44029,1
79840,0
48013,0
56620,0
63734,0
47702,0
138346,0
48430,0
120834,0
116391,0
81943,0
68370,0
38613,1
45238,0
5892,1
121879,0
1941,1
110530,0
121328,0
75909,0
138386,0
129586,0
146825,0
58897,0
94979,0
118280,0
121807,0
17325,1
105625,0
111909,0
142135,0
30557,1
156780,0
17243,1
55652,0
7947,1
117139,0
68992,0
115187,0
74924,0
93104,0
130629,0
117716,0
77799,0
11095,1
87758,0
46963,0
68121,0
140688,0
146220,0
67604,0
46234,0
7691,1
36002,1
40854,1
71336,0
59028,0
96735,0
128667,0
73476,0
42531,1
27831,1
29270,1
68022,0
83408,0
151302,0
87526,0
110245,0
95915,0
140705,0
86676,0
24498,1
107472,0
12465,1
125751,0
33895,1
112553,0
31923,1
88566,0
5595,1
51321,0
48559,0
19622,1
38469,1
70021,0
115887,0
9837,1
10045,1
148509,0
102228,0
34180,1
27816,1
105428,0
116501,0
78636,0
143268,0
43241,1
37450,1
146816,0
46787,0
41010,1
126714,0
35881,1
41038,1
57045,0
91502,0
26833,1
156031,0
97319,0
35662,1
16379,1
78868,0
15118,1
86151,0
69921,0
97822,0
113464,0
52738,0
72272,0
132419,0
108403,0
112468,0
127735,0
38169,1
49259,0
128885,0
140233,0
25010,1
25685,1
15840,1
25576,1
78465,0
10591,1
158012,0
19108,1
111212,0
147164,0
23787,1
93543,0
107840,0
105794,0
42311,1
41328,1
70040,0
72393,0
144894,0
146752,0
12450,1
99497,0
116761,0
67686,0
133690,0
79051,0
148592,0
23219,1
123622,0
120769,0
49830,0
130084,0
53318,0
120596,0
42801,1
7022,1
53322,0
149020,0
5319,1
158132,0
24253,1
88029,0
87361,0
74068,0
9131,1
62026,0
60171,0
105168,0
159034,0
66007,0
8124,1
25146,1
29045,1
90286,0
8173,1
32976,1
116905,0
62183,0
149725,0
120988,0
89635,0
124280,0
63375,0
38254,1
155977,0
30985,1
4521,1
82136,0
44321,1
50396,0
41573,1
152229,0
123627,0
111808,0
94406,0
74797,0
68331,0
38667,1
141877,0
23016,1
27701,1
116317,0
53635,0
87224,0
137129,0
98627,0
150669,0
76213,0
33357,1
54369,0
10362,1
41523,1
73849,0
151091,0
30877,1
132967,0
4217,1
21272,1
104560,0
22733,1
112048,0
2078,1
37881,1
133859,0
143624,0
144383,0
120405,0
33898,1
49621,0
48623,0
116294,0
148933,0
94767,0
140737,0
26549,1
41757,1
139978,0
118874,0
74844,0
87787,0
111502,0
28810,1
112877,0
111846,0
42871,1
140977,0
14060,1
31976,1
101319,0
97487,0
17306,1
49312,0
97225,0
69321,0
85217,0
1146,1
86870,0
44977,1
36495,1
72711,0
44111,1
63922,0
12582,1
28488,1
84735,0
84575,0
118520,0
60487,0
138502,0
96331,0
57610,0
116755,0
15589,1
121960,0
64848,0
140788,0
91000,0
97772,0
128273,0
93554,0
15395,1
153138,0
18,1
37549,1
12887,1
91636,0
93720,0
71203,0
9696,1
77857,0
72331,0
117539,0
67809,0
107936,0
111317,0
64778,0
111332,0
41861,1
73470,0
9552,1
56556,0
5046,1
68105,0
82053,0
4710,1
64275,0
60847,0
52268,0
39172,1
59499,0
103253,0
82501,0
110241,0
45268,0
135276,0
2890,1
122239,0
145154,0
95100,0
108830,0
29633,1
137573,0
79965,0
134094,0
142692,0
2336,1
27018,1
67033,0
62458,0
126855,0
133520,0
64039,0
4751,1
79539,0
1297,1
118934,0
53265,0
102284,0
98199,0
133622,0
29806,1
51548,0
145890,0
158568,0
85284,0
15386,1
30189,1
93967,0
140607,0
84663,0
13479,1
59218,0
22475,1
17492,1
107061,0
47614,0
36968,1
157722,0
75493,0
76876,0
24962,1
20182,1
142671,0
113239,0
138554,0
44893,1
43592,1
150155,0
134256,0
13988,1
39849,1
130006,0
100239,0
79664,0
129663,0
146824,0
68589,0
90411,0
127832,0
41147,1
48960,0
76050,0
62850,0
56209,0
12716,1
4200,1
2006,1
22450,1
17018,1
67962,0
87558,0
54367,0
59571,0
140159,0
10681,1
72041,0
738,1
36763,1
67141,0
22470,1
118666,0
22926,1
142650,0
140729,0
157997,0
48593,0
74309,0
122466,0
66310,0
149468,0
154908,0
37724,1
21401,1
95498,0
121199,0
88526,0
81375,0
153372,0
123701,0
65653,0
145344,0
74582,0
142336,0
1781,1
4986,1
28457,1
142428,0
93234,0
54645,0
51590,0
8422,1
97887,0
124688,0
153901,0
12472,1
31422,1
42181,1
61952,0
124836,0
39050,1
98915,0
10860,1
55692,0
111557,0
126062,0
113207,0
124006,0
92257,0
88272,0
88577,0
21978,1
68924,0
81279,0
121076,0
20094,1
85927,0
34959,1
69618,0
83927,0
8835,1
70813,0
116090,0
7596,1
152687,0
130702,0
62025,0
38730,1
52750,0
48382,0
85863,0
37841,1
15934,1
7890,1
26767,1
117645,0
156874,0
106042,0
26287,1
6891,1
85900,0
64803,0
99521,0
81422,0
44756,1
117987,0
942,1
41638,1
30540,1
5065,1
100498,0
75946,0
48177,0
34323,1
114333,0
116548,0
48091,0
94611,0
141422,0
87582,0
24775,1
45860,0
47250,0
64537,0
84839,0
142896,0
25977,1
142874,0
149889,0
63946,0
113940,0
25285,1
5581,1
1586,1
54529,0
30056,1
54170,0
123413,0
127305,0
104191,0
81346,0
75588,0
142111,0
106350,0
147667,0
86171,0
109646,0
74997,0
72261,0
128092,0
61909,0
96167,0
69219,0
60702,0
19603,1
83202,0
16330,1
119482,0
69675,0
3099,1
143481,0
99582,0
91219,0
22396,1
126186,0
73671,0
70987,0
110452,0
72357,0
105275,0
91560,0
119335,0
116355,0
42898,1
62176,0
73382,0
102613,0
103082,0
64158,0
146419,0
80167,0
67626,0
11923,1
1286,1
25652,1
140526,0
45225,0
158551,0
149260,0
24846,1
122945,0
146270,0
21473,1
142596,0
108780,0
114774,0
74295,0
13301,1
85347,0
93372,0
97341,0
6614,1
77675,0
50510,0
53293,0
72246,0
12485,1
30888,1
43942,1
85376,0
74199,0
62115,0
149177,0
127217,0
135773,0
108867,0
35950,1
16006,1
159206,0
123129,0
63086,0
95280,0
125727,0
52843,0
148941,0
39348,1
84989,0
61484,0
34118,1
126104,0
128127,0
41056,1
78862,0
100471,0
17474,1
4636,1
58132,0
109014,0
20678,1
137402,0
50968,0
48829,0
10640,1
54989,0
85808,0
7558,1
2848,1
8530,1
155795,0
130046,0
133936,0
130247,0
132738,0
105490,0
54076,0
8535,1
19900,1
45925,0
109716,0
156370,0
82374,0
28030,1
72555,0
50521,0
102007,0
117442,0
99350,0
106494,0
159061,0
2148,1
49446,0
114775,0
28604,1
132912,0
46511,0
40496,1
127259,0
75637,0
44188,1
84220,0
15670,1
111664,0
83730,0
9097,1
114704,0
61218,0
34338,1
107976,0
4681,1
43607,1
43955,1
136049,0
58549,0
18390,1
73219,0
141173,0
15745,1
30004,1
139086,0
114624,0
33658,1
120474,0
144188,0
99154,0
28099,1
36443,1
125493,0
54669,0
34797,1
21637,1
113904,0
59890,0
20873,1
148342,0
40969,1
35183,1
105652,0
5640,1
111794,0
65104,0
120851,0
143955,0
128983,0
28776,1
56003,0
53671,0
46967,0
120468,0
39057,1
130039,0
105057,0
152790,0
21004,1
144305,0
111845,0
157342,0
62161,0
108481,0
151269,0
12369,1
81940,0
59594,0
117171,0
34860,1
41329,1
54265,0
24250,1
61180,0
139397,0
90506,0
63753,0
102905,0
14383,1
125912,0
124428,0
113626,0
24866,1
77278,0
95911,0
2964,1
120417,0
5947,1
69552,0
113412,0
98871,0
118042,0
124501,0
159447,0
12325,1
135053,0
15810,1
24318,1
22106,1
108428,0
12768,1
75619,0
47092,0
120114,0
73110,0
67703,0
110606,0
59765,0
152831,0
100630,0
45700,0
88221,0
7185,1
138058,0
84156,0
33421,1
155120,0
54168,0
99373,0
106622,0
72677,0
128623,0
28235,1
13796,1
84629,0
59206,0
42497,1
153339,0
129877,0
78065,0
158164,0
83080,0
88811,0
108001,0
159706,0
130317,0
12577,1
105447,0
72680,0
141146,0
22832,1
14157,1
61274,0
90754,0
138365,0
115682,0
47671,0
128455,0
96149,0
125222,0
76493,0
159781,0
60682,0
40719,1
59559,0
62539,0
79522,0
27368,1
38335,1
1602,1
51635,0
151877,0
111282,0
114722,0
54579,0
155530,0
35775,1
140982,0
22218,1
148706,0
111229,0
2389,1
69200,0
98030,0
145759,0
11013,1
153501,0
48094,0
90882,0
119506,0
106965,0
77513,0
109091,0
12383,1
70342,0
83798,0
142719,0
153538,0
25382,1
114863,0
91727,0
137541,0
152761,0
31965,1
122841,0
11000,1
151691,0
125207,0
72634,0
102939,0
145940,0
152390,0
1899,1
1309,1
98579,0
43959,1
68997,0
156154,0
86371,0
77238,0
10535,1
107917,0
110964,0
62337,0
128022,0
87037,0
159687,0
98189,0
113485,0
24131,1
41855,1
54096,0
140650,0
99431,0
65207,0
83411,0
87794,0
96163,0
149611,0
134113,0
91055,0
41053,1
11346,1
152356,0
12812,1
52210,0
30070,1
55530,0
55718,0
63356,0
7439,1
1016,1
139044,0
67263,0
58085,0
116171,0
102806,0
34550,1
114610,0
138032,0
3129,1
64060,0
102642,0
15597,1
63713,0
44803,1
45564,0
150605,0
31995,1
72977,0
106486,0
24329,1
136455,0
149723,0
54213,0
148079,0
55914,0
63091,0
60090,0
151299,0
17467,1
24251,1
80738,0
116206,0
80478,0
80533,0
41039,1
59923,0
121380,0
15617,1
118288,0
82647,0
47425,0
73539,0
102407,0
41469,1
23665,1
34992,1
67440,0
92772,0
102319,0
128588,0
120170,0
106218,0
156095,0
152240,0
125334,0
19304,1
104059,0
88376,0
126611,0
136184,0
1097,1
117924,0
95133,0
121390,0
78740,0
65477,0
85766,0
134639,0
155606,0
72143,0
68517,0
47722,0
52741,0
159533,0
96175,0
435,1
147276,0
85285,0
61680,0
35825,1
56148,0
143446,0
73364,0
158896,0
75409,0
122785,0
19124,1
94230,0
135867,0
115257,0
120763,0
42369,1
79957,0
128821,0
113067,0
158408,0
125116,0
43992,1
33406,1
3012,1
142635,0
138511,0
54510,0
86967,0
118015,0
148201,0
139678,0
27407,1
83345,0
130079,0
135905,0
159177,0
131232,0
135057,0
47242,0
78535,0
113865,0
79648,0
32110,1
136736,0
41660,1
53589,0
105180,0
110472,0
21551,1
19605,1
30777,1
54937,0
119329,0
60888,0
70513,0
123458,0
149651,0
159073,0
72829,0
88162,0
82293,0
58455,0
153785,0
32068,1
151396,0
48992,0
89743,0
153066,0
31145,1
145639,0
111246,0
125612,0
110062,0
82982,0
27237,1
68716,0
99078,0
1969,1
78439,0
6801,1
51735,0
6513,1
52526,0
113531,0
59531,0
89408,0
98098,0
114119,0
50304,0
119419,0
107267,0
126833,0
22126,1
57133,0
86187,0
104603,0
50911,0
27328,1
148248,0
123178,0
151639,0
139261,0
90911,0
123716,0
124953,0
78525,0
43210,1
58568,0
142597,0
9703,1
110720,0
54994,0
108214,0
158885,0
91453,0
106744,0
125358,0
56514,0
80860,0
86506,0
43991,1
37775,1
147964,0
34426,1
141360,0
107856,0
87997,0
154290,0
113112,0
100710,0
26762,1
62328,0
4333,1
111147,0
129549,0
978,1
82583,0
74550,0
51457,0
81348,0
118041,0
34422,1
931,1
14514,1
101509,0
27470,1
69975,0
63384,0
71545,0
38781,1
5584,1
101829,0
36861,1
134116,0
1033,1
74073,0
12868,1
25597,1
125014,0
33761,1
121554,0
153645,0
37490,1
39617,1
80558,0
150283,0
157213,0
7223,1
121821,0
154179,0
13415,1
139420,0
131837,0
61073,0
159118,0
104461,0
28953,1
39077,1
13216,1
121429,0
150927,0
90304,0
121364,0
88804,0
103410,0
137643,0
54592,0
19588,1
94256,0
132192,0
130616,0
3817,1
103790,0
54857,0
115250,0
112008,0
63084,0
128793,0
150708,0
127311,0
122614,0
140222,0
45775,0
139714,0
44175,1
5930,1
59686,0
155362,0
72631,0
143957,0
95561,0
81734,0
86226,0
85716,0
95906,0
27573,1
33203,1
11584,1
57681,0
129395,0
98432,0
48151,0
138348,0
112215,0
132005,0
52699,0
12625,1
72760,0
145431,0
80031,0
76497,0
45945,0
98348,0
65030,0
138236,0
55411,0
53148,0
6541,1
24031,1
101562,0
108703,0
68223,0
51372,0
100405,0
39055,1
52847,0
114708,0
113037,0
102074,0
22477,1
141588,0
78958,0
24231,1
51793,0
18162,1
114168,0
46539,0
145060,0
123903,0
16805,1
37184,1
78615,0
46089,0
10971,1
40104,1
72699,0
132750,0
141537,0
85226,0
146777,0
6654,1
129656,0
99912,0
104322,0
701,1
26344,1
132939,0
133325,0
152254,0
144019,0
110577,0
149477,0
81778,0
121687,0
120904,0
115587,0
128199,0
146819,0
158971,0
20506,1
110161,0
94477,0
114518,0
44201,1
75219,0
113661,0
93762,0
148427,0
124661,0
75734,0
135624,0
59929,0
102837,0
107532,0
33429,1
156236,0
45321,0
147244,0
73759,0
157361,0
135979,0
121166,0
102402,0
26988,1
139412,0
24705,1
158017,0
95686,0
92329,0
129782,0
35487,1
15533,1
111427,0
65344,0
92992,0
1217,1
67619,0
52877,0
544,1
25626,1
1283,1
1770,1
122067,0
134397,0
92721,0
15762,1
59159,0
141470,0
104859,0
134285,0
101545,0
94292,0
49869,0
66802,0
28707,1
67500,0
32146,1
60472,0
149953,0
115654,0
92608,0
61829,0
91248,0
13937,1
111693,0
28175,1
5178,1
63958,0
21669,1
153337,0
152860,0
11188,1
105415,0
140762,0
90565,0
90793,0
115144,0
4172,1
87074,0
29197,1
47410,0
22581,1
45641,0
79863,0
86081,0
28477,1
18308,1
58503,0
36073,1
78537,0
130238,0
48536,0
15551,1
29026,1
124877,0
46134,0
72576,0
119526,0
117786,0
126703,0
124758,0
63133,0
83282,0
123656,0
8549,1
84509,0
80747,0
50543,0
125067,0
14266,1
70043,0
140212,0
64739,0
97468,0
668,1
84786,0
117548,0
152239,0
46652,0
51094,0
43937,1
25111,1
144803,0
78210,0
11410,1
9838,1
112904,0
152459,0
22039,1
9889,1
81713,0
96475,0
91774,0
89092,0
64153,0
91413,0
51785,0
61348,0
47229,0
84633,0
125982,0
91228,0
105828,0
121669,0
34938,1
158982,0
35625,1
15604,1
27214,1
69907,0
59087,0
75769,0
157771,0
145521,0
117521,0
26168,1
12270,1
91013,0
141473,0
31621,1
114958,0
85870,0
25718,1
81434,0
132228,0
143992,0
31963,1
128807,0
110938,0
82279,0
29485,1
65431,0
43956,1
99739,0
154783,0
3144,1
33750,1
147970,0
80272,0
49567,0
57343,0
100290,0
56590,0
69031,0
52379,0
47871,0
59653,0
22902,1
125284,0
94691,0
73335,0
891,1
138722,0
45740,0
123351,0
3458,1
74127,0
36211,1
20169,1
156226,0
60433,0
157755,0
15272,1
105234,0
563,1
85460,0
31688,1
147202,0
108730,0
110232,0
24920,1
35028,1
15168,1
100344,0
54025,0
47532,0
8057,1
75373,0
32388,1
125245,0
88796,0
157869,0
104331,0
70991,0
25348,1
45838,0
90519,0
46721,0
122561,0
29076,1
59251,0
71135,0
150714,0
17446,1
47842,0
60810,0
3763,1
14986,1
40067,1
47624,0
13940,1
8028,1
142904,0
63323,0
150448,0
47089,0
22068,1
855,1
72311,0
70480,0
148707,0
144049,0
130049,0
26848,1
143317,0
103778,0
99261,0
113221,0
111818,0
56293,0
78474,0
54458,0
46379,0
35643,1
81278,0
147000,0
109073,0
133461,0
25790,1
142334,0
126078,0
28877,1
37208,1
125056,0
143823,0
118983,0
13266,1
122924,0
101450,0
11912,1
73094,0
142183,0
5348,1
52194,0
128645,0
26027,1
50408,0
241,1
38363,1
67781,0
92630,0
155150,0
101099,0
135646,0
6030,1
112980,0
8912,1
30305,1
95893,0
107706,0
159728,0
124868,0
5032,1
56217,0
93656,0
11644,1
27810,1
70226,0
62890,0
131071,0
113862,0
17269,1
107291,0
103783,0
54115,0
35846,1
76685,0
20547,1
151403,0
2572,1
87521,0
8675,1
86428,0
158527,0
18697,1
8171,1
8151,1
137767,0
147255,0
58715,0
92906,0
89150,0
144717,0
89099,0
132905,0
132092,0
43610,1
135221,0
103294,0
105211,0
3276,1
147102,0
123222,0
72750,0
26246,1
122359,0
154973,0
61255,0
26135,1
115216,0
140612,0
88462,0
94356,0
43714,1
51251,0
72325,0
146392,0
66393,0
63634,0
59292,0
56013,0
8718,1
37013,1
128977,0
51957,0
698,1
53862,0
75441,0
9309,1
50967,0
33605,1
86079,0
15844,1
4061,1
97002,0
136085,0
140616,0
105772,0
54852,0
137641,0
45536,0
52908,0
59588,0
46975,0
34284,1
14308,1
139709,0
116113,0
86179,0
111437,0
101902,0
141352,0
40717,1
102061,0
137384,0
98645,0
3027,1
145147,0
135030,0
45087,0
28153,1
82575,0
57604,0
16688,1
116410,0
159111,0
8617,1
110137,0
88299,0
9451,1
54126,0
24042,1
92646,0
137678,0
84835,0
107787,0
2372,1
133212,0
157625,0
90520,0
71709,0
11502,1
12321,1
115781,0
107479,0
157462,0
79798,0
136182,0
104246,0
97793,0
124,1
2685,1
108957,0
45574,0
133054,0
134796,0
134348,0
42068,1
155570,0
38665,1
85779,0
65447,0
97395,0
29897,1
5427,1
141936,0
54740,0
32851,1
52186,0
128461,0
60988,0
32791,1
75671,0
146733,0
136619,0
58276,0
53945,0
63501,0
149274,0
31339,1
72765,0
129139,0
147732,0
57490,0
87299,0
155505,0
118924,0
96212,0
58709,0
81920,0
29653,1
17924,1
47057,0
113912,0
146757,0
84053,0
141136,0
104318,0
31185,1
90242,0
40101,1
53212,0
151633,0
101104,0
127474,0
76815,0
3265,1
59466,0
153866,0
137948,0
43088,1
66893,0
73550,0
78568,0
57372,0
50504,0
153366,0
64943,0
125360,0
112878,0
133108,0
727,1
22503,1
108875,0
103623,0
1256,1
42728,1
29738,1
39990,1
31067,1
150329,0
77505,0
6413,1
71258,0
95329,0
127314,0
146972,0
14536,1
71915,0
77789,0
120821,0
79603,0
133076,0
139637,0
37986,1
98128,0
106037,0
37019,1
120658,0
117690,0
116772,0
59372,0
94838,0
75526,0
22268,1
6959,1
19204,1
108344,0
23173,1
29984,1
73216,0
65288,0
21525,1
123813,0
88127,0
151742,0
121592,0
1735,1
124932,0
109079,0
16559,1
158413,0
66745,0
61800,0
77386,0
56222,0
39666,1
117675,0
94272,0
124951,0
21652,1
93911,0
71356,0
100912,0
98434,0
80400,0
97254,0
98461,0
34909,1
144787,0
50881,0
112629,0
110908,0
27310,1
60310,0
145276,0
157835,0
116793,0
52303,0
92302,0
102406,0
7163,1
68693,0
60885,0
11189,1
159198,0
119799,0
150668,0
144438,0
29535,1
87812,0
102908,0
23647,1
114276,0
80360,0
51468,0
59127,0
68154,0
96801,0
61307,0
155802,0
144815,0
74972,0
46108,0
21468,1
14015,1
5962,1
20228,1
130004,0
20544,1
44379,1
105073,0
79218,0
111121,0
113768,0
138322,0
139831,0
40171,1
55560,0
72044,0
33970,1
158103,0
116728,0
155616,0
113567,0
95577,0
46025,0
14203,1
136429,0
129260,0
16143,1
155619,0
3304,1
28635,1
78178,0
44450,1
6405,1
154624,0
146096,0
90175,0
142924,0
83037,0
121520,0
117678,0
54956,0
130566,0
27540,1
93497,0
270,1
133548,0
109292,0
40514,1
34641,1
70074,0
142499,0
119002,0
9276,1
37966,1
64904,0
74743,0
89686,0
80998,0
119417,0
27716,1
6680,1
6712,1
59451,0
98140,0
1593,1
12401,1
116088,0
87882,0
112117,0
97701,0
102678,0
127097,0
147762,0
53813,0
21390,1
157226,0
54223,0
53606,0
138513,0
101226,0
121178,0
122727,0
74361,0
57064,0
123586,0
91084,0
3103,1
87661,0
116450,0
13107,1
79359,0
143407,0
149754,0
133044,0
89677,0
159393,0
112558,0
137307,0
88222,0
32097,1
43400,1
109201,0
52506,0
146574,0
105189,0
105339,0
63190,0
50096,0
16061,1
136988,0
62736,0
2909,1
42230,1
150153,0
74922,0
147874,0
48598,0
41760,1
97977,0
136560,0
67222,0
66660,0
77228,0
75974,0
146584,0
111657,0
127551,0
41197,1
26462,1
22299,1
115882,0
126115,0
109039,0
69593,0
67799,0
53885,0
47298,0
145229,0
113911,0
116149,0
133572,0
17450,1
10463,1
118032,0
112081,0
24230,1
15001,1
31104,1
17722,1
81997,0
26100,1
118401,0
57294,0
84463,0
72895,0
90794,0
3799,1
18968,1
21054,1
86368,0
599,1
148649,0
148374,0
27595,1
149689,0
31763,1
8167,1
94055,0
93241,0
48701,0
109255,0
72652,0
124752,0
82075,0
7848,1
35903,1
74351,0
92154,0
55471,0
157995,0
72767,0
67074,0
40595,1
33839,1
141668,0
196,1
152271,0
101356,0
10865,1
280,1
144327,0
55962,0
98895,0
111980,0
22708,1
34227,1
81945,0
130098,0
4933,1
32330,1
5488,1
93598,0
75585,0
47669,0
9939,1
24675,1
17089,1
111275,0
15243,1
79297,0
116031,0
32358,1
39429,1
53282,0
21777,1
113988,0
130111,0
20055,1
11305,1
44189,1
11201,1
102011,0
45541,0
158840,0
141795,0
137227,0
16891,1
32465,1
114771,0
129408,0
104334,0
125508,0
64248,0
85655,0
110700,0
5174,1
71553,0
14219,1
135153,0
149508,0
28324,1
27925,1
104471,0
101611,0
64018,0
14442,1
109744,0
87607,0
116530,0
15592,1
148932,0
99102,0
74990,0
14100,1
64603,0
2552,1
104957,0
15939,1
106114,0
23817,1
58478,0
105160,0
47693,0
107255,0
35798,1
93376,0
97847,0
103637,0
132475,0
10283,1
105207,0
24783,1
158181,0
125814,0
67718,0
103801,0
28279,1
146906,0
17691,1
57189,0
125327,0
47750,0
90253,0
153438,0
43079,1
43972,1
72228,0
20584,1
93981,0
72860,0
5753,1
109642,0
128933,0
111850,0
28382,1
153205,0
1723,1
139610,0
83238,0
113585,0
96059,0
100842,0
84630,0
91146,0
15560,1
117865,0
62109,0
128050,0
101158,0
110864,0
114215,0
28741,1
109552,0
82315,0
108847,0
25303,1
157877,0
23545,1
118051,0
118803,0
125799,0
128139,0
12560,1
118988,0
29155,1
92621,0
120708,0
114121,0
15826,1
59564,0
79680,0
50773,0
79402,0
100892,0
98712,0
104558,0
42891,1
112037,0
43973,1
27877,1
93790,0
45074,1
149906,0
91977,0
131106,0
100823,0
100688,0
125920,0
108295,0
145613,0
99313,0
138332,0
79600,0
38002,1
105356,0
61370,0
91757,0
29043,1
147786,0
127046,0
16618,1
12223,1
120583,0
72618,0
40148,1
129042,0
81093,0
32408,1
125454,0
120131,0
115628,0
31284,1
144027,0
155485,0
97707,0
59905,0
11690,1
81679,0
52748,0
50411,0
102467,0
152501,0
87711,0
56216,0
14659,1
123829,0
76426,0
6420,1
47858,0
87354,0
46673,0
76357,0
110905,0
4792,1
17739,1
97630,0
12574,1
85412,0
146377,0
11105,1
57920,0
149457,0
99726,0
10550,1
57780,0
42659,1
35101,1
107495,0
149008,0
62426,0
126720,0
109767,0
5287,1
142096,0
10834,1
20875,1
124255,0
99454,0
120668,0
136566,0
44016,1
144261,0
158068,0
113129,0
145665,0
78628,0
21996,1
110959,0
124973,0
144211,0
92700,0
3498,1
159166,0
131907,0
106377,0
68976,0
117516,0
81289,0
156638,0
102851,0
111770,0
39373,1
2905,1
19959,1
132261,0
82419,0
51013,0
133526,0
42586,1
127503,0
74866,0
149586,0
94118,0
120860,0
121385,0
43554,1
69990,0
122083,0
145617,0
131413,0
99660,0
62984,0
94294,0
22376,1
90515,0
133504,0
23348,1
18118,1
65648,0
69972,0
43705,1
61328,0
151220,0
125935,0
131216,0
152117,0
144992,0
128169,0
112427,0
127888,0
91423,0
105228,0
125462,0
49243,0
59365,0
83710,0
124342,0
104181,0
85971,0
10498,1
15048,1
20656,1
56630,0
117871,0
122269,0
105433,0
71245,0
26485,1
113042,0
88959,0
9577,1
67161,0
141641,0
66541,0
47181,0
112893,0
23341,1
131020,0
44614,1
49146,0
13915,1
16899,1
1619,1
23641,1
158006,0
48428,0
63616,0
102404,0
41173,1
135044,0
118500,0
148894,0
123462,0
70862,0
6725,1
140937,0
49187,0
145145,0
419,1
23926,1
76276,0
53500,0
95935,0
33741,1
21650,1
25203,1
97448,0
71251,0
91802,0
106623,0
131037,0
149100,0
62010,0
24929,1
42422,1
5217,1
73420,0
112604,0
53270,0
42072,1
86032,0
140203,0
97138,0
65227,0
119019,0
46206,0
101106,0
66652,0
37800,1
76431,0
141501,0
91142,0
101461,0
75187,0
9008,1
120336,0
148748,0
84196,0
141216,0
38536,1
143833,0
104415,0
152688,0
95661,0
3597,1
100094,0
560,1
18771,1
151055,0
137788,0
41998,1
82415,0
44830,1
86057,0
64459,0
5360,1
92260,0
100816,0
96545,0
13585,1
107022,0
39357,1
63959,0
74289,0
69209,0
138835,0
155422,0
40061,1
75349,0
38108,1
146056,0
115292,0
23299,1
74196,0
70295,0
86325,0
46437,0
112191,0
64811,0
119396,0
4979,1
37268,1
119553,0
23018,1
63529,0
33065,1
64987,0
136495,0
24840,1
98290,0
74348,0
6468,1
143533,0
149381,0
104920,0
20372,1
86863,0
47100,0
74251,0
14089,1
49272,0
39200,1
102434,0
85579,0
151700,0
128347,0
22916,1
38983,1
58094,0
151665,0
143156,0
58662,0
19905,1
105210,0
24103,1
150358,0
110186,0
87971,0
29142,1
57331,0
112304,0
145363,0
130585,0
2206,1
182,1
26508,1
102663,0
53254,0
32672,1
154882,0
78989,0
31526,1
79963,0
76773,0
79557,0
118902,0
53516,0
55874,0
17447,1
57863,0
4391,1
65535,0
46804,0
98069,0
21826,1
89982,0
38386,1
41541,1
44428,1
137648,0
13183,1
134841,0
25449,1
117107,0
102214,0
67096,0
112302,0
150558,0
68541,0
155177,0
6681,1
88873,0
42273,1
79473,0
50263,0
107609,0
22822,1
15289,1
137766,0
91181,0
33586,1
100682,0
43232,1
145958,0
67230,0
66520,0
126120,0
141715,0
150828,0
20322,1
141950,0
29527,1
106954,0
102800,0
59361,0
78275,0
64853,0
91286,0
81958,0
87640,0
135181,0
14127,1
138276,0
136595,0
146369,0
94462,0
52608,0
8148,1
105059,0
25860,1
17295,1
108738,0
91645,0
59946,0
14757,1
116379,0
148624,0
96720,0
126540,0
56061,0
99445,0
1411,1
72079,0
108213,0
32377,1
9257,1
114524,0
128209,0
128469,0
69980,0
234,1
142262,0
897,1
5856,1
137968,0
23369,1
139010,0
53644,0
99566,0
113392,0
36291,1
48666,0
72281,0
101354,0
119462,0
64844,0
65331,0
5855,1
8254,1
32751,1
11850,1
98932,0
103815,0
56989,0
145694,0
31286,1
88332,0
123715,0
105362,0
40106,1
69380,0
72590,0
49329,0
27476,1
51821,0
147971,0
103634,0
121330,0
30321,1
54171,0
25707,1
3242,1
89923,0
21601,1
86346,0
105980,0
74536,0
10219,1
48761,0
52603,0
57114,0
85361,0
4635,1
138083,0
154328,0
17148,1
112171,0
107380,0
79878,0
107146,0
153670,0
24488,1
2082,1
17977,1
90155,0
120242,0
66526,0
142182,0
151730,0
107652,0
37779,1
105262,0
136223,0
153850,0
69856,0
152966,0
129886,0
47167,0
100427,0
20608,1
94909,0
54975,0
116711,0
124533,0
74601,0
67479,0
30939,1
145765,0
68269,0
142052,0
68166,0
115483,0
97316,0
30417,1
133952,0
113730,0
52241,0
39726,1
93896,0
96024,0
76949,0
101634,0
12117,1
136552,0
55981,0
20747,1
124190,0
94561,0
101048,0
154123,0
150801,0
83666,0
150741,0
153239,0
35598,1
5182,1
33084,1
82791,0
90290,0
70104,0
67445,0
35787,1
73641,0
3170,1
45011,1
101492,0
92618,0
134988,0
39402,1
39283,1
61379,0
32528,1
47901,0
23752,1
110331,0
84828,0
52448,0
46463,0
110745,0
153641,0
40516,1
139009,0
131002,0
65265,0
118139,0
148580,0
121217,0
65784,0
159730,0
102718,0
92740,0
141986,0
128501,0
48500,0
37740,1
19644,1
118510,0
46446,0
133215,0
125233,0
84363,0
72334,0
109931,0
120355,0
143132,0
82702,0
9723,1
103821,0
137437,0
121366,0
48493,0
50212,0
53184,0
50397,0
38218,1
138557,0
39934,1
69454,0
133275,0
3881,1
33010,1
18760,1
91870,0
7648,1
34557,1
27082,1
55036,0
147838,0
134068,0
151035,0
112359,0
71348,0
97831,0
60088,0
21181,1
85719,0
152308,0
53240,0
69900,0
69501,0
105359,0
108299,0
29386,1
56194,0
112735,0
410,1
156151,0
127109,0
58982,0
1574,1
114797,0
128813,0
159211,0
5803,1
25495,1
140545,0
128218,0
70682,0
77316,0
118036,0
41057,1
146821,0
79127,0
47762,0
87511,0
91182,0
54130,0
42281,1
75444,0
59121,0
40827,1
140508,0
107376,0
46101,0
3801,1
88857,0
100117,0
19215,1
75213,0
41704,1
133085,0
16238,1
74959,0
109797,0
99224,0
116825,0
15447,1
61835,0
97710,0
44946,1
147716,0
112666,0
20753,1
73982,0
159511,0
12332,1
123816,0
46267,0
88091,0
28108,1
18228,1
69728,0
27423,1
84853,0
41499,1
27474,1
66564,0
21646,1
34233,1
132774,0
12680,1
92181,0
82810,0
103325,0
60109,0
152371,0
99022,0
569,1
34497,1
10273,1
134515,0
48858,0
94254,0
99139,0
61950,0
48710,0
34297,1
1125,1
13918,1
71055,0
95097,0
79071,0
72178,0
42566,1
59843,0
151703,0
147108,0
150098,0
132076,0
142897,0
43318,1
92415,0
33996,1
99687,0
66141,0
92582,0
41938,1
42134,1
57478,0
37941,1
46332,0
134864,0
150860,0
59720,0
102695,0
36408,1
157933,0
111123,0
113981,0
151964,0
87017,0
22553,1
116036,0
58002,0
69820,0
122052,0
96576,0
83744,0
18826,1
48773,0
93711,0
150619,0
81978,0
63666,0
4259,1
91294,0
18281,1
30895,1
32730,1
10785,1
87535,0
19533,1
126131,0
121758,0
58102,0
121307,0
110873,0
141909,0
19680,1
5674,1
19317,1
26750,1
94713,0
41440,1
104513,0
147615,0
90897,0
151511,0
52038,0
10565,1
24865,1
40615,1
54054,0
14704,1
25239,1
19706,1
104817,0
134096,0
125305,0
79355,0
99299,0
46042,0
105494,0
6690,1
115515,0
147693,0
23349,1
150360,0
75879,0
130956,0
81580,0
111166,0
81910,0
156006,0
101691,0
129453,0
81922,0
1960,1
97923,0
148948,0
87188,0
84366,0
31205,1
48544,0
67794,0
110170,0
83988,0
86419,0
104170,0
126404,0
133518,0
104823,0
87318,0
101022,0
135783,0
24695,1
60507,0
49458,0
147265,0
46370,0
123279,0
16283,1
158843,0
127930,0
85891,0
10623,1
6514,1
19571,1
93166,0
8198,1
56618,0
136074,0
124225,0
35697,1
20354,1
157259,0
136893,0
101128,0
126578,0
28832,1
14579,1
62894,0
90418,0
32322,1
70861,0
68052,0
72238,0
144011,0
100922,0
127716,0
41996,1
59375,0
156158,0
87031,0
105931,0
132471,0
58049,0
75116,0
8601,1
80144,0
71113,0
158903,0
131205,0
100172,0
34702,1
28355,1
130285,0
17729,1
109278,0
151227,0
22857,1
37322,1
97917,0
16372,1
88102,0
88674,0
9741,1
111258,0
87600,0
116897,0
61740,0
113024,0
156421,0
112676,0
144293,0
52707,0
64393,0
97954,0
90044,0
121537,0
122937,0
68422,0
16659,1
16740,1
146570,0
158376,0
91499,0
138792,0
134154,0
97477,0
142028,0
158373,0
145389,0
14482,1
3828,1
26966,1
150159,0
99184,0
152894,0
158864,0
136298,0
155998,0
12826,1
81994,0
126834,0
123106,0
124310,0
90118,0
31724,1
32182,1
47855,0
122578,0
97713,0
116212,0
41658,1
51771,0
4044,1
15457,1
1350,1
82145,0
115276,0
123685,0
28181,1
35830,1
142296,0
52173,0
95472,0
80454,0
127077,0
57392,0
6729,1
150707,0
80291,0
21307,1
80731,0
148234,0
85624,0
153133,0
120597,0
47963,0
157859,0
156907,0
7134,1
110401,0
147837,0
141217,0
42997,1
43623,1
144182,0
8764,1
101275,0
138301,0
103516,0
82272,0
85134,0
57796,0
47513,0
114453,0
111338,0
85843,0
14423,1
29060,1
150205,0
136353,0
60172,0
21353,1
60314,0
31366,1
137580,0
46493,0
104669,0
2436,1
90135,0
33848,1
129161,0
146305,0
9067,1
141553,0
16026,1
6233,1
131867,0
12843,1
52639,0
14180,1
81650,0
89105,0
146209,0
118601,0
63607,0
20358,1
110464,0
137958,0
74159,0
5165,1
9823,1
117903,0
106728,0
49857,0
46109,0
20379,1
52687,0
58669,0
42910,1
19796,1
34832,1
132928,0
124524,0
153592,0
9384,1
138872,0
51670,0
12978,1
5664,1
84186,0
147197,0
33669,1
128207,0
17310,1
77892,0
111093,0
59502,0
46573,0
115891,0
88635,0
87259,0
66231,0
67902,0
122,1
103194,0
126670,0
141396,0
39819,1
147057,0
16149,1
147401,0
87572,0
136291,0
76755,0
80749,0
106353,0
113526,0
127225,0
94431,0
87404,0
48987,0
125047,0
42272,1
84385,0
14516,1
142474,0
60227,0
44041,1
75323,0
83834,0
87652,0
76253,0
101673,0
91827,0
110684,0
17528,1
52158,0
59353,0
156901,0
149146,0
120912,0
19399,1
67943,0
97065,0
73427,0
157384,0
14002,1
8219,1
156867,0
98920,0
9900,1
48984,0
32281,1
103363,0
79430,0
50055,0
94081,0
24408,1
129429,0
40616,1
101458,0
145789,0
22377,1
36373,1
74098,0
11658,1
32878,1
136990,0
73011,0
55911,0
49454,0
100333,0
15203,1
114293,0
18432,1
138157,0
7470,1
86869,0
158955,0
81907,0
93745,0
39410,1
133490,0
71810,0
19750,1
55764,0
74272,0
7979,1
136707,0
108921,0
77825,0
143061,0
142389,0
60451,0
63636,0
104325,0
26118,1
43719,1
125448,0
23863,1
125341,0
137900,0
89740,0
33116,1
108380,0
139572,0
112820,0
41225,1
64057,0
35718,1
150538,0
119107,0
141699,0
22772,1
15732,1
125707,0
53368,0
79138,0
119050,0
140005,0
108626,0
151184,0
61174,0
56627,0
4867,1
90160,0
8384,1
74122,0
67462,0
142071,0
140846,0
20439,1
158953,0
63965,0
28393,1
78127,0
93756,0
146659,0
22743,1
112512,0
101462,0
36144,1
27485,1
27812,1
134454,0
116888,0
126064,0
34159,1
85095,0
35012,1
56600,0
101010,0
158860,0
74036,0
47849,0
37801,1
102714,0
74144,0
100974,0
23337,1
15504,1
115036,0
61781,0
102295,0
20170,1
18550,1
62747,0
105655,0
117293,0
112739,0
117628,0
130291,0
109626,0
118955,0
108419,0
74694,0
52992,0
139743,0
98293,0
159741,0
60585,0
36032,1
116389,0
95859,0
155636,0
26149,1
111038,0
25914,1
43859,1
72006,0
65003,0
85756,0
153040,0
31987,1
56877,0
99235,0
145365,0
25274,1
142766,0
55904,0
19612,1
23653,1
37541,1
96695,0
136317,0
134613,0
147986,0
111861,0
62587,0
73440,0
85127,0
125016,0
29364,1
86020,0
64023,0
51950,0
77375,0
84150,0
98121,0
147086,0
104896,0
60498,0
23455,1
150273,0
7987,1
75618,0
125676,0
50147,0
126941,0
41904,1
105417,0
48285,0
94463,0
77612,0
46904,0
54736,0
26826,1
118905,0
34515,1
77959,0
50858,0
105767,0
3710,1
150210,0
64677,0
35711,1
72188,0
80695,0
22422,1
124531,0
61766,0
80657,0
148313,0
35226,1
46276,0
30802,1
87057,0
66585,0
159539,0
157466,0
95016,0
65914,0
112314,0
146632,0
80608,0
77509,0
146704,0
31250,1
69484,0
43939,1
133335,0
123743,0
100113,0
105371,0
4124,1
90645,0
89732,0
58610,0
17813,1
29111,1
55170,0
88849,0
79943,0
35899,1
71156,0
91284,0
156230,0
52536,0
131688,0
118474,0
119849,0
5465,1
4841,1
69597,0
64146,0
85424,0
73044,0
33021,1
57994,0
57639,0
19083,1
16679,1
41688,1
102278,0
45176,0
135023,0
45910,0
51710,0
100037,0
105367,0
17744,1
48698,0
134526,0
57794,0
86884,0
10725,1
30572,1
48977,0
150578,0
138330,0
68689,0
67807,0
5622,1
27463,1
142468,0
36813,1
30088,1
147595,0
45618,0
148223,0
67207,0
138531,0
22479,1
128432,0
139255,0
110610,0
20590,1
24164,1
76691,0
79372,0
120990,0
89359,0
51899,0
21547,1
38543,1
34171,1
70875,0
51804,0
109095,0
5254,1
70825,0
96876,0
1930,1
74426,0
126246,0
116086,0
20339,1
14033,1
126620,0
41514,1
158593,0
49366,0
141401,0
93526,0
21796,1
107948,0
82624,0
14678,1
49533,0
94936,0
156376,0
146417,0
117626,0
59638,0
106558,0
121342,0
47575,0
81298,0
136,1
24692,1
10369,1
43839,1
94225,0
132134,0
40200,1
49124,0
24773,1
71298,0
74549,0
94554,0
99103,0
41623,1
65386,0
137196,0
104780,0
33841,1
118052,0
8278,1
49397,0
26079,1
92998,0
17955,1
147091,0
29833,1
18382,1
43113,1
152449,0
146742,0
12844,1
149144,0
98853,0
137567,0
59034,0
65182,0
85628,0
141003,0
88244,0
156709,0
43351,1
126128,0
76819,0
78140,0
70016,0
146852,0
123411,0
78271,0
142550,0
122667,0
92106,0
55794,0
30414,1
8319,1
142149,0
109093,0
61754,0
119900,0
114999,0
9602,1
48864,0
34519,1
136635,0
61002,0
94301,0
58316,0
157672,0
81480,0
87131,0
121070,0
10328,1
48031,0
30207,1
133295,0
2162,1
40303,1
50125,0
141087,0
65208,0
4596,1
134691,0
142164,0
69049,0
46061,0
127848,0
87850,0
126531,0
84701,0
69363,0
96422,0
44895,1
65495,0
120642,0
32049,1
104795,0
157492,0
150817,0
6634,1
46990,0
72241,0
85836,0
12216,1
86265,0
134329,0
125361,0
61836,0
118756,0
69424,0
93206,0
50946,0
42787,1
646,1
41914,1
99207,0
33333,1
13520,1
40584,1
59609,0
154088,0
150101,0
2134,1
42453,1
116445,0
91784,0
103038,0
123153,0
58007,0
56123,0
129669,0
138181,0
14283,1
69945,0
88913,0
67545,0
73824,0
60572,0
34799,1
100701,0
78637,0
136159,0
45786,0
143564,0
53036,0
93752,0
29624,1
135367,0
92639,0
48405,0
100220,0
115443,0
7832,1
63612,0
92332,0
69117,0
155744,0
118555,0
1596,1
29510,1
35783,1
155911,0
156688,0
54336,0
23157,1
59043,0
88212,0
72800,0
29918,1
42161,1
79039,0
95670,0
26160,1
42828,1
79099,0
47832,0
25014,1
29054,1
85413,0
110435,0
89097,0
11635,1
91162,0
28253,1
47017,0
45311,0
113139,0
9374,1
97346,0
27043,1
4453,1
83124,0
40438,1
40830,1
30028,1
152158,0
15953,1
20783,1
90699,0
122683,0
109350,0
91066,0
132601,0
14431,1
38330,1
125626,0
126423,0
51113,0
50569,0
2067,1
42135,1
3786,1
30035,1
34430,1
79856,0
44085,1
135805,0
138714,0
141729,0
111262,0
6025,1
151353,0
126009,0
7980,1
140167,0
57836,0
8649,1
116498,0
121727,0
4483,1
137279,0
45267,0
84860,0
102598,0
15778,1
125648,0
89086,0
20038,1
100246,0
77777,0
98816,0
81426,0
3643,1
119265,0
62019,0
87668,0
14364,1
77541,0
92138,0
91299,0
86464,0
51966,0
39420,1
127333,0
48164,0
157144,0
113795,0
7886,1
151915,0
61422,0
64533,0
61833,0
12385,1
45367,0
33533,1
89598,0
89882,0
7510,1
156895,0
76169,0
12268,1
145651,0
63888,0
155717,0
56869,0
104420,0
94303,0
98138,0
149624,0
41347,1
110299,0
61462,0
150622,0
157684,0
52296,0
44290,1
93354,0
63723,0
145751,0
3115,1
107767,0
51149,0
108018,0
93536,0
63226,0
107242,0
37909,1
108218,0
12832,1
36426,1
158119,0
47309,0
97041,0
155079,0
72777,0
134375,0
18796,1
41239,1
121938,0
69562,0
104976,0
39062,1
140417,0
66610,0
31726,1
87675,0
62100,0
73896,0
27625,1
82263,0
86835,0
132484,0
20423,1
62595,0
132046,0
142184,0
150957,0
69160,0
158786,0
49507,0
122558,0
141220,0
69222,0
131610,0
17431,1
79821,0
72536,0
20685,1
21253,1
38069,1
142736,0
104994,0
51615,0
33097,1
31090,1
108664,0
93803,0
121906,0
148291,0
76752,0
136781,0
31241,1
100988,0
44631,1
139556,0
145207,0
132062,0
95353,0
129034,0
125712,0
58385,0
109011,0
96305,0
20890,1
135252,0
96528,0
48596,0
22873,1
70323,0
7345,1
42361,1
12900,1
109636,0
52673,0
82078,0
77120,0
141952,0
4183,1
67054,0
130414,0
87270,0
21783,1
75111,0
73079,0
54586,0
58960,0
124384,0
125187,0
126135,0
55753,0
42479,1
45069,1
140660,0
154898,0
916,1
80465,0
154469,0
109833,0
151652,0
82074,0
103425,0
138172,0
139868,0
158771,0
73171,0
77207,0
141885,0
102476,0
144373,0
11477,1
146843,0
142794,0
56100,0
64917,0
73569,0
1733,1
17830,1
113377,0
142280,0
10727,1
35609,1
117162,0
153150,0
75311,0
31044,1
27243,1
9452,1
15328,1
41730,1
136366,0
33899,1
140006,0
93358,0
62350,0
82260,0
109525,0
17527,1
8683,1
72122,0
106832,0
115100,0
46621,0
97507,0
99849,0
101270,0
93107,0
677,1
58769,0
126800,0
108800,0
138851,0
147303,0
34929,1
62162,0
12457,1
38967,1
12763,1
38774,1
62515,0
4891,1
25653,1
6844,1
137072,0
70210,0
153225,0
114248,0
30481,1
26829,1
74328,0
146337,0
77956,0
83365,0
61932,0
122884,0
51506,0
155727,0
78218,0
94400,0
79490,0
126575,0
156919,0
59114,0
114087,0
7226,1
125649,0
128577,0
151198,0
62166,0
116060,0
124204,0
4756,1
42716,1
39752,1
156,1
86066,0
147881,0
156111,0
118419,0
108775,0
130109,0
43461,1
81858,0
124709,0
137909,0
147366,0
144749,0
7569,1
78979,0
8677,1
94816,0
32598,1
105291,0
24674,1
137552,0
136659,0
49037,0
129937,0
57076,0
144539,0
136281,0
151315,0
9117,1
79413,0
98016,0
27242,1
89578,0
147340,0
50747,0
99514,0
144814,0
3479,1
106997,0
150260,0
107019,0
31529,1
140134,0
67821,0
67850,0
16322,1
68245,0
94847,0
9721,1
94645,0
120878,0
30883,1
117824,0
8420,1
96292,0
61475,0
41534,1
98732,0
115921,0
111812,0
139947,0
10423,1
147066,0
23857,1
131059,0
65228,0
56986,0
63439,0
104632,0
153754,0
49807,0
154175,0
33936,1
56535,0
69399,0
23159,1
107252,0
62311,0
88165,0
51942,0
101878,0
144481,0
8483,1
62761,0
18577,1
25944,1
19738,1
8286,1
82929,0
88179,0
129251,0
134465,0
36790,1
138998,0
36701,1
133165,0
98247,0
126911,0
100476,0
149833,0
108311,0
90161,0
81782,0
139171,0
2870,1
120607,0
127962,0
83680,0
4135,1
79151,0
3233,1
91215,0
98960,0
16560,1
138399,0
29697,1
123668,0
30044,1
118149,0
52483,0
29591,1
77150,0
93021,0
104845,0
69974,0
113338,0
5928,1
100098,0
4229,1
64901,0
119340,0
25812,1
76520,0
15750,1
149726,0
110114,0
94343,0
56015,0
15411,1
18680,1
18791,1
67238,0
87931,0
66272,0
98631,0
91714,0
18465,1
83933,0
6911,1
52827,0
150248,0
59505,0
86222,0
126414,0
11461,1
41,1
120863,0
61479,0
15244,1
46977,0
29481,1
110243,0
4673,1
33676,1
148586,0
118468,0
131937,0
22291,1
33109,1
40455,1
58721,0
74858,0
4367,1
25888,1
158503,0
124870,0
94792,0
62635,0
78656,0
107712,0
39720,1
132039,0
120542,0
155715,0
33989,1
110505,0
125352,0
122637,0
132291,0
89708,0
54462,0
75474,0
145381,0
75720,0
78793,0
130661,0
65305,0
94704,0
14282,1
138902,0
52560,0
73264,0
129763,0
126061,0
9800,1
139209,0
73919,0
96170,0
23569,1
141049,0
74244,0
64178,0
69247,0
42952,1
27398,1
112549,0
26417,1
76116,0
80306,0
115429,0
40732,1
125406,0
84557,0
151210,0
35578,1
72763,0
121226,0
6692,1
87901,0
124171,0
13967,1
119067,0
19081,1
21369,1
156936,0
76395,0
67554,0
126100,0
106190,0
88280,0
155753,0
94205,0
103532,0
143840,0
53216,0
105833,0
78072,0
102852,0
137508,0
47411,0
157364,0
89563,0
103793,0
117090,0
148674,0
72278,0
214,1
80036,0
7716,1
122129,0
61580,0
139018,0
12526,1
17111,1
33900,1
142108,0
116592,0
26630,1
19825,1
140408,0
16999,1
43521,1
57976,0
145405,0
68222,0
137204,0
27239,1
77078,0
40972,1
83159,0
41255,1
104790,0
111866,0
128703,0
120958,0
145777,0
138176,0
96784,0
31813,1
114250,0
68937,0
35483,1
101236,0
142029,0
63413,0
149037,0
88048,0
123394,0
59266,0
83628,0
33464,1
47234,0
93025,0
122157,0
8034,1
5262,1
96973,0
32664,1
71279,0
125835,0
153171,0
60274,0
84971,0
113760,0
42496,1
90144,0
43823,1
50776,0
40614,1
55590,0
115636,0
39834,1
62061,0
107982,0
40851,1
148508,0
121,1
126172,0
50812,0
34771,1
148258,0
134027,0
10688,1
80298,0
30016,1
27862,1
147122,0
116156,0
15120,1
41968,1
90395,0
124265,0
154293,0
109092,0
107030,0
397,1
156854,0
4019,1
48125,0
88633,0
84929,0
9677,1
87069,0
132794,0
79045,0
84323,0
53976,0
25225,1
62958,0
150698,0
130601,0
95977,0
49597,0
37373,1
9223,1
61546,0
4777,1
114431,0
25183,1
61054,0
147823,0
116892,0
123920,0
2221,1
51901,0
41862,1
102845,0
12648,1
156577,0
78380,0
141125,0
157557,0
9376,1
158702,0
146173,0
7172,1
51192,0
95611,0
78067,0
62629,0
110588,0
137817,0
85323,0
144817,0
91233,0
94318,0
123278,0
64038,0
8651,1
54656,0
109127,0
46753,0
35613,1
19048,1
77163,0
139975,0
98064,0
104922,0
152259,0
51161,0
7434,1
55790,0
68349,0
46180,0
148857,0
15962,1
11367,1
82520,0
120054,0
151982,0
121425,0
90210,0
103939,0
149295,0
1912,1
38532,1
69323,0
108243,0
93681,0
38076,1
67852,0
68994,0
46451,0
11752,1
67303,0
157819,0
148595,0
9967,1
30430,1
63823,0
62658,0
77421,0
14120,1
95596,0
141147,0
36243,1
119859,0
158799,0
57594,0
28128,1
120621,0
97222,0
84383,0
83461,0
92217,0
56105,0
1696,1
75608,0
27309,1
18652,1
97771,0
88410,0
137857,0
150999,0
61121,0
35917,1
54636,0
123208,0
59129,0
134023,0
76344,0
116583,0
149299,0
157064,0
48419,0
81692,0
84340,0
103995,0
7324,1
89302,0
5783,1
146475,0
18823,1
156650,0
56686,0
124307,0
79098,0
119837,0
48639,0
129030,0
64840,0
69151,0
83242,0
63961,0
119891,0
18605,1
29221,1
154580,0
33353,1
93626,0
22364,1
57103,0
102631,0
132969,0
126613,0
104166,0
141853,0
104477,0
6765,1
92752,0
55160,0
72885,0
13973,1
18215,1
153311,0
58566,0
32226,1
13916,1
70123,0
155414,0
66705,0
130559,0
158306,0
147225,0
45428,0
55068,0
49921,0
56827,0
141386,0
75203,0
136682,0
146033,0
45446,0
128573,0
120795,0
101635,0
108948,0
96449,0
20984,1
95459,0
16506,1
142855,0
44402,1
141903,0
125497,0
11021,1
144384,0
13974,1
156473,0
115588,0
44725,1
474,1
123596,0
127462,0
67536,0
81444,0
77805,0
24791,1
101797,0
75716,0
22881,1
5485,1
49175,0
147803,0
55338,0
124159,0
109843,0
74801,0
152813,0
8033,1
39223,1
145640,0
62401,0
85391,0
103886,0
42777,1
35592,1
114309,0
62222,0
141060,0
111799,0
5034,1
58277,0
130672,0
150397,0
74907,0
95152,0
96399,0
57790,0
101572,0
153321,0
87247,0
75813,0
129446,0
90153,0
77446,0
18956,1
157761,0
111532,0
48288,0
22220,1
1299,1
150296,0
21312,1
71199,0
21853,1
17865,1
112447,0
100306,0
151309,0
33776,1
128969,0
129870,0
129246,0
70179,0
158146,0
57255,0
133141,0
15190,1
100735,0
103283,0
138086,0
89971,0
120083,0
69529,0
39451,1
149823,0
21460,1
159672,0
17057,1
141915,0
153978,0
138936,0
144171,0
123914,0
37738,1
70429,0
140469,0
151586,0
68802,0
102264,0
129278,0
4614,1
94761,0
128089,0
1226,1
54630,0
127401,0
67143,0
21449,1
6398,1
11298,1
21571,1
95566,0
3755,1
87277,0
37506,1
81794,0
46151,0
92684,0
97356,0
4495,1
62117,0
19212,1
108095,0
72868,0
78132,0
140776,0
55193,0
125039,0
50820,0
12022,1
127030,0
105383,0
57167,0
121154,0
36123,1
75551,0
133082,0
130362,0
51421,0
22154,1
114080,0
42440,1
95951,0
19412,1
16138,1
94002,0
96589,0
77061,0
94369,0
142000,0
106532,0
148418,0
126930,0
69556,0
86965,0
58871,0
140498,0
134952,0
36270,1
88367,0
139444,0
40140,1
134474,0
50942,0
128269,0
19044,1
47840,0
1294,1
157941,0
91186,0
13112,1
66655,0
143991,0
110024,0
47608,0
78093,0
81259,0
39168,1
3686,1
8295,1
25661,1
66350,0
97576,0
18906,1
64498,0
151346,0
32573,1
159624,0
143257,0
151879,0
92718,0
52247,0
101588,0
78780,0
159050,0
152593,0
112838,0
84325,0
94379,0
8642,1
71610,0
86098,0
45944,0
13446,1
105155,0
977,1
124330,0
38887,1
49251,0
33354,1
60066,0
139673,0
80422,0
12869,1
156015,0
71788,0
129434,0
98785,0
76787,0
18820,1
15688,1
143645,0
145570,0
157975,0
12819,1
103655,0
2099,1
151828,0
146682,0
60661,0
37735,1
140771,0
61325,0
57275,0
8518,1
120544,0
6356,1
103094,0
70887,0
130003,0
49503,0
96741,0
148298,0
128883,0
42256,1
92996,0
15,1
132041,0
144722,0
23132,1
145880,0
146892,0
102689,0
625,1
113080,0
100350,0
84263,0
64954,0
73203,0
157690,0
58163,0
5472,1
133411,0
158455,0
48526,0
2742,1
687,1
103468,0
118233,0
8168,1
28602,1
157966,0
142286,0
23087,1
76548,0
82041,0
78819,0
54101,0
63179,0
7193,1
41181,1
101739,0
92561,0
60422,0
135859,0
127820,0
57400,0
114501,0
67671,0
70008,0
114906,0
71092,0
130548,0
93233,0
131372,0
149540,0
43325,1
42547,1
123429,0
75750,0
125826,0
150095,0
96943,0
96496,0
108776,0
59826,0
70333,0
76358,0
135984,0
138540,0
103166,0
104932,0
106016,0
123277,0
103016,0
99343,0
12967,1
88449,0
159671,0
17589,1
102268,0
40036,1
95108,0
138043,0
87175,0
34503,1
137084,0
66781,0
94020,0
79523,0
43140,1
45682,0
78849,0
155562,0
93145,0
67998,0
26619,1
128851,0
96719,0
14598,1
10364,1
57329,0
64243,0
137700,0
46955,0
77195,0
153422,0
100698,0
90733,0
157399,0
72174,0
150109,0
29599,1
23024,1
105115,0
34886,1
92291,0
55832,0
39186,1
127620,0
51809,0
154109,0
53394,0
48213,0
2954,1
41872,1
77410,0
131143,0
13327,1
145496,0
65986,0
11808,1
113370,0
94113,0
89601,0
17668,1
147654,0
43165,1
25517,1
17645,1
106500,0
102328,0
58534,0
40628,1
74750,0
19259,1
101915,0
154382,0
35972,1
105092,0
44291,1
101201,0
29099,1
42658,1
62910,0
1259,1
78966,0
117026,0
73003,0
156229,0
139474,0
156254,0
144834,0
4658,1
104378,0
20784,1
86272,0
16997,1
153226,0
21328,1
109299,0
156465,0
102892,0
158703,0
97351,0
129378,0
1548,1
34901,1
73496,0
98335,0
17756,1
30942,1
93091,0
10422,1
29852,1
111856,0
82210,0
24825,1
136450,0
113007,0
34741,1
4973,1
85531,0
107715,0
4731,1
80399,0
9308,1
2785,1
109735,0
117147,0
95637,0
29894,1
19178,1
118753,0
71271,0
27685,1
8470,1
144614,0
122689,0
35195,1
185,1
50692,0
42442,1
158825,0
64165,0
106412,0
101965,0
74382,0
141327,0
79530,0
54195,0
110098,0
16037,1
69177,0
44039,1
51675,0
99880,0
20195,1
27322,1
78037,0
100299,0
135254,0
142680,0
144875,0
122844,0
64286,0
151258,0
100394,0
48079,0
63987,0
21648,1
17342,1
137350,0
40565,1
152834,0
134093,0
56379,0
59769,0
14160,1
35310,1
118196,0
68812,0
24517,1
36436,1
122402,0
137197,0
78677,0
14030,1
109967,0
72884,0
48205,0
85738,0
91578,0
138929,0
106664,0
55891,0
25935,1
147502,0
109371,0
22575,1
139504,0
68826,0
118999,0
70840,0
71409,0
97627,0
158806,0
82718,0
51890,0
65668,0
22520,1
108826,0
62453,0
112269,0
43849,1
68743,0
47270,0
23866,1
39931,1
115389,0
36574,1
154671,0
118676,0
79974,0
69833,0
156314,0
103323,0
62346,0
20870,1
140274,0
68315,0
2655,1
157026,0
32750,1
113451,0
123500,0
5961,1
94853,0
123614,0
49530,0
65968,0
26561,1
32804,1
71439,0
103125,0
83326,0
96769,0
140184,0
122589,0
104851,0
98344,0
46004,0
52894,0
62501,0
97027,0
23798,1
121222,0
61709,0
88860,0
13501,1
73665,0
155702,0
95809,0
126151,0
125113,0
153120,0
70628,0
71706,0
31005,1
77776,0
11586,1
99,1
113853,0
65791,0
92829,0
48635,0
124555,0
142689,0
17920,1
158819,0
143498,0
141477,0
123896,0
34565,1
132164,0
47273,0
102589,0
20720,1
68318,0
4446,1
93037,0
66696,0
86203,0
152448,0
35545,1
135941,0
151803,0
47141,0
145862,0
67076,0
25287,1
137603,0
124453,0
40655,1
77385,0
134996,0
75436,0
21944,1
10089,1
19235,1
121392,0
82771,0
84909,0
97624,0
91770,0
19153,1
5219,1
24900,1
148352,0
41761,1
141257,0
81626,0
77599,0
43408,1
73296,0
97312,0
146593,0
118365,0
69299,0
144201,0
37173,1
70649,0
108253,0
62138,0
93456,0
101333,0
128080,0
122446,0
38524,1
20972,1
151615,0
61336,0
140838,0
137572,0
149608,0
82759,0
148237,0
54080,0
50666,0
55919,0
13646,1
8873,1
135463,0
91743,0
92934,0
58542,0
115274,0
151289,0
152905,0
3887,1
117551,0
10262,1
149282,0
155413,0
62027,0
80434,0
21230,1
63162,0
10546,1
15609,1
8918,1
28645,1
109692,0
115939,0
124226,0
9829,1
48671,0
24688,1
19542,1
18423,1
72508,0
156580,0
130118,0
132964,0
154248,0
46287,0
76007,0
108157,0
7333,1
19264,1
88017,0
17956,1
53161,0
133743,0
150186,0
58250,0
3927,1
68611,0
7937,1
1624,1
53955,0
159601,0
134566,0
1640,1
142630,0
11411,1
69294,0
97586,0
79379,0
137882,0
146699,0
70488,0
33733,1
33556,1
33426,1
154809,0
119746,0
156375,0
76738,0
3832,1
89243,0
119305,0
22490,1
125593,0
60013,0
144524,0
127491,0
59613,0
123127,0
134839,0
116290,0
150317,0
158223,0
34198,1
154837,0
48490,0
52061,0
134240,0
81183,0
87343,0
31622,1
89903,0
102923,0
76625,0
64202,0
86290,0
97250,0
93464,0
41068,1
27929,1
20661,1
30458,1
15857,1
52155,0
33914,1
95760,0
106791,0
27417,1
10511,1
134690,0
82269,0
112165,0
116044,0
127510,0
94987,0
68807,0
150090,0
63837,0
159473,0
65290,0
114961,0
109793,0
5844,1
121796,0
54666,0
103232,0
50220,0
86413,0
142079,0
38754,1
60984,0
140090,0
53947,0
84018,0
157632,0
131120,0
117004,0
125262,0
48475,0
77023,0
79225,0
20760,1
90311,0
75479,0
75596,0
131753,0
155736,0
153979,0
67460,0
110297,0
140092,0
137097,0
7572,1
152006,0
158343,0
155860,0
59574,0
15467,1
127796,0
59150,0
27890,1
117488,0
44250,1
143632,0
148599,0
95665,0
93975,0
138315,0
70126,0
97579,0
21041,1
18679,1
156220,0
43050,1
31060,1
79229,0
30662,1
130656,0
92607,0
6524,1
5564,1
117958,0
132646,0
92801,0
39010,1
62574,0
61146,0
8998,1
80238,0
157932,0
12749,1
89332,0
151025,0
129882,0
57330,0
41477,1
47850,0
55909,0
48528,0
29262,1
124210,0
159589,0
109559,0
94799,0
99069,0
75070,0
142964,0
132043,0
98671,0
45224,0
30615,1
137343,0
146520,0
138686,0
24168,1
81583,0
137154,0
127149,0
6293,1
34413,1
105868,0
59793,0
109217,0
148899,0
5140,1
70199,0
17666,1
54131,0
139123,0
54343,0
61456,0
114891,0
37274,1
4330,1
73705,0
10192,1
158333,0
9737,1
35314,1
59549,0
147564,0
107130,0
100258,0
84612,0
5039,1
121848,0
88596,0
2602,1
23517,1
62102,0
63657,0
39776,1
73957,0
154494,0
36465,1
159361,0
81264,0
100590,0
8101,1
98758,0
62923,0
45500,0
76409,0
25625,1
77151,0
134140,0
112847,0
100977,0
37642,1
17015,1
76654,0
41018,1
1210,1
24079,1
86947,0
127633,0
129717,0
41336,1
104087,0
59631,0
2453,1
12524,1
36948,1
147384,0
129992,0
53637,0
123778,0
46572,0
155764,0
68655,0
79331,0
20881,1
127518,0
145731,0
32510,1
115952,0
119774,0
4415,1
11880,1
122151,0
33724,1
133060,0
148918,0
61743,0
13246,1
130735,0
40412,1
6172,1
41190,1
59734,0
14154,1
58847,0
8899,1
60062,0
27173,1
158708,0
4882,1
141695,0
128711,0
116759,0
61747,0
13369,1
158247,0
155012,0
51250,0
141439,0
34885,1
139882,0
42879,1
156511,0
156499,0
61358,0
51630,0
30903,1
132308,0
114113,0
88153,0
157613,0
121856,0
115422,0
35297,1
101076,0
143374,0
26452,1
152947,0
62390,0
51811,0
45046,1
30040,1
83053,0
75119,0
70098,0
40564,1
141745,0
71607,0
41644,1
136485,0
136638,0
23367,1
133808,0
87952,0
81860,0
117526,0
14805,1
131524,0
61736,0
99400,0
75060,0
102861,0
756,1
73897,0
122474,0
1437,1
147835,0
4811,1
69965,0
150344,0
56193,0
131249,0
67822,0
140140,0
7845,1
97403,0
96977,0
57177,0
128176,0
38249,1
7970,1
92697,0
159003,0
12394,1
141666,0
55647,0
52613,0
107865,0
142745,0
7436,1
95408,0
156803,0
133829,0
32458,1
68485,0
38561,1
136685,0
85629,0
93068,0
116931,0
10108,1
70574,0
129506,0
76958,0
25300,1
106740,0
85552,0
110225,0
59716,0
122810,0
128405,0
138211,0
12137,1
128578,0
61365,0
95285,0
116814,0
103818,0
143606,0
106348,0
9783,1
9183,1
146729,0
35619,1
39463,1
344,1
23819,1
59167,0
119802,0
64358,0
17319,1
148105,0
145260,0
97601,0
76423,0
80383,0
34429,1
85616,0
114477,0
113958,0
75032,0
19170,1
87040,0
54856,0
137306,0
157047,0
73545,0
22121,1
76416,0
147008,0
38313,1
110804,0
13700,1
143155,0
22119,1
76326,0
63353,0
141988,0
32178,1
54544,0
147608,0
35848,1
153586,0
112546,0
108145,0
121810,0
10581,1
72547,0
121148,0
107784,0
46601,0
55284,0
77038,0
26780,1
159103,0
29744,1
1910,1
21463,1
32299,1
129207,0
128071,0
152396,0
4013,1
77339,0
9731,1
40387,1
132887,0
64281,0
42895,1
109065,0
123204,0
118023,0
3138,1
84527,0
3721,1
109830,0
28464,1
106696,0
154522,0
27981,1
102571,0
61000,0
127517,0
7967,1
93457,0
61172,0
53235,0
36090,1
38640,1
136466,0
67624,0
96236,0
74290,0
128072,0
12840,1
150667,0
159549,0
134104,0
40403,1
109855,0
49250,0
97602,0
103520,0
89181,0
65412,0
33165,1
157834,0
80131,0
109926,0
51401,0
63844,0
17925,1
106491,0
48403,0
34173,1
36131,1
153905,0
144732,0
57481,0
120342,0
139101,0
68645,0
45889,0
124818,0
91945,0
79014,0
115013,0
111511,0
103609,0
151233,0
134514,0
148420,0
132719,0
130213,0
117210,0
133769,0
116700,0
14504,1
12164,1
975,1
11906,1
124496,0
141918,0
131121,0
73549,0
37055,1
98036,0
61777,0
109831,0
33606,1
88856,0
150369,0
99565,0
16362,1
96374,0
100832,0
43615,1
1776,1
120469,0
24921,1
148041,0
147414,0
102953,0
466,1
35816,1
110188,0
23084,1
29888,1
20913,1
112883,0
19817,1
133726,0
119476,0
100635,0
54267,0
6796,1
88624,0
227,1
118236,0
146347,0
84454,0
71870,0
78779,0
136680,0
74782,0
21888,1
107174,0
38156,1
155316,0
150902,0
41926,1
89619,0
94976,0
83086,0
61683,0
142739,0
140922,0
79890,0
136582,0
114594,0
131262,0
32747,1
100658,0
51243,0
131186,0
98240,0
98486,0
9718,1
58625,0
138359,0
5977,1
89715,0
91932,0
57136,0
85321,0
11030,1
147733,0
138401,0
49143,0
116858,0
6278,1
66138,0
139007,0
152542,0
11096,1
63235,0
136468,0
5705,1
141971,0
98354,0
64594,0
98516,0
1965,1
4771,1
91587,0
25019,1
19039,1
74412,0
23814,1
92980,0
48964,0
48473,0
158015,0
121772,0
106716,0
130180,0
49778,0
38848,1
116163,0
18666,1
9572,1
135925,0
140913,0
100362,0
4086,1
106029,0
15491,1
153722,0
78729,0
72844,0
31700,1
91688,0
140525,0
64054,0
5228,1
81656,0
48024,0
147507,0
9895,1
37108,1
88956,0
11447,1
66386,0
100283,0
47338,0
91052,0
53749,0
65918,0
150252,0
121699,0
40986,1
48006,0
7087,1
52705,0
47103,0
97638,0
132593,0
60664,0
152990,0
121212,0
130731,0
117118,0
60388,0
108483,0
37576,1
122297,0
93282,0
117616,0
28182,1
31469,1
21394,1
18721,1
103165,0
53559,0
38929,1
55733,0
44383,1
149297,0
138641,0
117279,0
116558,0
123651,0
72306,0
33542,1
129917,0
24728,1
66328,0
52954,0
40475,1
20211,1
75732,0
40246,1
78743,0
72551,0
105368,0
70334,0
50462,0
112655,0
121220,0
96253,0
106361,0
25774,1
89411,0
70730,0
112397,0
24482,1
113428,0
102396,0
24748,1
115049,0
25630,1
110323,0
117150,0
97960,0
6316,1
107511,0
132915,0
24039,1
146613,0
19754,1
41807,1
121849,0
35836,1
96788,0
138799,0
111757,0
4738,1
116715,0
74561,0
64214,0
78432,0
16039,1
34148,1
52756,0
60060,0
103044,0
37793,1
12443,1
40457,1
17571,1
142506,0
64912,0
58640,0
153054,0
129425,0
112017,0
136387,0
64551,0
17404,1
148415,0
51560,0
145575,0
150061,0
95468,0
78884,0
87984,0
119953,0
94758,0
125476,0
77164,0
149438,0
69372,0
141355,0
68338,0
102326,0
22123,1
154581,0
86130,0
36869,1
95993,0
70705,0
38194,1
44881,1
98836,0
84789,0
29185,1
39718,1
111155,0
130988,0
112476,0
140139,0
80056,0
129020,0
98193,0
115129,0
84847,0
20219,1
101637,0
125859,0
41875,1
43842,1
82002,0
37128,1
724,1
156953,0
141862,0
116593,0
146783,0
39461,1
159326,0
113782,0
152152,0
138296,0
108048,0
12862,1
15352,1
37943,1
71824,0
47230,0
102859,0
74372,0
127165,0
5732,1
84798,0
48819,0
108372,0
85850,0
51235,0
54439,0
121071,0
44177,1
65613,0
150277,0
144010,0
128453,0
53847,0
33239,1
59928,0
9866,1
145808,0
131230,0
57288,0
23263,1
60291,0
69186,0
141020,0
23611,1
69466,0
150400,0
56490,0
121401,0
34157,1
31477,1
107804,0
86647,0
118121,0
69471,0
150410,0
66364,0
153386,0
51657,0
110202,0
82301,0
151635,0
146057,0
159612,0
12367,1
38046,1
38942,1
139251,0
2722,1
48333,0
126866,0
72712,0
101900,0
3044,1
118448,0
127497,0
122768,0
53097,0
37585,1
122853,0
64516,0
140657,0
146840,0
67501,0
144662,0
111107,0
44653,1
48306,0
5431,1
77500,0
25073,1
57328,0
149455,0
140190,0
147285,0
49698,0
5156,1
131393,0
152738,0
13277,1
122782,0
115918,0
147002,0
154259,0
126505,0
112513,0
143176,0
33479,1
111986,0
62699,0
115666,0
109435,0
68930,0
64823,0
82594,0
13004,1
148828,0
49353,0
50495,0
131596,0
5188,1
135640,0
81025,0
84484,0
77768,0
65423,0
51110,0
3270,1
105707,0
75074,0
133695,0
31753,1
107666,0
29331,1
101394,0
59387,0
115582,0
82551,0
57497,0
38192,1
144799,0
52426,0
146463,0
2401,1
123334,0
34294,1
33508,1
23312,1
41529,1
69726,0
7570,1
67571,0
34243,1
28614,1
65391,0
114762,0
11631,1
13218,1
96245,0
44067,1
62491,0
128301,0
144844,0
104503,0
66277,0
115342,0
34517,1
120862,0
113500,0
143906,0
82387,0
44493,1
138334,0
112551,0
78473,0
117230,0
53518,0
143430,0
131102,0
63449,0
140778,0
1284,1
9914,1
94349,0
21623,1
92194,0
133721,0
61519,0
24014,1
133877,0
103771,0
136334,0
2357,1
87599,0
78020,0
38620,1
120068,0
90258,0
89103,0
143593,0
85440,0
8442,1
135928,0
71860,0
34776,1
76132,0
84267,0
57496,0
94728,0
120831,0
44755,1
99349,0
75118,0
45829,0
12585,1
91505,0
41156,1
143644,0
145901,0
9205,1
83870,0
136477,0
54121,0
118460,0
17407,1
99729,0
9201,1
88265,0
35747,1
137582,0
34944,1
101891,0
145621,0
92281,0
82955,0
158496,0
30187,1
13335,1
12241,1
101253,0
40839,1
150318,0
9810,1
153078,0
22049,1
77773,0
58065,0
93709,0
31378,1
55345,0
63433,0
151578,0
9702,1
86683,0
97381,0
135036,0
82858,0
108637,0
120838,0
139316,0
24673,1
55802,0
140366,0
94813,0
74131,0
121402,0
144061,0
28320,1
152872,0
155412,0
7348,1
30341,1
128373,0
20426,1
121088,0
96150,0
25518,1
128494,0
147516,0
132842,0
128219,0
120470,0
144286,0
91712,0
159732,0
123961,0
86441,0
73083,0
39535,1
91741,0
83679,0
131548,0
103787,0
123336,0
40741,1
139235,0
86538,0
146580,0
55505,0
119794,0
43708,1
7313,1
35738,1
21523,1
34609,1
99038,0
52254,0
84416,0
26249,1
106273,0
39176,1
90192,0
55179,0
4459,1
139888,0
27508,1
156656,0
92424,0
144334,0
140238,0
47025,0
26387,1
38950,1
144194,0
138398,0
955,1
159358,0
137578,0
1251,1
85693,0
110136,0
142426,0
158159,0
10772,1
158288,0
94613,0
45357,0
86490,0
157286,0
85746,0
6558,1
7775,1
72161,0
15999,1
22795,1
54886,0
27285,1
50160,0
108848,0
116360,0
22785,1
6784,1
18310,1
12601,1
157646,0
53323,0
34701,1
132748,0
75615,0
89213,0
55025,0
15614,1
51224,0
13510,1
151194,0
50038,0
90310,0
156906,0
38742,1
19726,1
90884,0
47814,0
151150,0
119427,0
56750,0
147369,0
12299,1
13720,1
91265,0
99052,0
115227,0
45571,0
103135,0
683,1
19491,1
116479,0
89067,0
97297,0
62156,0
138614,0
53528,0
54408,0
75252,0
40647,1
26886,1
98718,0
74945,0
126989,0
151868,0
30008,1
78254,0
48912,0
40602,1
148106,0
3769,1
136087,0
107285,0
17356,1
71393,0
42507,1
38261,1
60562,0
158285,0
1182,1
80163,0
4305,1
22185,1
18972,1
79667,0
73240,0
16704,1
136219,0
57480,0
157287,0
66609,0
15224,1
116179,0
8663,1
145658,0
53717,0
14472,1
152377,0
61805,0
25277,1
89783,0
103877,0
127626,0
15417,1
125993,0
104374,0
123361,0
83410,0
124456,0
134806,0
136186,0
113035,0
95390,0
111843,0
3877,1
105287,0
23346,1
2667,1
75103,0
96614,0
156056,0
24404,1
58098,0
135970,0
66628,0
110315,0
73457,0
142648,0
19047,1
45626,0
37546,1
124645,0
36451,1
128015,0
100852,0
52793,0
50830,0
37742,1
153258,0
51238,0
88278,0
45441,0
122584,0
99717,0
108305,0
87192,0
108429,0
107191,0
12785,1
13586,1
124313,0
25279,1
148504,0
148919,0
95443,0
4834,1
117972,0
121211,0
99669,0
120428,0
71276,0
111916,0
23561,1
141337,0
89160,0
94025,0
59021,0
1242,1
134421,0
105345,0
82827,0
114466,0
147267,0
96194,0
95604,0
114243,0
99913,0
15660,1
108766,0
50414,0
110940,0
95082,0
103472,0
82183,0
149483,0
112605,0
42362,1
93072,0
57870,0
54889,0
85973,0
115043,0
61448,0
127334,0
10782,1
110175,0
12641,1
94735,0
48973,0
125438,0
131573,0
43352,1
100422,0
126685,0
103085,0
9940,1
43067,1
80630,0
75675,0
140891,0
94883,0
38348,1
63504,0
103182,0
20029,1
78394,0
30461,1
51272,0
60683,0
142961,0
102745,0
21039,1
19430,1
154804,0
143531,0
148114,0
150287,0
69498,0
27497,1
28445,1
70145,0
120319,0
90734,0
112755,0
41209,1
5831,1
110878,0
119402,0
139928,0
142273,0
52947,0
72472,0
88630,0
52944,0
76933,0
151788,0
159002,0
26356,1
90348,0
9657,1
11654,1
130148,0
92631,0
153682,0
88733,0
2516,1
87078,0
45208,0
49332,0
153627,0
130606,0
143675,0
137773,0
124404,0
105404,0
74130,0
68918,0
8917,1
123232,0
138084,0
4582,1
96216,0
11735,1
98641,0
536,1
117020,0
64899,0
139649,0
152598,0
20996,1
34081,1
33009,1
134255,0
106702,0
14348,1
128363,0
61426,0
96077,0
78794,0
28196,1
153959,0
154263,0
28675,1
134118,0
150213,0
44262,1
43197,1
44521,1
122500,0
135235,0
28089,1
21818,1
110418,0
65833,0
90657,0
59973,0
14819,1
85001,0
4849,1
128017,0
62201,0
19896,1
30230,1
113781,0
144950,0
44709,1
12769,1
51728,0
5804,1
59488,0
65877,0
6619,1
92364,0
15797,1
119525,0
62521,0
18279,1
145264,0
83291,0
91102,0
74818,0
51923,0
122339,0
142475,0
13826,1
82285,0
102970,0
882,1
136572,0
119105,0
36210,1
104645,0
61097,0
114410,0
140255,0
120382,0
127660,0
54595,0
105112,0
31326,1
22004,1
59343,0
86872,0
125856,0
60213,0
157580,0
141346,0
94776,0
71855,0
15150,1
72091,0
104779,0
122206,0
70117,0
155560,0
4438,1
69161,0
84260,0
18433,1
143788,0
68001,0
140886,0
115009,0
143741,0
76343,0
27071,1
126276,0
41611,1
25531,1
23609,1
124030,0
112365,0
9152,1
8351,1
32965,1
50464,0
149626,0
145544,0
156405,0
16832,1
103508,0
154484,0
65021,0
103752,0
43248,1
122194,0
138505,0
54364,0
69028,0
56278,0
110279,0
125108,0
49465,0
89695,0
149543,0
110761,0
127167,0
94852,0
67426,0
78925,0
103888,0
52680,0
55441,0
119227,0
136780,0
27714,1
34488,1
122864,0
28337,1
152828,0
123516,0
86515,0
131096,0
144348,0
78834,0
38725,1
71456,0
73284,0
72823,0
62057,0
93453,0
97730,0
61532,0
132015,0
43841,1
130001,0
51953,0
126218,0
84804,0
65285,0
51791,0
21680,1
37302,1
69021,0
158675,0
138185,0
100507,0
130400,0
136869,0
54716,0
77637,0
140742,0
147271,0
70585,0
112609,0
32445,1
135667,0
71665,0
26998,1
55912,0
136563,0
29597,1
86499,0
31024,1
80245,0
79565,0
7743,1
127302,0
60532,0
82421,0
119957,0
36888,1
24148,1
68516,0
64695,0
50984,0
63573,0
92313,0
64334,0
41574,1
1719,1
6702,1
124166,0
134766,0
113387,0
22336,1
43309,1
128938,0
155859,0
63839,0
104314,0
142729,0
16466,1
58830,0
46588,0
90156,0
1773,1
9301,1
126599,0
140812,0
117558,0
122278,0
63648,0
113560,0
122171,0
18523,1
1484,1
19214,1
107823,0
99257,0
52601,0
77182,0
14129,1
140592,0
40382,1
25569,1
80433,0
65341,0
92258,0
55336,0
139684,0
110382,0
94129,0
114415,0
66006,0
31274,1
112937,0
53565,0
99477,0
149213,0
40674,1
48026,0
156212,0
150065,0
34525,1
134462,0
128360,0
6235,1
141064,0
106658,0
17501,1
122463,0
38078,1
59744,0
72527,0
48050,0
156925,0
63656,0
150229,0
1789,1
89074,0
60613,0
124843,0
132414,0
57369,0
68312,0
22585,1
55059,0
21252,1
24150,1
32715,1
8030,1
105028,0
155668,0
28006,1
67035,0
18588,1
126469,0
18159,1
111168,0
116417,0
76463,0
14880,1
124722,0
116535,0
62167,0
153664,0
113593,0
60946,0
103679,0
25125,1
42094,1
116428,0
155008,0
10744,1
52239,0
157902,0
96658,0
49182,0
45161,0
98316,0
156466,0
104651,0
28413,1
64444,0
158279,0
57357,0
145728,0
69313,0
76281,0
775,1
157271,0
14469,1
18798,1
24219,1
15748,1
115696,0
68450,0
11234,1
54638,0
23754,1
134587,0
107779,0
145386,0
13952,1
102658,0
45496,0
2671,1
105188,0
112989,0
67814,0
47567,0
10979,1
6877,1
146082,0
118355,0
141982,0
155306,0
46235,0
102041,0
84622,0
12514,1
102489,0
107611,0
45431,0
23553,1
4669,1
99389,0
151561,0
107655,0
65231,0
60340,0
146998,0
82654,0
135464,0
102107,0
5058,1
98414,0
110311,0
38296,1
20132,1
131016,0
17359,1
65079,0
4190,1
96706,0
125165,0
110468,0
82949,0
139259,0
121826,0
82327,0
126858,0
126870,0
113213,0
26014,1
4639,1
49291,0
83306,0
100542,0
139744,0
125847,0
153368,0
104608,0
26011,1
33933,1
128747,0
22607,1
30385,1
69238,0
83488,0
5129,1
71734,0
109113,0
56317,0
121785,0
3889,1
8519,1
93156,0
94748,0
120039,0
99964,0
150116,0
113587,0
103557,0
29943,1
20530,1
127230,0
46625,0
130330,0
2856,1
81349,0
45954,0
43161,1
215,1
53932,0
85521,0
48579,0
107545,0
125084,0
38220,1
59730,0
94993,0
82622,0
22269,1
136581,0
7978,1
149375,0
13736,1
85401,0
96014,0
15369,1
141613,0
137920,0
113431,0
66055,0
143140,0
110370,0
28578,1
12431,1
44464,1
105709,0
6243,1
21457,1
117431,0
97310,0
9978,1
117885,0
18273,1
53082,0
141234,0
14560,1
88629,0
157082,0
150847,0
36122,1
91374,0
33290,1
115986,0
115655,0
101213,0
109590,0
21153,1
99044,0
115249,0
91096,0
61648,0
98538,0
23910,1
32900,1
132465,0
115423,0
106189,0
113238,0
32870,1
14818,1
111930,0
70638,0
147946,0
29881,1
64468,0
156604,0
88987,0
50379,0
10798,1
132132,0
35428,1
103657,0
35898,1
108462,0
46055,0
121905,0
122542,0
128908,0
109004,0
151481,0
7905,1
131335,0
53933,0
65739,0
72200,0
117402,0
38149,1
127729,0
91179,0
128106,0
74080,0
136860,0
154033,0
55175,0
64287,0
121488,0
1235,1
141268,0
144333,0
24638,1
48875,0
25067,1
27265,1
125743,0
85618,0
9860,1
39778,1
25633,1
108404,0
96372,0
52980,0
2654,1
145863,0
51140,0
106754,0
94864,0
46638,0
25211,1
37991,1
89690,0
132893,0
117776,0
105343,0
103291,0
142311,0
45084,0
143601,0
69816,0
3754,1
32605,1
148441,0
91017,0
65263,0
84861,0
124832,0
39300,1
107971,0
16021,1
133399,0
137752,0
81454,0
74672,0
68799,0
5396,1
15127,1
140124,0
109591,0
45610,0
123909,0
56118,0
16390,1
17262,1
46207,0
31928,1
43072,1
113976,0
79983,0
106059,0
23549,1
27711,1
144869,0
25026,1
41715,1
106489,0
97523,0
9739,1
90912,0
26191,1
101947,0
3751,1
27323,1
105643,0
79029,0
91377,0
37993,1
143183,0
70908,0
106021,0
86068,0
89950,0
42091,1
27116,1
111610,0
50649,0
114859,0
21093,1
104078,0
154641,0
93347,0
10662,1
61615,0
74224,0
157505,0
154857,0
155223,0
80438,0
153091,0
152355,0
134718,0
46609,0
71098,0
103401,0
20968,1
26948,1
73945,0
21731,1
48305,0
42464,1
22973,1
121069,0
64094,0
115784,0
134729,0
54981,0
93295,0
139114,0
21351,1
35013,1
138222,0
52381,0
10415,1
132941,0
30403,1
1688,1
68808,0
84026,0
31232,1
54587,0
76828,0
66951,0
34643,1
145387,0
19923,1
53581,0
23785,1
25660,1
130947,0
50532,0
36691,1
5521,1
89633,0
74891,0
131222,0
116619,0
100089,0
22236,1
36202,1
54998,0
49988,0
135022,0
117769,0
154753,0
100557,0
135414,0
58609,0
79660,0
34124,1
15798,1
136597,0
30887,1
94861,0
107295,0
74024,0
9368,1
73548,0
31959,1
65601,0
30180,1
112149,0
120914,0
61044,0
114422,0
154746,0
91280,0
82988,0
80605,0
144956,0
131477,0
60055,0
22285,1
3366,1
67358,0
85382,0
150074,0
107927,0
15759,1
131352,0
43249,1
9752,1
58762,0
4112,1
138623,0
65915,0
47063,0
18042,1
54843,0
108417,0
11753,1
66353,0
14906,1
151830,0
139863,0
25525,1
148090,0
11407,1
3713,1
11893,1
6119,1
107685,0
43884,1
585,1
1755,1
142872,0
72725,0
118408,0
19970,1
134653,0
60950,0
109864,0
103155,0
20148,1
134688,0
38360,1
45307,0
76531,0
78322,0
21028,1
66029,0
4057,1
80482,0
38941,1
100734,0
51896,0
152569,0
61297,0
80444,0
79380,0
22925,1
555,1
95511,0
9566,1
59625,0
103848,0
100936,0
144487,0
82632,0
122346,0
117412,0
144952,0
50193,0
147854,0
71680,0
88068,0
30827,1
60306,0
57696,0
128596,0
136101,0
87562,0
104435,0
92378,0
40987,1
110738,0
27308,1
47227,0
153821,0
116587,0
154879,0
111665,0
115690,0
28700,1
16382,1
99307,0
98132,0
130244,0
52050,0
7154,1
23832,1
27591,1
17367,1
98221,0
15451,1
154298,0
60835,0
44336,1
113060,0
11945,1
40934,1
85972,0
127152,0
155909,0
137689,0
23295,1
72739,0
35038,1
4089,1
112148,0
76027,0
45043,1
115694,0
82326,0
115286,0
81468,0
82850,0
57106,0
156940,0
68007,0
105280,0
108773,0
117174,0
41539,1
66352,0
107729,0
69601,0
72869,0
24089,1
21786,1
46847,0
30211,1
120521,0
6418,1
141492,0
42918,1
36675,1
55539,0
137619,0
91852,0
12592,1
21060,1
142636,0
101538,0
77252,0
40666,1
144478,0
108945,0
38030,1
105284,0
19142,1
55750,0
85260,0
96031,0
131398,0
9529,1
64897,0
39641,1
23757,1
131204,0
45671,0
133252,0
122080,0
145761,0
135974,0
74839,0
59647,0
4329,1
123077,0
136773,0
55260,0
154384,0
98998,0
146414,0
19281,1
64569,0
84319,0
15296,1
102651,0
156852,0
42060,1
149897,0
96596,0
67919,0
16935,1
45459,0
6274,1
124416,0
28414,1
19330,1
103951,0
129648,0
12955,1
40941,1
138944,0
90682,0
150713,0
35922,1
64858,0
73155,0
125082,0
99429,0
17479,1
66265,0
40348,1
69758,0
86823,0
50796,0
27499,1
130137,0
92051,0
39532,1
34004,1
42827,1
141680,0
140224,0
132077,0
63480,0
127532,0
65127,0
87689,0
136425,0
98367,0
133691,0
115361,0
116710,0
135643,0
145822,0
19742,1
143922,0
22940,1
37780,1
15478,1
47914,0
129233,0
89788,0
73555,0
30518,1
128602,0
48312,0
77810,0
97826,0
147406,0
139017,0
107484,0
117572,0
111992,0
135845,0
3884,1
56835,0
23028,1
17173,1
35216,1
146796,0
125653,0
100489,0
111056,0
155870,0
89536,0
8169,1
16370,1
146074,0
45645,0
95745,0
87655,0
145015,0
47157,0
124257,0
53988,0
71943,0
1266,1
50544,0
152827,0
89193,0
147216,0
11990,1
74523,0
120012,0
132,1
146336,0
18356,1
85112,0
137325,0
151456,0
10999,1
143227,0
62280,0
125071,0
58428,0
157208,0
139130,0
91395,0
125346,0
122246,0
125377,0
6860,1
133452,0
139062,0
155405,0
60217,0
121540,0
19960,1
10555,1
20903,1
104031,0
44142,1
91736,0
108934,0
23521,1
145059,0
28530,1
99012,0
20004,1
81095,0
114044,0
99203,0
80715,0
133634,0
58496,0
2036,1
158464,0
155402,0
34324,1
78974,0
151247,0
140760,0
72658,0
33419,1
120383,0
131994,0
67891,0
88003,0
156632,0
135100,0
98033,0
122936,0
109698,0
116045,0
17676,1
115759,0
23751,1
15648,1
86121,0
18176,1
99236,0
57941,0
85126,0
78425,0
104350,0
1903,1
27442,1
117179,0
18559,1
12850,1
42183,1
79912,0
136098,0
45452,0
53902,0
106686,0
57550,0
133788,0
15698,1
6886,1
27220,1
8539,1
77813,0
35289,1
75387,0
84653,0
128986,0
51826,0
137906,0
142562,0
91312,0
77883,0
94045,0
129325,0
42388,1
25351,1
47461,0
123017,0
46183,0
159710,0
59888,0
154508,0
31473,1
23942,1
35723,1
74466,0
7055,1
81559,0
125534,0
154767,0
10036,1
3230,1
16652,1
140533,0
89475,0
39962,1
85534,0
33006,1
27329,1
52755,0
22460,1
39326,1
101197,0
98953,0
140473,0
51794,0
78344,0
58752,0
74139,0
90858,0
91438,0
43613,1
140799,0
53441,0
147176,0
39879,1
52456,0
59868,0
93664,0
56687,0
40618,1
140780,0
13165,1
58045,0
19563,1
145402,0
14490,1
75552,0
150294,0
33646,1
139245,0
74555,0
42803,1
31705,1
57130,0
50202,0
120443,0
120882,0
159468,0
36897,1
159407,0
33643,1
145477,0
28080,1
49025,0
60502,0
132885,0
86420,0
159382,0
108106,0
150656,0
19882,1
32060,1
22835,1
135132,0
35746,1
145412,0
82054,0
29947,1
5288,1
62663,0
97422,0
114230,0
46008,0
25541,1
86157,0
101938,0
70308,0
158090,0
993,1
157953,0
49821,0
147291,0
10574,1
144294,0
35503,1
52271,0
134926,0
144719,0
128687,0
157790,0
28495,1
91079,0
115953,0
6595,1
151067,0
79326,0
149074,0
98517,0
15756,1
102333,0
156802,0
43578,1
71,1
151008,0
151093,0
2629,1
124708,0
126633,0
34956,1
78469,0
147211,0
46791,0
97905,0
129307,0
33440,1
120284,0
71013,0
110933,0
122979,0
38793,1
2796,1
148287,0
41571,1
21349,1
93216,0
19783,1
146421,0
56446,0
94078,0
116757,0
7667,1
73492,0
18023,1
139186,0
94644,0
154977,0
77470,0
69422,0
121731,0
49171,0
89654,0
116096,0
64882,0
63847,0
40347,1
103473,0
29797,1
139911,0
112764,0
6011,1
71666,0
104995,0
102212,0
159650,0
87927,0
137593,0
99448,0
10610,1
152145,0
64874,0
113704,0
40988,1
50440,0
112890,0
98493,0
38641,1
104021,0
100662,0
33897,1
9443,1
7833,1
155533,0
58684,0
31246,1
17037,1
60525,0
20552,1
97660,0
129066,0
107063,0
84276,0
85636,0
152523,0
47433,0
101519,0
36517,1
65838,0
13530,1
119170,0
102239,0
83376,0
96888,0
77194,0
7184,1
151524,0
105927,0
156779,0
98321,0
24362,1
122857,0
132540,0
77861,0
147107,0
110338,0
87613,0
25695,1
100478,0
142250,0
6997,1
70279,0
106413,0
119380,0
56998,0
60941,0
66459,0
74456,0
146464,0
69696,0
58913,0
125867,0
49697,0
21809,1
103817,0
57797,0
110608,0
13518,1
126682,0
153460,0
114684,0
82428,0
135113,0
156540,0
104959,0
94579,0
52599,0
56673,0
41630,1
83621,0
148893,0
41369,1
51407,0
126026,0
116594,0
33521,1
41941,1
62564,0
91895,0
143933,0
94519,0
33670,1
108685,0
84885,0
12351,1
55163,0
148849,0
34745,1
58207,0
63181,0
1375,1
31433,1
125148,0
28045,1
46003,0
10103,1
156067,0
105561,0
19965,1
21785,1
133456,0
17669,1
133147,0
123418,0
153098,0
37246,1
59807,0
138266,0
63289,0
105698,0
98179,0
98118,0
117784,0
114987,0
92259,0
47906,0
37578,1
33801,1
153061,0
104724,0
80190,0
143310,0
39466,1
144764,0
41109,1
30128,1
69953,0
9306,1
25872,1
86613,0
93714,0
12132,1
63082,0
52026,0
33350,1
114443,0
37855,1
109447,0
16090,1
83332,0
43840,1
128656,0
155575,0
108694,0
93264,0
47724,0
134253,0
13384,1
54657,0
92605,0
45060,1
26820,1
112436,0
108946,0
53019,0
12677,1
34325,1
128107,0
71509,0
132413,0
135176,0
56308,0
18127,1
27819,1
128514,0
123378,0
83220,0
100560,0
3406,1
153790,0
142931,0
54291,0
59023,0
71805,0
28749,1
134433,0
14211,1
79859,0
64109,0
24128,1
157585,0
134701,0
122179,0
46694,0
108544,0
79633,0
14723,1
932,1
42815,1
11751,1
47986,0
12046,1
32084,1
116003,0
79959,0
149693,0
130824,0
35408,1
38589,1
133828,0
119688,0
103148,0
88514,0
88643,0
98276,0
49788,0
132959,0
53752,0
73509,0
71202,0
54097,0
155275,0
25570,1
125342,0
153211,0
82195,0
2510,1
143895,0
144186,0
3787,1
39201,1
69405,0
80654,0
9173,1
110789,0
78336,0
80498,0
7926,1
45086,0
92817,0
19400,1
122441,0
281,1
102032,0
10488,1
118176,0
63379,0
55302,0
146007,0
150293,0
4535,1
144581,0
47482,0
137021,0
56449,0
148189,0
67394,0
136312,0
38709,1
53609,0
77943,0
64441,0
83134,0
124964,0
134407,0
69449,0
6823,1
37160,1
89586,0
149832,0
12658,1
42698,1
66312,0
69855,0
49053,0
68607,0
85570,0
1757,1
2753,1
31613,1
64509,0
98850,0
40748,1
116936,0
154567,0
80542,0
1585,1
141891,0
18657,1
136128,0
126008,0
159172,0
33526,1
111509,0
70540,0
151260,0
15052,1
102006,0
22714,1
31157,1
40118,1
31434,1
42967,1
90530,0
41285,1
18056,1
127639,0
92671,0
134914,0
54384,0
37856,1
135939,0
105276,0
101286,0
20026,1
1012,1
90405,0
43725,1
47081,0
130469,0
41720,1
27155,1
68356,0
90213,0
123929,0
143779,0
25021,1
68791,0
33683,1
10747,1
54764,0
67576,0
13618,1
107100,0
104303,0
118986,0
138837,0
138780,0
22108,1
125159,0
80740,0
69060,0
91436,0
143773,0
45017,1
21739,1
61905,0
53168,0
117206,0
80410,0
148459,0
9710,1
131918,0
61915,0
60450,0
97993,0
93275,0
122104,0
37279,1
30711,1
78606,0
90143,0
60018,0
74667,0
67621,0
129306,0
145693,0
100772,0
10957,1
16612,1
98133,0
149433,0
65731,0
151355,0
8770,1
117202,0
94285,0
152565,0
76401,0
157675,0
54176,0
70419,0
26749,1
66559,0
115465,0
9772,1
90666,0
33891,1
132703,0
34969,1
88349,0
28862,1
115669,0
23108,1
96497,0
38312,1
98112,0
102943,0
11024,1
128730,0
150951,0
131928,0
152068,0
117807,0
132351,0
156690,0
63935,0
29547,1
159324,0
97352,0
2244,1
66178,0
48257,0
132482,0
113266,0
63912,0
61447,0
92231,0
98046,0
115353,0
104913,0
62248,0
68216,0
4477,1
136606,0
108914,0
105162,0
113128,0
18600,1
61048,0
76155,0
83248,0
78931,0
86188,0
3045,1
84776,0
32454,1
133818,0
71470,0
60628,0
157653,0
59516,0
17553,1
77458,0
132701,0
51076,0
21825,1
43402,1
54971,0
64095,0
21201,1
72335,0
64339,0
75189,0
68449,0
11565,1
41040,1
5572,1
106713,0
149511,0
88238,0
99871,0
157816,0
13470,1
131159,0
111944,0
122820,0
92375,0
54615,0
25029,1
33228,1
515,1
30153,1
34821,1
89581,0
140914,0
86882,0
18426,1
102679,0
125594,0
135250,0
23897,1
116250,0
82437,0
24635,1
17499,1
129730,0
146616,0
111795,0
16299,1
155746,0
103228,0
22303,1
135663,0
16555,1
54821,0
88750,0
36518,1
92213,0
40753,1
113823,0
153868,0
4822,1
48439,0
24795,1
71508,0
48486,0
125685,0
30791,1
131464,0
153505,0
62111,0
66349,0
145116,0
23636,1
80942,0
139140,0
36797,1
18375,1
92805,0
141912,0
96923,0
139312,0
117484,0
59056,0
21938,1
102997,0
46453,0
141218,0
158371,0
106322,0
147915,0
15112,1
63664,0
137122,0
54038,0
76957,0
61913,0
158749,0
114207,0
113299,0
11670,1
69553,0
78885,0
121955,0
138726,0
136758,0
69087,0
142500,0
25269,1
62284,0
138123,0
30795,1
137801,0
121290,0
110433,0
53028,0
33882,1
18934,1
147431,0
146900,0
105917,0
57124,0
21085,1
15744,1
121360,0
17704,1
69608,0
6121,1
150655,0
148502,0
123346,0
32074,1
131543,0
151816,0
98357,0
140777,0
89851,0
109449,0
153052,0
65074,0
52588,0
3118,1
31882,1
81604,0
158109,0
82493,0
111448,0
84784,0
129822,0
129252,0
133528,0
56192,0
120577,0
89764,0
402,1
108050,0
31685,1
17513,1
114316,0
15316,1
110863,0
155054,0
8743,1
75951,0
142899,0
7665,1
55910,0
121624,0
100603,0
131616,0
14788,1
57685,0
14039,1
95523,0
803,1
145218,0
113708,0
52916,0
42742,1
103589,0
49381,0
116517,0
55591,0
2358,1
74262,0
96566,0
134332,0
83928,0
58264,0
92244,0
107076,0
64740,0
132307,0
112692,0
10465,1
95093,0
148479,0
88788,0
143791,0
44040,1
157726,0
25413,1
3770,1
47460,0
32911,1
53919,0
83671,0
140039,0
149418,0
52294,0
94381,0
108891,0
57972,0
149767,0
104430,0
52525,0
61014,0
75826,0
57010,0
109688,0
141899,0
14396,1
128177,0
105624,0
133438,0
122133,0
76107,0
93562,0
155146,0
154407,0
152441,0
78855,0
101557,0
21972,1
159362,0
74119,0
93333,0
158709,0
70495,0
110294,0
134258,0
79477,0
55878,0
56387,0
121652,0
110158,0
81436,0
125657,0
101977,0
126530,0
108398,0
6994,1
43752,1
89080,0
69130,0
124823,0
66569,0
2338,1
79685,0
130743,0
153757,0
56182,0
87782,0
136565,0
43112,1
112634,0
69073,0
37874,1
95201,0
70070,0
125880,0
45409,0
133492,0
102009,0
93504,0
137151,0
99829,0
56848,0
87762,0
84228,0
74720,0
6667,1
91,1
141004,0
138297,0
102461,0
145064,0
159314,0
66376,0
43514,1
151823,0
72239,0
81552,0
69673,0
85461,0
67818,0
155135,0
145130,0
68614,0
7246,1
115434,0
136775,0
93131,0
29194,1
88789,0
76340,0
109665,0
153279,0
92770,0
83367,0
57203,0
21904,1
55080,0
7778,1
77967,0
104595,0
150449,0
121610,0
136538,0
154008,0
124032,0
130723,0
128311,0
100305,0
5978,1
2490,1
53075,0
126417,0
32045,1
75396,0
100182,0
64568,0
2625,1
133722,0
130545,0
19992,1
100293,0
57988,0
50045,0
74022,0
58176,0
123659,0
23448,1
158265,0
153299,0
62127,0
123754,0
85224,0
111133,0
154223,0
17198,1
7111,1
85667,0
147548,0
142077,0
112336,0
60119,0
145451,0
110699,0
56310,0
60633,0
151169,0
109516,0
39814,1
48640,0
32228,1
54948,0
158620,0
45068,1
78906,0
122514,0
29466,1
83351,0
98312,0
70088,0
64089,0
99855,0
40799,1
8305,1
107270,0
60966,0
78824,0
107793,0
157241,0
112098,0
125231,0
15028,1
18277,1
57421,0
107835,0
97670,0
21265,1
147101,0
66156,0
27820,1
61708,0
95989,0
134551,0
8972,1
157104,0
16598,1
173,1
111053,0
107401,0
122267,0
50068,0
63458,0
59298,0
25523,1
131085,0
24927,1
18607,1
27182,1
36490,1
153967,0
88785,0
37836,1
10777,1
57017,0
142638,0
144865,0
101061,0
23260,1
141048,0
81911,0
43317,1
55573,0
5806,1
95052,0
155543,0
89643,0
110129,0
115114,0
92965,0
21806,1
95295,0
58749,0
10093,1
85881,0
122253,0
124248,0
92326,0
33121,1
39989,1
32036,1
114372,0
69076,0
138572,0
18539,1
120713,0
136576,0
60339,0
53893,0
9044,1
57956,0
72971,0
86689,0
127671,0
44629,1
30664,1
20954,1
108233,0
85712,0
82631,0
29592,1
138626,0
74736,0
126098,0
80487,0
77786,0
18157,1
159746,0
56205,0
110742,0
76449,0
30193,1
70748,0
98609,0
20567,1
139967,0
153105,0
62467,0
17317,1
88236,0
62998,0
149275,0
18751,1
8024,1
139598,0
133878,0
141863,0
72651,0
96005,0
158634,0
117042,0
159783,0
146418,0
20320,1
150751,0
118558,0
3714,1
153290,0
70053,0
94279,0
56853,0
154456,0
45099,0
97067,0
72963,0
146829,0
2178,1
106444,0
48170,0
131852,0
131580,0
108522,0
105376,0
59443,0
12085,1
60369,0
85930,0
119519,0
23109,1
5015,1
108925,0
23700,1
64578,0
38397,1
105462,0
67095,0
102722,0
9933,1
126223,0
20768,1
8572,1
30143,1
26990,1
89603,0
143972,0
6933,1
32054,1
110769,0
127556,0
131737,0
104448,0
61564,0
14357,1
125633,0
56685,0
67782,0
111376,0
130273,0
125344,0
153443,0
115774,0
132696,0
52216,0
6241,1
64,1
105730,0
9905,1
71893,0
2259,1
151833,0
4225,1
38420,1
83935,0
151955,0
34464,1
60408,0
140202,0
54734,0
15452,1
50790,0
77203,0
42522,1
123957,0
37236,1
91302,0
159355,0
148901,0
119936,0
43470,1
82314,0
90163,0
78864,0
52998,0
3970,1
155652,0
108312,0
144449,0
52903,0
139837,0
2598,1
102787,0
107352,0
48458,0
104581,0
73673,0
52063,0
137864,0
23470,1
82942,0
48033,0
151304,0
142094,0
88062,0
127476,0
55757,0
55705,0
85671,0
46897,0
117561,0
66923,0
22658,1
75966,0
62158,0
8866,1
15921,1
150341,0
103506,0
114107,0
143139,0
68527,0
18598,1
37171,1
159762,0
87283,0
415,1
82104,0
109259,0
143259,0
134270,0
111405,0
89523,0
46978,0
152892,0
154668,0
130465,0
59962,0
37101,1
76339,0
119790,0
32000,1
120994,0
153459,0
14876,1
158809,0
96277,0
69448,0
100155,0
75987,0
143392,0
7454,1
143575,0
130804,0
143851,0
110466,0
114070,0
33696,1
116674,0
14232,1
58430,0
31227,1
139449,0
62365,0
85857,0
32707,1
12815,1
128082,0
72414,0
103335,0
41490,1
22691,1
22240,1
124626,0
81933,0
51730,0
157748,0
120886,0
62425,0
15113,1
56801,0
56054,0
79819,0
105685,0
14922,1
12129,1
90540,0
154186,0
134192,0
57559,0
43202,1
149467,0
15599,1
147463,0
11867,1
97952,0
88887,0
7507,1
2711,1
149174,0
71896,0
126700,0
103345,0
155750,0
154823,0
57710,0
17406,1
110342,0
31017,1
78449,0
113005,0
50275,0
91713,0
71575,0
85407,0
10796,1
9026,1
29915,1
88239,0
15349,1
66800,0
71836,0
15789,1
36393,1
75875,0
31908,1
44747,1
148394,0
54215,0
72339,0
50358,0
51183,0
17757,1
132854,0
47920,0
154915,0
122393,0
2482,1
145146,0
116677,0
28302,1
23172,1
18029,1
88649,0
48729,0
127676,0
34953,1
22675,1
110921,0
92228,0
106251,0
153815,0
80115,0
25878,1
78414,0
37088,1
24347,1
22071,1
60833,0
16268,1
21045,1
82986,0
21170,1
133668,0
130985,0
107939,0
149281,0
132525,0
82564,0
19218,1
79644,0
102832,0
81551,0
874,1
2459,1
56018,0
66335,0
134750,0
111192,0
138269,0
93291,0
44413,1
74311,0
133762,0
58808,0
124638,0
6618,1
28894,1
92599,0
71239,0
44051,1
121557,0
80243,0
151872,0
7924,1
136950,0
71674,0
96821,0
63101,0
8094,1
136430,0
129630,0
140758,0
134883,0
17127,1
39149,1
150137,0
81012,0
42844,1
41650,1
125147,0
8787,1
38154,1
123067,0
142075,0
114583,0
41398,1
102896,0
88699,0
99539,0
32164,1
68889,0
76117,0
16215,1
12301,1
105836,0
19816,1
116361,0
72570,0
112679,0
122766,0
85350,0
28473,1
132564,0
5822,1
70433,0
55014,0
35940,1
134125,0
128173,0
108859,0
118102,0
152741,0
124720,0
138912,0
131436,0
67189,0
107516,0
119164,0
62895,0
20667,1
44524,1
120608,0
116168,0
12856,1
141984,0
111754,0
43532,1
94245,0
135855,0
125833,0
57898,0
127945,0
54599,0
76108,0
121597,0
145462,0
86018,0
143655,0
137630,0
50025,0
151595,0
8000,1
90998,0
108941,0
33652,1
148167,0
77264,0
73507,0
141806,0
110765,0
29097,1
4851,1
56787,0
4754,1
17626,1
27495,1
52581,0
14022,1
138011,0
88334,0
10333,1
2111,1
61262,0
101810,0
104086,0
91204,0
134562,0
52720,0
49863,0
23309,1
29614,1
79732,0
52922,0
120756,0
102186,0
144106,0
30752,1
104464,0
153416,0
15460,1
70256,0
45070,1
21870,1
137611,0
53170,0
67679,0
132672,0
351,1
66675,0
65147,0
49496,0
19432,1
1751,1
117600,0
29465,1
6082,1
64044,0
156430,0
27405,1
8643,1
3441,1
40297,1
141318,0
491,1
39224,1
60779,0
120329,0
92170,0
12453,1
59482,0
97979,0
75984,0
139452,0
59397,0
134837,0
22190,1
146766,0
103633,0
72881,0
84892,0
106090,0
150587,0
108089,0
117586,0
91659,0
40828,1
109274,0
11758,1
43173,1
118570,0
9596,1
136586,0
122802,0
66962,0
96920,0
95664,0
102878,0
113972,0
36431,1
5550,1
82772,0
91090,0
46803,0
135752,0
150372,0
95300,0
115130,0
68620,0
23142,1
43577,1
35734,1
114938,0
66813,0
28930,1
8012,1
83633,0
13259,1
6179,1
54925,0
117216,0
64231,0
28218,1
21504,1
66915,0
24550,1
74606,0
61068,0
71793,0
9644,1
16807,1
138096,0
149228,0
55615,0
92297,0
94405,0
88891,0
102930,0
24328,1
43164,1
60074,0
16373,1
134133,0
88560,0
146384,0
4832,1
43218,1
47066,0
11848,1
144833,0
125821,0
156198,0
49006,0
144742,0
56360,0
35951,1
6780,1
150466,0
119425,0
32008,1
70914,0
19255,1
154367,0
94891,0
108335,0
152499,0
146275,0
61658,0
11553,1
112562,0
75948,0
102795,0
147087,0
52865,0
140958,0
24714,1
115247,0
94386,0
151722,0
157380,0
138131,0
152855,0
107317,0
56762,0
10335,1
97242,0
61597,0
120407,0
36175,1
104738,0
60841,0
55079,0
136999,0
16381,1
132714,0
135285,0
141798,0
64348,0
19429,1
42247,1
115800,0
71290,0
125126,0
138064,0
157295,0
122896,0
33352,1
58270,0
54536,0
130828,0
107474,0
25669,1
151125,0
128692,0
102136,0
138037,0
129660,0
126273,0
107725,0
141884,0
103482,0
140802,0
154080,0
81370,0
123598,0
809,1
48109,0
38508,1
116400,0
149535,0
2772,1
40123,1
100304,0
103912,0
14005,1
75432,0
159774,0
3934,1
142591,0
145704,0
50746,0
85039,0
50779,0
28829,1
51812,0
7320,1
31083,1
92184,0
118242,0
111685,0
147864,0
121302,0
47683,0
145563,0
123534,0
98730,0
125102,0
45652,0
129688,0
50009,0
111172,0
46319,0
35074,1
105670,0
44746,1
109583,0
39789,1
75445,0
72889,0
158963,0
149751,0
106983,0
24204,1
796,1
45189,0
77149,0
147764,0
52320,0
39924,1
132479,0
89405,0
127614,0
97044,0
86780,0
25316,1
7438,1
93155,0
35209,1
33265,1
134344,0
141059,0
67827,0
27123,1
71316,0
136145,0
57649,0
118443,0
43941,1
21354,1
60951,0
108839,0
118387,0
155299,0
38769,1
88359,0
4562,1
56963,0
1464,1
137634,0
155685,0
153291,0
6904,1
130195,0
17165,1
23434,1
89751,0
155483,0
71844,0
73000,0
4826,1
36382,1
90496,0
54997,0
9207,1
101377,0
39982,1
6097,1
73186,0
41035,1
143844,0
32093,1
148319,0
125381,0
80057,0
44940,1
79690,0
115830,0
19173,1
112991,0
110269,0
41467,1
99308,0
132629,0
43828,1
69934,0
22533,1
140997,0
114312,0
23595,1
15333,1
35066,1
36713,1
62740,0
8237,1
135986,0
126840,0
14062,1
77184,0
76131,0
104446,0
147207,0
141932,0
133732,0
32784,1
21612,1
68775,0
85426,0
112780,0
3853,1
30194,1
152642,0
79686,0
10902,1
60952,0
1483,1
136463,0
135914,0
45246,0
99071,0
47062,0
38401,1
106118,0
89891,0
10141,1
36983,1
27414,1
122690,0
41823,1
73989,0
85408,0
1078,1
40069,1
13778,1
77989,0
18379,1
84790,0
70780,0
99222,0
119892,0
94765,0
69081,0
125287,0
134396,0
52438,0
24121,1
94911,0
86595,0
130085,0
85996,0
76794,0
68722,0
103134,0
119078,0
39001,1
96828,0
13522,1
131394,0
73783,0
58648,0
145042,0
158595,0
65804,0
145805,0
53128,0
103720,0
136046,0
75853,0
14468,1
85046,0
45214,0
50865,0
63477,0
68919,0
55032,0
60969,0
121580,0
51527,0
158221,0
135910,0
140820,0
44757,1
60541,0
18562,1
26915,1
13432,1
129137,0
13452,1
33041,1
155345,0
44820,1
152237,0
159296,0
4584,1
109560,0
63118,0
92712,0
45272,0
78641,0
71861,0
52167,0
9927,1
76640,0
121325,0
112774,0
130912,0
117951,0
60323,0
22954,1
15086,1
31815,1
61554,0
36767,1
126874,0
95784,0
124170,0
20620,1
153874,0
76627,0
31768,1
60558,0
71112,0
16946,1
4768,1
66499,0
125435,0
78790,0
104199,0
85052,0
147458,0
62457,0
66600,0
136093,0
26693,1
62032,0
45288,0
114730,0
103705,0
142697,0
64303,0
146154,0
26449,1
93383,0
110305,0
131412,0
892,1
163,1
55658,0
60009,0
44086,1
103893,0
57606,0
145330,0
110404,0
67652,0
140501,0
153436,0
64788,0
126072,0
115062,0
111744,0
140625,0
20442,1
3437,1
63906,0
65333,0
137250,0
145415,0
150486,0
51411,0
135247,0
9574,1
108771,0
45123,0
143422,0
12611,1
88113,0
67714,0
34348,1
44576,1
128144,0
86140,0
118850,0
141043,0
50152,0
63280,0
57009,0
143883,0
119954,0
84544,0
100081,0
56744,0
106554,0
136002,0
138188,0
45381,0
30360,1
4048,1
92443,0
22753,1
48099,0
82512,0
128585,0
99040,0
86484,0
20882,1
126430,0
74293,0
124346,0
60265,0
87742,0
85797,0
125717,0
80797,0
35121,1
62366,0
58125,0
21420,1
38708,1
24036,1
130843,0
97180,0
13461,1
123615,0
141892,0
23871,1
43442,1
157762,0
96494,0
62187,0
141394,0
107590,0
71067,0
98332,0
81557,0
88372,0
18944,1
112575,0
113301,0
147898,0
112951,0
149505,0
49284,0
50739,0
121515,0
137043,0
124760,0
2888,1
91832,0
108392,0
66365,0
107818,0
39306,1
105524,0
96957,0
111727,0
146549,0
120685,0
26196,1
141618,0
108044,0
144117,0
67392,0
22664,1
20832,1
60540,0
16042,1
55477,0
37391,1
50518,0
88555,0
60553,0
9279,1
48314,0
127339,0
30977,1
148610,0
142886,0
100480,0
123293,0
80359,0
61310,0
72265,0
94314,0
115547,0
87370,0
120495,0
123912,0
30653,1
78267,0
92050,0
75558,0
29789,1
9334,1
13368,1
139472,0
63129,0
66276,0
85088,0
11608,1
13326,1
20212,1
73696,0
91884,0
66949,0
88072,0
36542,1
1007,1
47005,0
120150,0
158847,0
876,1
74188,0
157210,0
55877,0
157301,0
1692,1
63649,0
141574,0
76709,0
9412,1
80924,0
130168,0
62748,0
3283,1
130096,0
91579,0
79776,0
35166,1
36950,1
20793,1
69742,0
77405,0
140158,0
99471,0
158501,0
76145,0
71505,0
5594,1
52277,0
104633,0
117864,0
65876,0
108634,0
100212,0
132288,0
120475,0
138927,0
84739,0
21266,1
2706,1
47846,0
140580,0
43548,1
84082,0
48194,0
123654,0
14453,1
19922,1
81970,0
126843,0
58059,0
55890,0
80170,0
48337,0
98252,0
72729,0
124605,0
85932,0
11554,1
134784,0
134362,0
75876,0
112288,0
106211,0
73768,0
72469,0
7309,1
126862,0
155563,0
147957,0
6138,1
95308,0
140143,0
55627,0
100019,0
141111,0
77384,0
2261,1
12042,1
72455,0
86224,0
89486,0
113806,0
43257,1
106883,0
42884,1
117050,0
60067,0
117689,0
111059,0
131828,0
134748,0
96918,0
142914,0
56171,0
115946,0
140081,0
9685,1
3522,1
53507,0
27027,1
118827,0
141625,0
43003,1
31898,1
44204,1
47785,0
90447,0
72605,0
140893,0
146262,0
6875,1
96643,0
8751,1
30593,1
142552,0
113566,0
137506,0
124793,0
74932,0
111739,0
84342,0
80386,0
147974,0
17868,1
114182,0
83426,0
436,1
79381,0
91648,0
77682,0
109891,0
37827,1
28949,1
73329,0
87705,0
150490,0
144047,0
141802,0
107116,0
159102,0
99603,0
86601,0
73562,0
151111,0
21482,1
80119,0
52957,0
140472,0
122453,0
139885,0
137987,0
626,1
65362,0
37028,1
46366,0
52597,0
139013,0
123425,0
123958,0
71520,0
131970,0
87697,0
141828,0
70986,0
44577,1
6954,1
9519,1
156978,0
88204,0
44987,1
86784,0
103112,0
129619,0
92560,0
48071,0
6752,1
72031,0
92532,0
94029,0
78487,0
37400,1
47311,0
138534,0
110414,0
80816,0
5400,1
50196,0
15325,1
79789,0
73611,0
35772,1
120776,0
70663,0
59565,0
18035,1
49704,0
16600,1
72294,0
97658,0
82668,0
64422,0
99883,0
54091,0
61778,0
44132,1
33564,1
1928,1
13680,1
138991,0
128872,0
9186,1
8790,1
24107,1
3910,1
3857,1
17750,1
38234,1
100158,0
100049,0
150304,0
120839,0
121510,0
12390,1
6985,1
18201,1
59733,0
64219,0
102331,0
47524,0
51216,0
149222,0
144924,0
156002,0
35490,1
43116,1
152633,0
26825,1
97539,0
5580,1
49611,0
42240,1
69417,0
31333,1
110529,0
135971,0
82801,0
10790,1
148987,0
25738,1
139742,0
149026,0
80824,0
138294,0
31967,1
146473,0
11026,1
131594,0
106772,0
96348,0
5432,1
3606,1
104249,0
152678,0
64173,0
109650,0
107635,0
46668,0
10732,1
72180,0
60621,0
64543,0
66779,0
129115,0
107930,0
111923,0
76440,0
105456,0
100185,0
132086,0
131745,0
50449,0
140225,0
135872,0
145889,0
8514,1
78821,0
94682,0
76727,0
52594,0
144183,0
153569,0
72070,0
61094,0
17905,1
89942,0
53277,0
2539,1
157515,0
124483,0
141980,0
454,1
112233,0
157417,0
145299,0
57491,0
119167,0
133775,0
137597,0
62540,0
86539,0
10321,1
149563,0
52073,0
130603,0
125573,0
61706,0
152023,0
91601,0
89848,0
142683,0
11774,1
134423,0
59485,0
137971,0
115599,0
135559,0
57139,0
12353,1
144169,0
30739,1
92047,0
34151,1
156997,0
77779,0
24152,1
151585,0
110240,0
151191,0
14959,1
70198,0
155995,0
36367,1
49249,0
2607,1
138038,0
33793,1
3762,1
39896,1
55072,0
24833,1
1974,1
154303,0
48508,0
101257,0
111108,0
98903,0
30367,1
55273,0
152290,0
120934,0
86929,0
86830,0
65780,0
136306,0
18160,1
93930,0
118630,0
129009,0
61667,0
67904,0
100398,0
94893,0
86465,0
107431,0
147892,0
13681,1
107360,0
109316,0
105196,0
107604,0
90659,0
7612,1
31541,1
64046,0
97289,0
43119,1
52885,0
56540,0
132028,0
63246,0
95334,0
23873,1
104436,0
74954,0
7046,1
136909,0
46822,0
118247,0
139983,0
34152,1
75241,0
90534,0
8362,1
22454,1
79502,0
37358,1
121101,0
134749,0
124980,0
135166,0
1372,1
156069,0
71360,0
159648,0
39914,1
78345,0
1829,1
77424,0
53557,0
46253,0
74822,0
77917,0
52784,0
70762,0
46827,0
95958,0
128447,0
127463,0
79520,0
12434,1
3852,1
38776,1
110596,0
5860,1
79497,0
33612,1
70612,0
23601,1
24649,1
58292,0
99994,0
81405,0
70242,0
127695,0
50954,0
9952,1
118323,0
93253,0
91547,0
27185,1
102312,0
71973,0
150347,0
22788,1
136377,0
109912,0
107011,0
17466,1
113922,0
68949,0
44230,1
52671,0
108488,0
48606,0
10734,1
24411,1
104161,0
27781,1
49633,0
32779,1
90982,0
37126,1
57222,0
145809,0
115823,0
69292,0
113456,0
133876,0
20717,1
105361,0
56489,0
39828,1
9690,1
50273,0
30007,1
88063,0
148160,0
146186,0
19539,1
113731,0
142039,0
27880,1
95478,0
140413,0
105109,0
2368,1
105796,0
71556,0
53573,0
135377,0
84068,0
62677,0
19389,1
34409,1
75147,0
15415,1
150359,0
29311,1
94239,0
16813,1
1050,1
16275,1
3139,1
81956,0
159435,0
133243,0
49579,0
27851,1
100957,0
88716,0
30453,1
65786,0
85048,0
129865,0
64242,0
743,1
63111,0
28040,1
102076,0
73777,0
70065,0
79695,0
58362,0
58486,0
143987,0
145884,0
130217,0
102816,0
112404,0
137793,0
80787,0
10983,1
92758,0
106739,0
157619,0
33582,1
114260,0
8458,1
47391,0
117556,0
17826,1
88766,0
112222,0
17877,1
149413,0
31390,1
24886,1
34814,1
110847,0
3890,1
90928,0
33260,1
112107,0
29135,1
83589,0
77354,0
99316,0
9360,1
53442,0
46197,0
52994,0
99735,0
70584,0
54123,0
100617,0
20788,1
125141,0
28888,1
35642,1
96033,0
147408,0
113427,0
4536,1
81470,0
123966,0
152893,0
111811,0
158553,0
62229,0
73490,0
86025,0
63816,0
18689,1
87980,0
8056,1
20321,1
127358,0
21308,1
85979,0
136433,0
133346,0
40256,1
67945,0
71721,0
3267,1
110394,0
40767,1
38172,1
110390,0
67802,0
7986,1
83846,0
6229,1
127076,0
107097,0
54023,0
102137,0
72050,0
106249,0
148676,0
80777,0
101541,0
54214,0
94388,0
48547,0
23280,1
147771,0
74031,0
41112,1
119537,0
113954,0
79580,0
59200,0
106433,0
119792,0
40272,1
5932,1
31052,1
95043,0
86118,0
147935,0
69464,0
148338,0
119926,0
114830,0
24267,1
3062,1
17573,1
112979,0
106788,0
100742,0
34111,1
118360,0
77619,0
60440,0
87019,0
131446,0
8046,1
35944,1
90063,0
118183,0
97418,0
9603,1
53913,0
158237,0
7923,1
74104,0
88474,0
129685,0
70997,0
25228,1
34438,1
148395,0
24037,1
66249,0
94516,0
85124,0
67295,0
1070,1
45116,0
141874,0
97466,0
110462,0
28321,1
39288,1
19051,1
45466,0
95456,0
132867,0
154118,0
110437,0
14237,1
128440,0
25461,1
56159,0
131008,0
121714,0
22342,1
77445,0
85959,0
69582,0
154673,0
135603,0
12327,1
10210,1
96866,0
56353,0
40843,1
30343,1
60705,0
3646,1
136329,0
4287,1
58824,0
145576,0
157488,0
35773,1
150274,0
5775,1
128357,0
150323,0
93083,0
46268,0
155498,0
95984,0
74539,0
141178,0
43572,1
76845,0
131362,0
44145,1
22761,1
110593,0
108112,0
143109,0
59684,0
128437,0
37282,1
84312,0
78845,0
87921,0
137360,0
47886,0
133559,0
74955,0
93118,0
44112,1
13427,1
94389,0
69357,0
54631,0
126282,0
56107,0
45157,0
56662,0
125440,0
111734,0
129698,0
155289,0
135573,0
111176,0
6178,1
13158,1
39135,1
24744,1
42664,1
150290,0
18262,1
151837,0
22481,1
27461,1
1014,1
9855,1
139210,0
9468,1
79274,0
117080,0
150841,0
72210,0
38846,1
107195,0
76114,0
120659,0
50248,0
77850,0
129946,0
119922,0
48570,0
144203,0
101291,0
120953,0
102142,0
45229,0
107248,0
141519,0
7218,1
143328,0
133693,0
153777,0
145208,0
85380,0
44286,1
10539,1
222,1
92080,0
127470,0
111145,0
130788,0
124777,0
74503,0
125167,0
112793,0
119563,0
26858,1
144288,0
29484,1
134457,0
3711,1
5350,1
22808,1
57996,0
28406,1
73430,0
69383,0
70954,0
92221,0
150166,0
124746,0
71628,0
101442,0
56551,0
103620,0
42047,1
151541,0
49216,0
35669,1
110030,0
139898,0
1418,1
61392,0
136032,0
127615,0
24068,1
41708,1
50052,0
157571,0
11659,1
36023,1
2619,1
94594,0
127561,0
156517,0
37395,1
18363,1
71551,0
33221,1
104531,0
3558,1
12681,1
42167,1
79183,0
118849,0
41271,1
13280,1
27835,1
18981,1
43898,1
23311,1
61404,0
16595,1
80225,0
38117,1
144657,0
138279,0
50496,0
119351,0
58365,0
21361,1
64596,0
19026,1
135280,0
105661,0
76165,0
85242,0
4778,1
125770,0
12985,1
37598,1
109924,0
79026,0
115169,0
90426,0
46406,0
91148,0
107268,0
33559,1
79440,0
80493,0
74043,0
76208,0
65959,0
17593,1
14395,1
143545,0
159520,0
152607,0
47393,0
15000,1
9165,1
150489,0
4268,1
118845,0
60032,0
145263,0
151029,0
139777,0
44995,1
136303,0
98464,0
7450,1
44564,1
57068,0
58181,0
6649,1
13496,1
4390,1
46201,0
113691,0
69132,0
8477,1
151753,0
142403,0
140811,0
148134,0
142217,0
107150,0
58861,0
132826,0
82396,0
39537,1
39692,1
118757,0
158480,0
130801,0
399,1
84187,0
145558,0
95083,0
64518,0
44737,1
19530,1
63423,0
21229,1
26757,1
148256,0
49399,0
78837,0
129497,0
90485,0
76386,0
97361,0
44236,1
132831,0
13239,1
135093,0
2937,1
97055,0
115647,0
130418,0
102491,0
116581,0
112291,0
102723,0
105023,0
1633,1
124244,0
32772,1
144359,0
70071,0
28340,1
65410,0
148162,0
26392,1
137087,0
76282,0
4743,1
22290,1
42919,1
93272,0
117520,0
98147,0
130394,0
101426,0
89065,0
21959,1
15552,1
74723,0
2869,1
159156,0
26553,1
58415,0
7520,1
43344,1
42990,1
66072,0
144666,0
67776,0
13017,1
18977,1
16360,1
59135,0
121446,0
136746,0
76844,0
105480,0
113788,0
63219,0
113455,0
125356,0
56030,0
70116,0
150738,0
80691,0
124101,0
136867,0
93947,0
17949,1
119312,0
16112,1
68510,0
143461,0
123485,0
93652,0
129578,0
110029,0
130259,0
60142,0
75412,0
81418,0
86563,0
94444,0
72580,0
131899,0
11875,1
87760,0
31769,1
4553,1
157449,0
7025,1
119390,0
122047,0
67791,0
20936,1
24677,1
153276,0
54486,0
68778,0
108132,0
6108,1
66206,0
66394,0
108351,0
142355,0
3883,1
16569,1
61080,0
24612,1
87625,0
23512,1
58986,0
37925,1
73502,0
100910,0
49207,0
35023,1
101860,0
16759,1
136970,0
122923,0
75554,0
141500,0
60259,0
73397,0
84427,0
94018,0
145334,0
8946,1
109630,0
45783,0
12993,1
122609,0
63689,0
15094,1
3077,1
42098,1
85051,0
110201,0
43783,1
41987,1
25543,1
64076,0
56302,0
126296,0
101231,0
133073,0
149816,0
109047,0
152770,0
64204,0
21232,1
43412,1
103422,0
95002,0
65972,0
54533,0
51934,0
102081,0
54422,0
74673,0
994,1
95137,0
151548,0
75490,0
73481,0
151640,0
110768,0
34472,1
131094,0
71708,0
81678,0
15071,1
102175,0
29742,1
141631,0
116582,0
59698,0
1837,1
28239,1
96755,0
158570,0
45657,0
60071,0
80785,0
80758,0
123305,0
116068,0
31358,1
138870,0
140718,0
60418,0
103856,0
93990,0
37336,1
74298,0
71856,0
20448,1
40959,1
131800,0
32414,1
65039,0
27065,1
152773,0
109436,0
1680,1
45805,0
40213,1
72090,0
31252,1
134005,0
38520,1
31655,1
22850,1
21367,1
72042,0
155475,0
5795,1
10626,1
8258,1
88946,0
10578,1
83764,0
62852,0
124281,0
46583,0
126655,0
93116,0
136649,0
129930,0
9607,1
134822,0
79623,0
47924,0
53166,0
69999,0
79884,0
146523,0
5213,1
42137,1
62868,0
101582,0
148085,0
144269,0
96782,0
153197,0
17392,1
151069,0
90768,0
6588,1
134082,0
141166,0
1064,1
13723,1
41444,1
27356,1
134391,0
10307,1
96251,0
130916,0
116413,0
114106,0
15439,1
133406,0
69557,0
117043,0
94740,0
120483,0
91593,0
101826,0
151086,0
128386,0
147446,0
103244,0
134416,0
85830,0
93113,0
82414,0
109730,0
61329,0
46283,0
40752,1
62610,0
83046,0
53808,0
110380,0
133063,0
158602,0
117434,0
15049,1
53740,0
74440,0
112478,0
6786,1
49945,0
125999,0
158519,0
155055,0
91044,0
26691,1
153960,0
28717,1
100795,0
99808,0
149917,0
35770,1
133834,0
15695,1
41596,1
79651,0
44785,1
52889,0
96692,0
54949,0
11072,1
113459,0
63534,0
81198,0
28898,1
123399,0
35109,1
113549,0
143280,0
140738,0
14979,1
40409,1
51895,0
16639,1
54301,0
23441,1
106138,0
77245,0
93106,0
41195,1
1105,1
50592,0
150864,0
125907,0
46544,0
152317,0
96574,0
110138,0
136712,0
46104,0
74137,0
80125,0
14769,1
159320,0
18860,1
25494,1
38279,1
18334,1
1607,1
128521,0
120280,0
70673,0
114300,0
99989,0
152576,0
89530,0
38916,1
1216,1
142341,0
21718,1
101783,0
6816,1
3295,1
159686,0
7213,1
119884,0
29735,1
26431,1
118700,0
100675,0
42394,1
132807,0
86158,0
60351,0
86085,0
63730,0
157605,0
20151,1
37424,1
71960,0
83848,0
16352,1
126055,0
5686,1
149644,0
43555,1
102867,0
123218,0
96757,0
3696,1
107199,0
74894,0
56878,0
69584,0
119204,0
7033,1
26922,1
31325,1
127885,0
4685,1
36555,1
121309,0
27196,1
97053,0
103249,0
129591,0
139551,0
18326,1
741,1
112990,0
4134,1
75774,0
48801,0
137222,0
102630,0
87181,0
142137,0
148035,0
1617,1
104708,0
5017,1
42914,1
75433,0
152075,0
151688,0
129642,0
34828,1
102501,0
1658,1
50908,0
159352,0
126560,0
151271,0
136458,0
77970,0
8217,1
41012,1
5897,1
25509,1
124622,0
77693,0
43488,1
124193,0
25052,1
90481,0
29648,1
133578,0
133422,0
157075,0
15989,1
13318,1
137884,0
138287,0
38649,1
135369,0
55172,0
134141,0
126336,0
106599,0
59234,0
49817,0
59523,0
150461,0
116300,0
45832,0
13386,1
75107,0
67886,0
109817,0
59610,0
56483,0
8123,1
51056,0
122946,0
62030,0
38859,1
69732,0
19838,1
99385,0
69184,0
15936,1
39494,1
51963,0
22492,1
26589,1
100712,0
6715,1
155772,0
19688,1
130984,0
33944,1
96340,0
44503,1
141224,0
153313,0
85800,0
50552,0
136257,0
97964,0
47082,0
98090,0
20682,1
129305,0
50361,0
84850,0
119761,0
12565,1
92873,0
87305,0
100611,0
105934,0
125911,0
131134,0
15753,1
157418,0
57374,0
90688,0
153497,0
30232,1
71424,0
116790,0
71903,0
96378,0
21110,1
24683,1
24720,1
149267,0
129081,0
130894,0
127176,0
107327,0
70151,0
52745,0
90570,0
94551,0
52563,0
59163,0
157644,0
106621,0
52711,0
30878,1
155988,0
26126,1
65710,0
1550,1
42337,1
22142,1
63667,0
153572,0
142141,0
41957,1
55457,0
15937,1
80613,0
29816,1
107815,0
94464,0
49310,0
149732,0
84926,0
78373,0
94234,0
127236,0
108017,0
63739,0
73820,0
90979,0
93551,0
25949,1
5412,1
88414,0
3618,1
137331,0
123593,0
52323,0
46314,0
9359,1
98593,0
85091,0
75840,0
153402,0
157478,0
23342,1
130122,0
152740,0
107941,0
13624,1
22655,1
141045,0
69893,0
126299,0
76371,0
123101,0
83690,0
16202,1
14132,1
127395,0
42662,1
12012,1
61291,0
131699,0
10628,1
119685,0
39147,1
124978,0
38658,1
75144,0
93887,0
139173,0
75088,0
92694,0
5466,1
19325,1
17664,1
71712,0
1843,1
71304,0
88764,0
47687,0
119122,0
24048,1
143802,0
20157,1
71670,0
82906,0
76936,0
141803,0
145962,0
37719,1
93986,0
11155,1
77340,0
109733,0
69695,0
11838,1
77891,0
140594,0
144362,0
24331,1
88403,0
62290,0
21784,1
52870,0
30253,1
17145,1
149717,0
22888,1
19586,1
137188,0
69876,0
53825,0
123791,0
67512,0
73663,0
121455,0
90935,0
71924,0
142623,0
70286,0
121692,0
15567,1
112647,0
43178,1
6624,1
149921,0
89041,0
3140,1
119588,0
101889,0
27048,1
137539,0
152076,0
92100,0
89572,0
73763,0
9509,1
60975,0
108662,0
40763,1
122679,0
99865,0
12339,1
146312,0
40048,1
158945,0
141827,0
48802,0
57565,0
111981,0
158340,0
17457,1
120610,0
127728,0
74958,0
4725,1
145999,0
65387,0
149252,0
77831,0
116981,0
53964,0
79961,0
152153,0
7394,1
136018,0
50423,0
124499,0
50783,0
38347,1
61705,0
148582,0
60669,0
20485,1
52029,0
132554,0
71663,0
26130,1
87312,0
151428,0
75238,0
140315,0
41878,1
8025,1
76001,0
12135,1
104500,0
23053,1
83830,0
101440,0
62446,0
112916,0
40207,1
29737,1
34708,1
88107,0
141498,0
143322,0
129268,0
112178,0
35302,1
97792,0
36710,1
85680,0
138008,0
34654,1
71256,0
25222,1
127330,0
36999,1
130289,0
8566,1
11757,1
95394,0
108207,0
63335,0
55841,0
110786,0
30091,1
50054,0
16828,1
35509,1
159516,0
75244,0
1788,1
126543,0
46519,0
141123,0
128991,0
57940,0
137635,0
73593,0
67431,0
41493,1
11527,1
94914,0
6100,1
92174,0
98396,0
78029,0
98717,0
21358,1
118585,0
85141,0
115877,0
24388,1
93051,0
37109,1
154398,0
104627,0
11741,1
94629,0
78770,0
117767,0
121281,0
147486,0
18540,1
132617,0
103707,0
101053,0
2987,1
90370,0
107094,0
130608,0
106243,0
87143,0
80858,0
40179,1
68926,0
17206,1
65802,0
905,1
86469,0
149972,0
106240,0
134669,0
76285,0
51368,0
82453,0
156717,0
51764,0
114796,0
50459,0
82309,0
2391,1
69542,0
81839,0
71244,0
61906,0
37908,1
38105,1
114126,0
158870,0
147540,0
113980,0
69508,0
146911,0
122422,0
104295,0
23861,1
95165,0
143516,0
154078,0
52253,0
153546,0
4102,1
132011,0
152310,0
142876,0
118891,0
112839,0
84050,0
8880,1
114437,0
10606,1
102929,0
136199,0
86527,0
127315,0
59225,0
151643,0
68429,0
98022,0
98977,0
100303,0
24311,1
80007,0
92907,0
10224,1
31423,1
116439,0
108928,0
137015,0
29745,1
107074,0
142173,0
82763,0
91345,0
520,1
73972,0
79176,0
151085,0
18146,1
118421,0
62602,0
88919,0
22373,1
70095,0
106127,0
51510,0
13704,1
112031,0
43209,1
153685,0
55629,0
157298,0
12995,1
128639,0
141895,0
143283,0
135472,0
88942,0
103519,0
58074,0
16339,1
23149,1
117729,0
135848,0
74165,0
82371,0
138106,0
60347,0
119683,0
70263,0
63036,0
151926,0
118608,0
95071,0
80,1
56323,0
134083,0
18081,1
113786,0
56610,0
24145,1
42669,1
127082,0
17796,1
109814,0
118579,0
108865,0
138132,0
79495,0
15281,1
90934,0
39582,1
40107,1
9171,1
147825,0
119295,0
37706,1
83190,0
13177,1
84002,0
73958,0
112711,0
76390,0
55060,0
154441,0
146051,0
20966,1
70637,0
112621,0
123797,0
154801,0
31182,1
158576,0
43722,1
159659,0
8920,1
4262,1
91331,0
11525,1
130844,0
58492,0
117452,0
146504,0
122680,0
92442,0
54713,0
51932,0
38428,1
137591,0
66040,0
147323,0
145470,0
122506,0
47424,0
142214,0
145332,0
14233,1
40279,1
110235,0
115675,0
22692,1
37962,1
140837,0
38702,1
13625,1
75185,0
131818,0
39958,1
19891,1
158416,0
105461,0
113595,0
130669,0
39986,1
34001,1
74642,0
134004,0
50341,0
8777,1
112925,0
49648,0
150266,0
76065,0
97415,0
3681,1
51683,0
79780,0
144129,0
23654,1
44974,1
25758,1
67221,0
109616,0
121659,0
3950,1
111704,0
26175,1
100445,0
122462,0
86145,0
118228,0
31635,1
35473,1
53701,0
106297,0
34816,1
83352,0
10018,1
40423,1
93421,0
147053,0
45637,0
155176,0
26879,1
62575,0
12064,1
128154,0
94040,0
135562,0
82348,0
99080,0
129876,0
86798,0
148546,0
115598,0
63338,0
108228,0
48152,0
121108,0
141716,0
69598,0
145994,0
44919,1
67354,0
123347,0
32726,1
113820,0
86615,0
136027,0
33949,1
99475,0
54720,0
148060,0
40312,1
107586,0
101700,0
52037,0
74633,0
127785,0
131956,0
81677,0
2618,1
17381,1
42779,1
85802,0
40693,1
93605,0
72586,0
47084,0
133151,0
8446,1
73285,0
134991,0
91508,0
73796,0
79250,0
74771,0
71530,0
20242,1
103064,0
108152,0
149962,0
152014,0
75235,0
137436,0
78454,0
44902,1
37540,1
93759,0
130058,0
70820,0
48098,0
30837,1
150263,0
134055,0
104717,0
32347,1
67412,0
129025,0
109542,0
108186,0
7860,1
67529,0
26523,1
152902,0
51716,0
114802,0
7870,1
121722,0
57914,0
28373,1
60896,0
36692,1
153121,0
61249,0
21655,1
19241,1
15856,1
58387,0
26115,1
39341,1
114868,0
29376,1
15219,1
73067,0
130225,0
54528,0
17568,1
12273,1
78199,0
116402,0
86950,0
30714,1
24198,1
141323,0
48658,0
13478,1
93097,0
126882,0
55413,0
757,1
81015,0
149676,0
25945,1
111268,0
19475,1
122804,0
79392,0
62506,0
85748,0
3537,1
135218,0
137713,0
149546,0
39154,1
86184,0
68165,0
43120,1
87538,0
158986,0
29369,1
52213,0
39504,1
112068,0
10007,1
155672,0
138378,0
149519,0
93862,0
13300,1
96609,0
84694,0
118122,0
51410,0
15068,1
137980,0
82984,0
47656,0
86110,0
157310,0
121020,0
75251,0
81643,0
7864,1
68194,0
28901,1
38597,1
119065,0
77284,0
15811,1
26253,1
30966,1
124527,0
53084,0
136462,0
118718,0
35072,1
132349,0
124707,0
28187,1
136026,0
142257,0
104345,0
92581,0
77820,0
67182,0
34144,1
37641,1
35491,1
6088,1
69362,0
142219,0
40435,1
131285,0
143815,0
60627,0
96946,0
110753,0
26001,1
159597,0
49964,0
33055,1
147607,0
21934,1
16240,1
80626,0
48222,0
18416,1
12878,1
71819,0
103056,0
3735,1
70902,0
127087,0
126337,0
73886,0
43448,1
110526,0
94685,0
101381,0
10473,1
38165,1
104617,0
33957,1
79241,0
90839,0
58214,0
137518,0
102708,0
79672,0
142063,0
129226,0
119194,0
24778,1
124797,0
62760,0
57929,0
73179,0
115808,0
143158,0
85479,0
16964,1
72809,0
105932,0
132457,0
130374,0
89304,0
44315,1
122223,0
125863,0
95253,0
117469,0
46884,0
81865,0
56075,0
127166,0
129645,0
59052,0
21161,1
116784,0
87527,0
68782,0
138073,0
44002,1
13600,1
90509,0
27808,1
117817,0
86974,0
65678,0
55774,0
119640,0
96804,0
70864,0
123048,0
146077,0
99147,0
130973,0
116079,0
59918,0
62416,0
103926,0
7148,1
112245,0
54968,0
10669,1
149021,0
7145,1
54199,0
128335,0
159750,0
55775,0
35803,1
6436,1
54940,0
105775,0
37532,1
23933,1
76885,0
109425,0
151135,0
118557,0
67511,0
100784,0
75903,0
148146,0
154840,0
30127,1
5147,1
136252,0
50815,0
135696,0
65035,0
155481,0
36221,1
102066,0
25960,1
18661,1
136929,0
116796,0
129287,0
119959,0
111855,0
152634,0
145538,0
35320,1
39037,1
138452,0
96531,0
88436,0
148799,0
149497,0
83961,0
155863,0
92779,0
92182,0
107548,0
156509,0
31975,1
138126,0
48605,0
94705,0
127672,0
115050,0
25039,1
83204,0
38991,1
62889,0
119614,0
89597,0
65807,0
66400,0
58016,0
100137,0
40033,1
56111,0
83504,0
52212,0
149333,0
138627,0
100079,0
52731,0
27896,1
111708,0
47172,0
5654,1
64245,0
80191,0
125419,0
120580,0
25990,1
57158,0
104212,0
59097,0
60933,0
118795,0
142459,0
99972,0
138802,0
92167,0
60691,0
101940,0
22195,1
49702,0
25319,1
159348,0
89981,0
107159,0
55425,0
13354,1
147696,0
149451,0
45900,0
98622,0
137722,0
42356,1
36200,1
43354,1
139016,0
32112,1
75992,0
119833,0
85301,0
142122,0
96513,0
150204,0
51848,0
132463,0
47340,0
96299,0
94085,0
159517,0
105403,0
61036,0
90815,0
2109,1
113915,0
153871,0
131579,0
145974,0
141480,0
11109,1
88491,0
65961,0
156175,0
72250,0
145321,0
110507,0
43848,1
154611,0
156912,0
79347,0
92688,0
81893,0
3536,1
25307,1
61966,0
8706,1
26725,1
64499,0
133241,0
151371,0
68548,0
150339,0
81350,0
112009,0
3275,1
152519,0
14322,1
63183,0
60917,0
149445,0
16055,1
50841,0
120275,0
50320,0
76631,0
118576,0
92653,0
3592,1
25107,1
49744,0
141542,0
1568,1
26890,1
121015,0
82257,0
22899,1
73321,0
51005,0
131168,0
36220,1
3641,1
44332,1
68071,0
117152,0
95568,0
23795,1
62999,0
66107,0
58866,0
35110,1
151496,0
140703,0
56147,0
157840,0
33851,1
129936,0
108874,0
13641,1
159569,0
106609,0
46603,0
140363,0
122492,0
18514,1
23631,1
114810,0
17658,1
142366,0
10959,1
145261,0
138840,0
85764,0
22489,1
27510,1
110242,0
142099,0
24790,1
141057,0
101282,0
113101,0
86309,0
94503,0
114254,0
10087,1
69634,0
21625,1
93455,0
158069,0
49586,0
140761,0
142179,0
104884,0
63018,0
10918,1
4066,1
37166,1
112680,0
100820,0
69952,0
5746,1
148944,0
118192,0
98303,0
58041,0
98588,0
66735,0
158545,0
149253,0
49268,0
31129,1
33570,1
76553,0
69226,0
83425,0
98929,0
78915,0
150064,0
10818,1
127337,0
62378,0
41188,1
3096,1
119813,0
12149,1
39589,1
60305,0
86031,0
152931,0
112313,0
149843,0
147228,0
114270,0
5527,1
10618,1
34492,1
52249,0
89159,0
81990,0
12067,1
6289,1
91223,0
21023,1
122530,0
115740,0
91447,0
67193,0
135697,0
30322,1
133588,0
118522,0
112000,0
51133,0
35556,1
98928,0
99944,0
157260,0
135202,0
86295,0
97514,0
124895,0
53164,0
84727,0
6214,1
104165,0
50677,0
86000,0
78000,0
125724,0
157563,0
24364,1
120415,0
148832,0
154405,0
73739,0
57800,0
24849,1
84099,0
83787,0
31254,1
51629,0
62520,0
18181,1
38886,1
59460,0
49736,0
49958,0
127342,0
105001,0
47473,0
154165,0
103812,0
36926,1
104052,0
86017,0
82498,0
20779,1
101094,0
107862,0
57004,0
147674,0
91524,0
42986,1
20293,1
15214,1
82964,0
30868,1
148957,0
143038,0
104973,0
64567,0
102948,0
118158,0
92806,0
45632,0
25749,1
27542,1
9770,1
90783,0
118646,0
74826,0
58315,0
105079,0
33549,1
64946,0
40163,1
72842,0
90339,0
68958,0
15905,1
95215,0
142454,0
69105,0
13765,1
100265,0
126352,0
35795,1
91135,0
32830,1
146405,0
26416,1
63924,0
53462,0
122973,0
140840,0
41733,1
76267,0
117751,0
73976,0
117896,0
135216,0
47578,0
30576,1
106879,0
880,1
16777,1
75700,0
47975,0
39550,1
83108,0
125688,0
1137,1
11075,1
152786,0
124338,0
15607,1
95932,0
18769,1
138665,0
70683,0
78930,0
141551,0
22890,1
11398,1
127842,0
11406,1
20703,1
55665,0
158170,0
85580,0
22693,1
77427,0
100309,0
95964,0
121350,0
149428,0
49770,0
111236,0
46345,0
137875,0
102865,0
75620,0
112122,0
71778,0
78257,0
56269,0
77057,0
83540,0
76424,0
60503,0
72316,0
68060,0
95402,0
23532,1
70081,0
113425,0
145109,0
40781,1
41797,1
52236,0
152864,0
124788,0
28976,1
150015,0
136293,0
119473,0
1821,1
46856,0
96451,0
62495,0
53417,0
118513,0
114095,0
7878,1
29231,1
32500,1
61699,0
101866,0
155047,0
28639,1
52010,0
77351,0
112461,0
130576,0
149926,0
52330,0
30513,1
53685,0
155261,0
99513,0
103170,0
77884,0
32839,1
113411,0
104372,0
94160,0
102225,0
57813,0
87750,0
159087,0
68372,0
143168,0
3971,1
94677,0
47209,0
64295,0
130065,0
104145,0
48961,0
147391,0
76000,0
92716,0
91786,0
147680,0
7555,1
143404,0
120584,0
65357,0
144622,0
50965,0
59016,0
74206,0
44667,1
55443,0
65577,0
147069,0
42880,1
22535,1
103831,0
22374,1
137259,0
97414,0
93258,0
12946,1
45935,0
115385,0
80492,0
43154,1
91683,0
36665,1
6321,1
72657,0
20605,1
104234,0
57530,0
79763,0
83216,0
64810,0
83527,0
102749,0
88079,0
126513,0
9923,1
21001,1
121838,0
105704,0
78827,0
51829,0
40304,1
146426,0
15878,1
65508,0
125018,0
134560,0
84604,0
108232,0
45035,1
136605,0
113890,0
45883,0
136180,0
103935,0
135425,0
95473,0
27768,1
79205,0
26628,1
29775,1
125005,0
147316,0
15424,1
138766,0
128694,0
22428,1
32606,1
30139,1
72323,0
38241,1
31566,1
88329,0
91344,0
136819,0
136583,0
121672,0
131847,0
67706,0
119870,0
101929,0
134973,0
107008,0
64455,0
74445,0
68694,0
24660,1
19650,1
141152,0
82354,0
46386,0
40792,1
2733,1
3147,1
141839,0
125955,0
64196,0
2594,1
45485,0
98715,0
25342,1
140856,0
36138,1
18684,1
24353,1
117789,0
69733,0
127073,0
42706,1
38807,1
34773,1
13504,1
20780,1
38489,1
20161,1
70027,0
14843,1
798,1
64947,0
98620,0
50460,0
32360,1
67317,0
118206,0
46620,0
120251,0
157291,0
108642,0
78165,0
120936,0
114098,0
98830,0
9214,1
20360,1
111286,0
120645,0
103467,0
156838,0
39441,1
84525,0
829,1
49714,0
147480,0
116783,0
67158,0
128669,0
10349,1
153331,0
138599,0
12523,1
82893,0
48685,0
145140,0
6806,1
95159,0
123018,0
98777,0
49475,0
123793,0
81634,0
63243,0
89180,0
47806,0
87653,0
14832,1
45133,0
8335,1
13525,1
152445,0
111611,0
79972,0
10398,1
159018,0
11685,1
7034,1
137147,0
148835,0
92139,0
94501,0
95476,0
59604,0
65579,0
40195,1
155490,0
108752,0
33295,1
110642,0
20738,1
157708,0
22227,1
13546,1
52646,0
17762,1
97504,0
41033,1
129965,0
51837,0
41500,1
60680,0
63513,0
151597,0
157442,0
156327,0
106458,0
26648,1
157352,0
44854,1
62202,0
72017,0
51156,0
106380,0
98544,0
104437,0
124831,0
11803,1
154808,0
142212,0
137245,0
85818,0
145836,0
132204,0
28106,1
60445,0
1491,1
49315,0
106385,0
109485,0
45270,0
42647,1
35973,1
463,1
133567,0
140757,0
56894,0
46079,0
69187,0
90750,0
112266,0
110696,0
97064,0
296,1
116078,0
48423,0
100607,0
18586,1
129160,0
18384,1
52970,0
121721,0
60266,0
155111,0
143114,0
90390,0
79938,0
94973,0
63691,0
17393,1
52786,0
113525,0
153814,0
124275,0
20827,1
74459,0
95743,0
1667,1
14499,1
104702,0
84143,0
112092,0
91790,0
114343,0
150087,0
71640,0
134824,0
19861,1
51148,0
10692,1
153810,0
49007,0
137709,0
23474,1
26398,1
117724,0
152269,0
117650,0
149461,0
53448,0
115771,0
84192,0
138831,0
48886,0
77526,0
103762,0
115732,0
94194,0
67439,0
118511,0
19163,1
121245,0
98707,0
79475,0
55527,0
82438,0
77162,0
145714,0
10807,1
89610,0
134444,0
60420,0
147852,0
11784,1
31842,1
13151,1
57586,0
1826,1
99549,0
81273,0
73974,0
84112,0
80643,0
53404,0
83263,0
18214,1
30596,1
72803,0
154832,0
158948,0
14171,1
85536,0
43664,1
13293,1
16096,1
17002,1
115928,0
5544,1
133318,0
119098,0
121925,0
53105,0
134219,0
386,1
129295,0
137746,0
26764,1
13890,1
66202,0
63237,0
62274,0
59728,0
120497,0
83594,0
31071,1
60121,0
7925,1
35056,1
85539,0
132147,0
66330,0
13063,1
37206,1
7824,1
137902,0
190,1
147844,0
87595,0
92028,0
76598,0
76830,0
141264,0
62772,0
120096,0
97121,0
133894,0
103129,0
138462,0
69267,0
59223,0
71223,0
97780,0
16067,1
24819,1
83897,0
59444,0
125391,0
157800,0
127565,0
86237,0
98666,0
44210,1
106503,0
140992,0
121207,0
17105,1
62088,0
143333,0
4721,1
89833,0
3449,1
153146,0
50250,0
14695,1
50838,0
12518,1
15717,1
91244,0
98821,0
100592,0
41422,1
23593,1
157084,0
71328,0
125289,0
138194,0
110008,0
75022,0
30713,1
136749,0
20931,1
35279,1
25335,1
156130,0
118798,0
10400,1
128546,0
656,1
65069,0
73809,0
57706,0
88271,0
102770,0
25327,1
69788,0
123741,0
55360,0
112034,0
115840,0
63180,0
28794,1
106086,0
48450,0
30110,1
14456,1
128871,0
49501,0
151347,0
19248,1
49302,0
94342,0
79541,0
130221,0
2375,1
108497,0
54926,0
119040,0
154152,0
135782,0
50319,0
128586,0
72114,0
125921,0
90154,0
37386,1
123492,0
131820,0
24967,1
30788,1
79341,0
136956,0
136985,0
11743,1
103619,0
11535,1
52356,0
24213,1
19423,1
76228,0
33142,1
71948,0
150818,0
43970,1
651,1
128402,0
148544,0
31839,1
42559,1
108076,0
66711,0
2686,1
120559,0
154788,0
22747,1
59674,0
79669,0
76812,0
71287,0
99793,0
49337,0
156391,0
132454,0
142315,0
90091,0
112087,0
114956,0
126697,0
103656,0
123650,0
21032,1
88613,0
37077,1
126213,0
4533,1
152547,0
80976,0
55716,0
114888,0
117882,0
562,1
139258,0
4040,1
111307,0
18251,1
95401,0
100433,0
101449,0
10874,1
158550,0
131365,0
61742,0
25824,1
155173,0
21572,1
99180,0
40484,1
53739,0
43411,1
14309,1
129060,0
42755,1
107229,0
45471,0
154896,0
70906,0
24583,1
1949,1
147610,0
30651,1
70357,0
134300,0
71787,0
114064,0
63863,0
89830,0
126645,0
49920,0
66920,0
101606,0
50693,0
153468,0
77270,0
57633,0
128081,0
5422,1
117614,0
71028,0
70535,0
152393,0
43052,1
61157,0
148519,0
130302,0
142828,0
41293,1
27650,1
68085,0
109356,0
80479,0
157239,0
70069,0
112227,0
124751,0
148859,0
71375,0
44445,1
123356,0
55559,0
29243,1
121651,0
53501,0
104393,0
51760,0
144408,0
132023,0
45301,0
84600,0
7670,1
37406,1
127943,0
47715,0
76066,0
42326,1
70212,0
104085,0
140369,0
88434,0
146321,0
74321,0
98041,0
10644,1
114357,0
134025,0
76648,0
70250,0
70412,0
117506,0
1062,1
84888,0
117673,0
106502,0
13232,1
19089,1
51477,0
44265,1
146129,0
14537,1
48514,0
13768,1
69259,0
110675,0
25584,1
10756,1
146373,0
146014,0
66928,0
147030,0
41037,1
65001,0
102303,0
90442,0
49045,0
85058,0
69136,0
117803,0
153115,0
143588,0
73846,0
60175,0
138622,0
75729,0
75874,0
24410,1
155041,0
65528,0
60275,0
21548,1
88447,0
139179,0
24130,1
62361,0
138,1
116863,0
110975,0
144616,0
127741,0
121934,0
110335,0
4714,1
72186,0
17688,1
136248,0
25588,1
151325,0
86107,0
133309,0
80582,0
21542,1
137928,0
17978,1
90731,0
87881,0
81018,0
37270,1
126758,0
79246,0
155143,0
104676,0
12809,1
87352,0
16523,1
85652,0
113160,0
142694,0
75930,0
149960,0
113530,0
77597,0
123569,0
84180,0
67446,0
18222,1
153990,0
80655,0
134857,0
103330,0
106305,0
134478,0
155757,0
83126,0
156718,0
100929,0
157651,0
52549,0
76667,0
24302,1
131057,0
74211,0
35935,1
94437,0
21380,1
117701,0
113852,0
413,1
68196,0
63970,0
95491,0
1303,1
103860,0
76549,0
131371,0
146028,0
107745,0
108133,0
15100,1
44608,1
112190,0
8692,1
6805,1
156886,0
113931,0
38862,1
21284,1
100391,0
147691,0
158078,0
20201,1
43002,1
88293,0
11252,1
54122,0
63797,0
32722,1
4318,1
140926,0
58588,0
5202,1
29663,1
137447,0
139432,0
87315,0
11248,1
90946,0
93332,0
138926,0
49181,0
37690,1
39521,1
55354,0
587,1
2596,1
52021,0
105703,0
118897,0
112012,0
58665,0
39436,1
158182,0
123076,0
79948,0
104796,0
3987,1
104156,0
23459,1
2337,1
24314,1
100380,0
132631,0
39338,1
118108,0
108487,0
157419,0
15850,1
27763,1
92354,0
87929,0
54011,0
118967,0
9291,1
32915,1
93502,0
145063,0
158178,0
47328,0
147670,0
32846,1
54680,0
54387,0
90076,0
128940,0
135065,0
41604,1
66519,0
86060,0
61576,0
122881,0
13437,1
32200,1
135997,0
27434,1
110624,0
13203,1
29956,1
9298,1
152358,0
44751,1
124048,0
45512,0
77041,0
46674,0
129881,0
82603,0
77403,0
57578,0
96214,0
135533,0
22919,1
73199,0
31941,1
127691,0
158460,0
116492,0
5325,1
71521,0
8225,1
96217,0
14464,1
13105,1
159063,0
95925,0
45600,0
156723,0
115862,0
57890,0
144320,0
101370,0
159149,0
28654,1
143046,0
40,1
16749,1
140028,0
32475,1
153933,0
128474,0
35741,1
117814,0
120943,0
136448,0
101498,0
136036,0
119502,0
114406,0
144982,0
128604,0
156342,0
39572,1
140340,0
65384,0
148991,0
82950,0
139938,0
136532,0
113180,0
57157,0
24680,1
100883,0
118656,0
153615,0
118848,0
16564,1
75804,0
111102,0
22887,1
159756,0
14382,1
83803,0
144153,0
81654,0
103682,0
38924,1
86889,0
43589,1
31534,1
144544,0
47053,0
26363,1
125951,0
97572,0
35265,1
65379,0
139824,0
118174,0
76396,0
48739,0
59856,0
27248,1
70046,0
97531,0
148943,0
32220,1
107762,0
95021,0
80141,0
78649,0
54996,0
45048,1
73619,0
93931,0
71479,0
45129,0
1454,1
137213,0
83598,0
58795,0
150006,0
118284,0
56908,0
9580,1
93401,0
14408,1
42014,1
144035,0
44837,1
134966,0
115311,0
100962,0
136874,0
45092,0
41131,1
126348,0
10183,1
53297,0
65224,0
19543,1
70064,0
114193,0
154361,0
58427,0
17494,1
106927,0
129239,0
140898,0
21595,1
86423,0
147150,0
45791,0
59055,0
30601,1
146543,0
119140,0
63686,0
119024,0
406,1
157002,0
37529,1
23473,1
18617,1
13502,1
110207,0
148964,0
47421,0
76418,0
22855,1
34395,1
77357,0
10301,1
135209,0
150198,0
147797,0
680,1
154112,0
19420,1
81085,0
22732,1
75633,0
111898,0
16113,1
109117,0
111774,0
5090,1
68649,0
142574,0
148790,0
121569,0
85599,0
34268,1
151338,0
102320,0
147252,0
72906,0
84978,0
141931,0
66210,0
14333,1
48587,0
148402,0
24904,1
9074,1
152091,0
20387,1
145083,0
3533,1
93473,0
129920,0
49803,0
92008,0
101508,0
80222,0
23809,1
62463,0
72018,0
135729,0
36632,1
12196,1
153235,0
112157,0
157162,0
155879,0
23471,1
143761,0
106741,0
102272,0
28656,1
21055,1
93468,0
158018,0
504,1
5781,1
78247,0
3128,1
106098,0
100264,0
62533,0
135379,0
67629,0
69054,0
89079,0
62804,0
119784,0
68622,0
28077,1
11166,1
14528,1
129728,0
115215,0
64797,0
46709,0
53298,0
120248,0
46112,0
33113,1
78899,0
150062,0
71397,0
16407,1
159376,0
44821,1
90974,0
64115,0
38266,1
43979,1
31402,1
15444,1
87351,0
41549,1
143207,0
94869,0
52969,0
131667,0
117208,0
70162,0
91365,0
97142,0
2314,1
34095,1
125146,0
10428,1
55089,0
151076,0
49820,0
110156,0
131430,0
99473,0
141451,0
108994,0
120446,0
96913,0
153720,0
143042,0
86622,0
79742,0
49834,0
140474,0
7877,1
39192,1
99504,0
136873,0
48348,0
108255,0
80258,0
67508,0
125604,0
74600,0
121565,0
31368,1
71512,0
143014,0
79282,0
118477,0
2694,1
154605,0
126885,0
72595,0
38586,1
22331,1
37808,1
157664,0
23604,1
2881,1
64550,0
147726,0
83076,0
53284,0
48111,0
17926,1
60392,0
36649,1
158203,0
98230,0
8239,1
99066,0
109537,0
54323,0
43680,1
47674,0
56388,0
110891,0
77823,0
85551,0
158166,0
114091,0
141129,0
103566,0
154998,0
91444,0
150861,0
85919,0
127527,0
136827,0
157956,0
52322,0
65622,0
141270,0
135900,0
80723,0
155830,0
4735,1
137173,0
118370,0
76861,0
61689,0
82395,0
75631,0
127869,0
94154,0
124711,0
30311,1
92511,0
72544,0
142533,0
134087,0
81143,0
39744,1
17551,1
103008,0
19921,1
13650,1
139411,0
11691,1
50675,0
3420,1
56901,0
58890,0
105325,0
125045,0
26576,1
154016,0
4503,1
7853,1
49368,0
14197,1
29724,1
144140,0
103030,0
139041,0
129369,0
103039,0
146102,0
62900,0
3779,1
77268,0
42045,1
92335,0
70938,0
53138,0
63195,0
65592,0
18005,1
124488,0
105351,0
133935,0
43479,1
93976,0
97950,0
61690,0
125396,0
68129,0
88104,0
36376,1
108138,0
121434,0
286,1
23104,1
147777,0
24992,1
64612,0
57196,0
156352,0
26034,1
102915,0
65879,0
82518,0
3069,1
115004,0
145587,0
10579,1
45499,0
3594,1
151312,0
107215,0
100417,0
18659,1
110924,0
37512,1
25967,1
119239,0
126827,0
33918,1
141770,0
79599,0
136207,0
49046,0
66737,0
75860,0
14820,1
20259,1
45579,0
86124,0
110867,0
106039,0
21933,1
40132,1
123725,0
131583,0
146655,0
14326,1
143899,0
17610,1
109390,0
20005,1
36731,1
10374,1
133372,0
124249,0
135416,0
26781,1
33981,1
7176,1
52235,0
42885,1
112934,0
4363,1
133403,0
154122,0
41408,1
134289,0
84205,0
9415,1
24888,1
129350,0
89819,0
120506,0
31406,1
105569,0
9375,1
128618,0
134513,0
14209,1
27651,1
83040,0
141807,0
117843,0
57558,0
21103,1
94251,0
98731,0
47485,0
72724,0
157965,0
154601,0
46658,0
66437,0
46044,0
133908,0
22284,1
48175,0
81294,0
76289,0
133714,0
48284,0
62799,0
142418,0
86281,0
12014,1
80429,0
121200,0
41674,1
263,1
81071,0
154541,0
151569,0
41082,1
30756,1
48425,0
151738,0
104985,0
68193,0
54154,0
137620,0
123723,0
14596,1
135431,0
22311,1
69241,0
51911,0
113181,0
115014,0
93043,0
101529,0
9060,1
109187,0
38472,1
151759,0
102435,0
41200,1
54306,0
40240,1
108974,0
123875,0
32320,1
123097,0
32948,1
120001,0
57142,0
42294,1
18302,1
152881,0
118822,0
67252,0
26409,1
11032,1
103928,0
27016,1
156044,0
131238,0
158530,0
48498,0
9323,1
22999,1
88713,0
93622,0
106722,0
50951,0
67548,0
5652,1
46011,0
136875,0
119154,0
104140,0
158071,0
153408,0
147114,0
128830,0
119366,0
67632,0
124685,0
158732,0
10794,1
33080,1
29798,1
109495,0
56574,0
143778,0
102351,0
87708,0
31074,1
64523,0
108098,0
84810,0
159275,0
43330,1
41610,1
127466,0
46857,0
52845,0
142035,0
132392,0
134086,0
126215,0
150175,0
136069,0
15145,1
98288,0
122338,0
77495,0
144706,0
89846,0
25409,1
57536,0
113099,0
101530,0
78511,0
35907,1
94781,0
142751,0
72660,0
88350,0
2258,1
107307,0
112665,0
69619,0
83381,0
52126,0
55397,0
157415,0
122961,0
145525,0
84558,0
101067,0
116597,0
137226,0
143428,0
53771,0
96921,0
2299,1
9825,1
70905,0
106974,0
90675,0
148049,0
72585,0
37668,1
23477,1
77486,0
93832,0
19839,1
71136,0
83791,0
123340,0
123369,0
34304,1
4184,1
119908,0
124615,0
16146,1
157223,0
90308,0
96315,0
139692,0
51237,0
15279,1
6475,1
123197,0
103368,0
54549,0
38944,1
53025,0
94090,0
92164,0
48955,0
52391,0
96578,0
82783,0
11273,1
44812,1
159345,0
46006,0
62316,0
126864,0
84423,0
32246,1
149261,0
59324,0
129513,0
131641,0
83804,0
95125,0
78194,0
110574,0
73738,0
55646,0
98856,0
66611,0
50322,0
49438,0
39884,1
13963,1
155883,0
8904,1
33408,1
76934,0
146865,0
14236,1
87837,0
48060,0
119339,0
61318,0
112251,0
80991,0
13601,1
96206,0
93596,0
84840,0
31230,1
72218,0
61620,0
81486,0
51997,0
9749,1
131104,0
127091,0
1820,1
58727,0
56861,0
138514,0
146673,0
151344,0
3305,1
3051,1
144137,0
51759,0
152707,0
103186,0
83781,0
53641,0
14804,1
33864,1
28204,1
82947,0
130420,0
9527,1
43069,1
121187,0
92778,0
94298,0
60754,0
42083,1
6895,1
127938,0
50741,0
117048,0
61535,0
95620,0
7179,1
25391,1
46540,0
157157,0
118007,0
772,1
31239,1
11404,1
34751,1
157126,0
89322,0
79296,0
39160,1
606,1
33734,1
35602,1
150361,0
58702,0
53586,0
158741,0
2392,1
97524,0
57197,0
74837,0
105409,0
113065,0
78863,0
117527,0
9903,1
125940,0
80663,0
87236,0
25841,1
26382,1
35127,1
59450,0
156682,0
95772,0
30337,1
125807,0
83555,0
130949,0
104656,0
123528,0
92745,0
20019,1
40866,1
41333,1
142721,0
20508,1
124907,0
8214,1
153992,0
95434,0
130757,0
122912,0
11358,1
120029,0
136711,0
127546,0
97165,0
59031,0
41553,1
115180,0
146038,0
26520,1
2835,1
104343,0
38271,1
134322,0
55487,0
138014,0
139578,0
138684,0
35434,1
29701,1
155369,0
21096,1
14649,1
103224,0
30336,1
112709,0
111320,0
64699,0
150253,0
126082,0
110229,0
145953,0
120572,0
149621,0
99081,0
125013,0
87430,0
158893,0
40254,1
137764,0
86760,0
53314,0
154073,0
4660,1
23671,1
93449,0
159297,0
24762,1
52307,0
119651,0
118631,0
57105,0
115228,0
18585,1
126412,0
33951,1
152156,0
139486,0
131530,0
153587,0
132278,0
93147,0
151138,0
78291,0
24764,1
118126,0
11420,1
97575,0
129218,0
75942,0
145604,0
157782,0
65146,0
86961,0
97081,0
117386,0
49043,0
85735,0
79608,0
39011,1
53474,0
140097,0
110037,0
78934,0
19225,1
26965,1
153840,0
83197,0
59060,0
137922,0
133227,0
38616,1
103100,0
57395,0
68852,0
128915,0
117239,0
34714,1
95986,0
22821,1
23837,1
22272,1
36021,1
149141,0
59867,0
12358,1
144184,0
6902,1
43285,1
120335,0
85340,0
85419,0
158086,0
149207,0
120413,0
154017,0
98577,0
36060,1
125174,0
116554,0
55357,0
43127,1
63747,0
158342,0
14834,1
114165,0
32906,1
32760,1
3438,1
61804,0
82171,0
141374,0
79315,0
134209,0
146935,0
77596,0
94689,0
87368,0
54944,0
2348,1
17738,1
91177,0
62816,0
146532,0
117082,0
40768,1
17469,1
28963,1
155604,0
127533,0
9017,1
50533,0
141858,0
59429,0
55309,0
100986,0
136519,0
156295,0
110754,0
77112,0
77382,0
41601,1
148912,0
94678,0
73432,0
98602,0
87516,0
25796,1
9693,1
75175,0
142915,0
65676,0
112593,0
49320,0
35429,1
110535,0
153088,0
59689,0
136894,0
37291,1
107417,0
155888,0
129292,0
128201,0
16177,1
121877,0
76820,0
121671,0
75646,0
153267,0
2658,1
67042,0
88663,0
46772,0
150076,0
40015,1
47026,0
123146,0
48720,0
157249,0
78907,0
150199,0
127408,0
140869,0
93935,0
135965,0
135655,0
40441,1
56680,0
123671,0
31761,1
99292,0
14648,1
136399,0
150404,0
90795,0
128337,0
130215,0
57816,0
63772,0
125839,0
134283,0
58822,0
11575,1
35720,1
8105,1
75281,0
44439,1
12320,1
92744,0
66250,0
140957,0
122792,0
88622,0
88519,0
66123,0
145898,0
82911,0
33717,1
62371,0
36772,1
55664,0
11618,1
59080,0
14613,1
85725,0
30123,1
134098,0
82559,0
324,1
114189,0
110277,0
127787,0
42838,1
62710,0
135518,0
122888,0
142347,0
126244,0
81036,0
58746,0
98642,0
122136,0
98863,0
107896,0
91006,0
153087,0
3530,1
91236,0
157773,0
21751,1
20698,1
98341,0
124022,0
123608,0
112099,0
97649,0
105890,0
42216,1
150516,0
71291,0
105872,0
12733,1
138063,0
35804,1
52551,0
154151,0
91064,0
149521,0
129357,0
45053,1
63832,0
138778,0
152971,0
47029,0
28135,1
71495,0
135778,0
70474,0
71319,0
72284,0
78278,0
92993,0
108296,0
135817,0
37988,1
23522,1
108576,0
120634,0
5239,1
5007,1
52392,0
82680,0
85007,0
15495,1
153962,0
159717,0
18610,1
51566,0
154471,0
9896,1
30600,1
93152,0
42215,1
77139,0
77477,0
132767,0
116739,0
40800,1
61030,0
122842,0
111052,0
47506,0
89451,0
90248,0
3130,1
81458,0
69093,0
48002,0
120975,0
33855,1
156649,0
98421,0
84390,0
34065,1
29910,1
136196,0
6730,1
16739,1
27245,1
81254,0
74367,0
119210,0
114940,0
12242,1
95041,0
30096,1
86832,0
87706,0
33796,1
8707,1
129535,0
17007,1
107424,0
92887,0
123329,0
112983,0
87827,0
55276,0
112802,0
38440,1
83882,0
108615,0
3231,1
11125,1
14737,1
93296,0
155192,0
134169,0
79563,0
129883,0
138251,0
3193,1
80729,0
138288,0
126811,0
56714,0
155719,0
98849,0
135363,0
38911,1
82268,0
64410,0
7396,1
85873,0
102657,0
8015,1
40916,1
133321,0
33825,1
34333,1
153519,0
92588,0
129203,0
52629,0
141287,0
65046,0
17804,1
134704,0
27593,1
44981,1
110926,0
145649,0
62750,0
621,1
49965,0
115330,0
154555,0
96629,0
2035,1
59961,0
132849,0
19353,1
26692,1
61029,0
36872,1
105129,0
64356,0
80236,0
141313,0
86920,0
41551,1
6000,1
92114,0
104908,0
94196,0
47627,0
27670,1
13953,1
12877,1
27655,1
17036,1
23973,1
154066,0
35639,1
121846,0
4339,1
18238,1
118859,0
94354,0
35832,1
40355,1
156437,0
38341,1
95007,0
111438,0
19976,1
77881,0
78880,0
67519,0
49569,0
38288,1
136517,0
125492,0
90543,0
122406,0
133519,0
93539,0
22537,1
126873,0
149602,0
55141,0
26463,1
50402,0
36891,1
2310,1
148080,0
20410,1
142992,0
143705,0
43621,1
46163,0
23862,1
89595,0
54453,0
101684,0
148407,0
99895,0
157404,0
69006,0
130951,0
114880,0
80003,0
62928,0
58371,0
65598,0
19501,1
4545,1
75104,0
158738,0
59779,0
51032,0
53607,0
87567,0
156457,0
147219,0
84348,0
110800,0
101740,0
73651,0
5021,1
13560,1
9371,1
112595,0
40796,1
78903,0
112270,0
21120,1
147711,0
18572,1
153895,0
2055,1
132566,0
60489,0
16901,1
97483,0
4402,1
123037,0
81005,0
31407,1
117009,0
71487,0
21841,1
45477,0
145033,0
76730,0
2095,1
118260,0
52762,0
17048,1
20204,1
150105,0
76225,0
73077,0
96288,0
116350,0
39395,1
7455,1
153292,0
37106,1
85275,0
99997,0
25717,1
31754,1
14864,1
25722,1
20393,1
82356,0
71598,0
102703,0
16019,1
147425,0
82747,0
159475,0
147290,0
93183,0
1686,1
75907,0
94130,0
25586,1
50500,0
82891,0
69793,0
58905,0
19093,1
53732,0
4261,1
52455,0
110813,0
86744,0
128684,0
123294,0
106468,0
117941,0
74874,0
72832,0
116984,0
73650,0
121664,0
94719,0
107170,0
104409,0
151300,0
134012,0
93839,0
37765,1
33246,1
65052,0
48301,0
54354,0
143043,0
108995,0
58971,0
105192,0
54610,0
965,1
114692,0
32215,1
44471,1
85241,0
38813,1
87504,0
135148,0
66753,0
80698,0
90831,0
159120,0
47655,0
146858,0
37201,1
116632,0
94570,0
77524,0
68779,0
10599,1
78125,0
26651,1
20234,1
140284,0
65161,0
155633,0
45314,0
6213,1
56671,0
75165,0
133801,0
84096,0
30665,1
124114,0
74334,0
142290,0
107151,0
42703,1
48680,0
74282,0
71043,0
26621,1
15915,1
158309,0
119125,0
16732,1
23002,1
44284,1
110446,0
71308,0
44905,1
55168,0
66990,0
123016,0
48042,0
116712,0
157638,0
115848,0
154620,0
59037,0
14426,1
11894,1
64373,0
88365,0
137356,0
104510,0
48662,0
85554,0
130293,0
15569,1
55187,0
92891,0
54746,0
95887,0
105421,0
151540,0
118707,0
124610,0
75586,0
61539,0
122421,0
125155,0
8532,1
122480,0
24889,1
45422,0
99160,0
23855,1
80405,0
62308,0
85029,0
48407,0
136822,0
104923,0
134963,0
157070,0
11042,1
22512,1
147944,0
134534,0
132116,0
122064,0
68002,0
134316,0
111755,0
27383,1
88517,0
101444,0
118744,0
125320,0
8816,1
49252,0
77114,0
86460,0
142424,0
28742,1
13456,1
92456,0
85988,0
115288,0
56911,0
22951,1
4271,1
151188,0
53916,0
39736,1
41392,1
11881,1
48114,0
33243,1
89811,0
77623,0
158912,0
18656,1
41124,1
157231,0
125424,0
80647,0
134336,0
16084,1
108066,0
53114,0
148602,0
8426,1
90456,0
105277,0
66975,0
37394,1
94906,0
158218,0
24326,1
82539,0
82116,0
97160,0
136173,0
39145,1
144179,0
140987,0
147978,0
130504,0
150787,0
15266,1
46578,0
126768,0
30125,1
117276,0
82485,0
23182,1
75005,0
116952,0
93395,0
48389,0
7838,1
43579,1
147217,0
156458,0
41731,1
76505,0
36006,1
45540,0
44819,1
63600,0
78352,0
73449,0
9122,1
29768,1
18803,1
64619,0
103435,0
40126,1
14641,1
138880,0
122806,0
116039,0
109651,0
139907,0
52800,0
159765,0
51059,0
44860,1
22445,1
55214,0
17413,1
155084,0
57234,0
154856,0
26917,1
154381,0
147867,0
124536,0
146515,0
132865,0
137879,0
113749,0
100632,0
72603,0
144575,0
51893,0
36900,1
2274,1
3642,1
2194,1
74352,0
71139,0
36238,1
103744,0
89154,0
124850,0
13195,1
89754,0
142933,0
123301,0
58851,0
110375,0
54235,0
64582,0
142519,0
53139,0
112831,0
88895,0
159437,0
151328,0
109198,0
54540,0
43314,1
119782,0
25167,1
47495,0
83519,0
74778,0
69366,0
17214,1
33993,1
40161,1
940,1
35600,1
47330,0
115324,0
73168,0
143884,0
73,1
18179,1
57390,0
112760,0
25152,1
48018,0
144642,0
89589,0
13117,1
38717,1
77570,0
55972,0
22456,1
100843,0
64183,0
81252,0
146527,0
83473,0
18839,1
150593,0
88756,0
21800,1
149868,0
139363,0
71082,0
27769,1
6561,1
105729,0
53219,0
151728,0
37888,1
60624,0
116143,0
52076,0
132333,0
83800,0
157068,0
14502,1
13477,1
103751,0
120478,0
130635,0
68118,0
106045,0
95599,0
156821,0
6767,1
13275,1
90374,0
150642,0
131977,0
60212,0
30239,1
159491,0
65440,0
31912,1
51782,0
114494,0
128462,0
39500,1
7445,1
118184,0
13948,1
4063,1
36496,1
96679,0
48022,0
55729,0
134112,0
456,1
72138,0
44479,1
13889,1
132365,0
112720,0
154158,0
85425,0
31855,1
83162,0
16921,1
41741,1
12258,1
31362,1
105135,0
159311,0
142265,0
152078,0
81844,0
4621,1
101261,0
18196,1
117745,0
7271,1
124869,0
144986,0
78316,0
78539,0
45887,0
92290,0
147085,0
127368,0
17490,1
17632,1
104618,0
65703,0
7070,1
57233,0
70497,0
137167,0
72295,0
83336,0
77337,0
145758,0
74901,0
95271,0
71616,0
4655,1
82613,0
155377,0
53997,0
21321,1
59142,0
16277,1
87444,0
69797,0
502,1
105991,0
16910,1
37027,1
145254,0
55046,0
68492,0
13997,1
67697,0
65382,0
34428,1
151217,0
63708,0
66587,0
50886,0
24938,1
134200,0
56663,0
116822,0
61057,0
140465,0
86597,0
31701,1
106069,0
9401,1
119715,0
107045,0
77388,0
84160,0
26908,1
108328,0
103317,0
123541,0
104106,0
103747,0
91803,0
24816,1
59318,0
48741,0
28258,1
89165,0
101620,0
31149,1
121783,0
132070,0
64290,0
883,1
106908,0
142089,0
62443,0
63399,0
105860,0
28791,1
99990,0
29763,1
73167,0
155065,0
126617,0
142019,0
106208,0
63069,0
86271,0
115717,0
116334,0
67516,0
37417,1
47344,0
155169,0
122330,0
35472,1
114322,0
134667,0
131590,0
131930,0
89817,0
42789,1
8129,1
7061,1
97423,0
145645,0
118962,0
56456,0
68968,0
148174,0
118072,0
118954,0
85560,0
17679,1
2809,1
157900,0
708,1
46667,0
20648,1
137899,0
155858,0
135896,0
23581,1
61898,0
145702,0
138405,0
135383,0
113145,0
21990,1
106831,0
39319,1
158664,0
751,1
723,1
92826,0
118031,0
7491,1
5944,1
128283,0
69022,0
9998,1
6426,1
31780,1
82792,0
137127,0
136494,0
123050,0
118619,0
80733,0
47416,0
142836,0
149235,0
82721,0
128583,0
53938,0
108658,0
145727,0
72918,0
52841,0
10526,1
10723,1
63326,0
60245,0
54400,0
139238,0
55754,0
52484,0
9271,1
32467,1
127154,0
86661,0
84808,0
120434,0
121081,0
135831,0
48751,0
128909,0
136987,0
80592,0
47892,0
101353,0
56606,0
117192,0
31867,1
33147,1
124162,0
28579,1
91475,0
118537,0
98563,0
78091,0
48936,0
35536,1
71867,0
812,1
118164,0
45580,0
152140,0
73713,0
141117,0
25932,1
44418,1
118285,0
35554,1
4989,1
71071,0
14458,1
154387,0
47455,0
17038,1
45482,0
29323,1
51279,0
40204,1
140816,0
96971,0
52444,0
16239,1
111452,0
47503,0
124579,0
95891,0
96799,0
106194,0
50182,0
62640,0
108677,0
108802,0
100551,0
112974,0
15518,1
142486,0
46321,0
47623,0
44618,1
86185,0
127649,0
88188,0
130671,0
156767,0
81655,0
72986,0
92386,0
3451,1
86519,0
37494,1
94341,0
132605,0
28651,1
92494,0
60790,0
115366,0
47931,0
83341,0
68185,0
31721,1
87617,0
79975,0
89730,0
120921,0
106371,0
110423,0
130911,0
509,1
10840,1
153296,0
126891,0
93245,0
127184,0
103608,0
134251,0
123898,0
143714,0
46940,0
50080,0
112057,0
35684,1
11745,1
10006,1
155042,0
85645,0
66772,0
130189,0
18573,1
159131,0
111872,0
143072,0
98789,0
79082,0
116154,0
143592,0
9858,1
78228,0
93396,0
88217,0
121892,0
65847,0
42542,1
11416,1
63388,0
149916,0
102163,0
61993,0
100549,0
28512,1
85486,0
134496,0
93361,0
93384,0
368,1
40612,1
9682,1
79673,0
69807,0
4760,1
38356,1
100245,0
99459,0
139960,0
130790,0
46596,0
145256,0
113118,0
123468,0
103015,0
148410,0
146078,0
83819,0
59109,0
137640,0
112083,0
17733,1
30043,1
8875,1
129,1
116403,0
123426,0
45861,0
70066,0
52464,0
27412,1
78213,0
158718,0
38540,1
50232,0
13939,1
33184,1
125997,0
137859,0
88021,0
84619,0
52349,0
14433,1
90779,0
88556,0
126368,0
50191,0
6868,1
28268,1
146744,0
158712,0
120264,0
99699,0
154895,0
104317,0
7128,1
50631,0
62616,0
39781,1
108653,0
141766,0
108169,0
137888,0
16476,1
102801,0
118191,0
152877,0
58224,0
83876,0
29845,1
121811,0
94848,0
140962,0
46135,0
16255,1
147375,0
49909,0
154434,0
155975,0
81628,0
148644,0
146974,0
126392,0
97127,0
30031,1
46993,0
142109,0
106261,0
158091,0
18377,1
143812,0
145779,0
149492,0
35566,1
9466,1
154871,0
27059,1
57175,0
112948,0
108520,0
94940,0
57298,0
38285,1
28543,1
159602,0
87116,0
62586,0
30843,1
18599,1
141002,0
40759,1
30340,1
102099,0
31450,1
83465,0
148653,0
289,1
23038,1
128816,0
49759,0
125764,0
3435,1
47681,0
54166,0
46258,0
136083,0
114172,0
46045,0
43831,1
131267,0
98619,0
146178,0
3568,1
74861,0
80267,0
3308,1
127757,0
50253,0
93465,0
33978,1
93928,0
32012,1
142590,0
54532,0
158616,0
28328,1
147106,0
88219,0
89450,0
8249,1
152590,0
142412,0
81365,0
23891,1
78119,0
83667,0
37294,1
124653,0
87086,0
150027,0
9333,1
114118,0
21140,1
99939,0
15416,1
141112,0
100034,0
148841,0
23497,1
138241,0
31269,1
33105,1
14766,1
65455,0
19840,1
78878,0
83419,0
41580,1
137200,0
62627,0
158444,0
7307,1
61271,0
65014,0
111936,0
40428,1
149827,0
69336,0
1651,1
50644,0
150126,0
68381,0
87774,0
125040,0
87772,0
10055,1
126290,0
88364,0
102454,0
79786,0
40384,1
148577,0
96678,0
10868,1
23633,1
44933,1
33792,1
126255,0
123551,0
81248,0
5720,1
83971,0
14611,1
55199,0
140825,0
66455,0
99575,0
86457,0
152137,0
44884,1
64325,0
41944,1
62383,0
148566,0
94786,0
144136,0
62461,0
122209,0
61499,0
91921,0
71548,0
141424,0
17175,1
14407,1
18856,1
102100,0
81290,0
157381,0
142098,0
46584,0
127128,0
6212,1
5098,1
5142,1
63523,0
5723,1
101745,0
49356,0
859,1
19041,1
134475,0
90960,0
145523,0
24214,1
80240,0
62163,0
157034,0
67559,0
112620,0
46653,0
115685,0
69518,0
67909,0
10824,1
24138,1
25840,1
66580,0
23978,1
6928,1
4510,1
12389,1
22975,1
116164,0
50051,0
71426,0
118010,0
67846,0
157573,0
23698,1
81868,0
91590,0
17560,1
47771,0
21885,1
16487,1
97243,0
71299,0
83325,0
135011,0
101763,0
51490,0
9920,1
5264,1
33943,1
135080,0
66968,0
146435,0
68415,0
101618,0
19979,1
56500,0
95912,0
53550,0
11501,1
47039,0
138617,0
15292,1
56131,0
3932,1
155119,0
76908,0
97694,0
54158,0
4030,1
44101,1
81112,0
75159,0
64024,0
20034,1
57150,0
81502,0
103678,0
120847,0
55818,0
70984,0
70086,0
61789,0
120360,0
130798,0
149175,0
115730,0
71758,0
132265,0
26277,1
78627,0
57137,0
6773,1
81989,0
32673,1
34117,1
122574,0
45756,0
149892,0
134189,0
118327,0
118542,0
3066,1
22225,1
110256,0
68107,0
85497,0
142314,0
1239,1
15583,1
74685,0
142634,0
19988,1
56785,0
49030,0
114060,0
70521,0
9194,1
48351,0
74414,0
106633,0
80830,0
80262,0
1931,1
19868,1
88182,0
83321,0
104756,0
90988,0
105047,0
72802,0
82307,0
20348,1
105882,0
79988,0
68514,0
147405,0
43334,1
28110,1
22710,1
116562,0
102444,0
46956,0
69869,0
121550,0
24221,1
120923,0
49608,0
51324,0
141228,0
13617,1
37863,1
137328,0
124983,0
35654,1
75753,0
158048,0
18411,1
78036,0
33108,1
152297,0
112675,0
40633,1
142206,0
112351,0
59101,0
75378,0
86934,0
115351,0
111971,0
93561,0
28285,1
128718,0
14540,1
86611,0
120692,0
69339,0
128286,0
86907,0
152199,0
14937,1
95258,0
121184,0
119825,0
27129,1
13644,1
135482,0
77033,0
122610,0
35888,1
92362,0
34460,1
21569,1
137561,0
93185,0
105418,0
963,1
107232,0
10372,1
20635,1
95040,0
35588,1
50339,0
157999,0
13066,1
79305,0
89823,0
150424,0
58508,0
28031,1
66182,0
105088,0
94499,0
132405,0
112789,0
103146,0
94472,0
91213,0
71771,0
43231,1
56346,0
129859,0
74320,0
50890,0
103577,0
21939,1
46823,0
132302,0
80152,0
40280,1
28236,1
154458,0
131767,0
124317,0
17836,1
116989,0
20284,1
136137,0
132384,0
56804,0
61688,0
24133,1
113125,0
84049,0
146406,0
56825,0
52647,0
21914,1
69218,0
156186,0
75301,0
11019,1
65966,0
22341,1
54128,0
33935,1
104365,0
77404,0
103259,0
132676,0
91099,0
119458,0
55095,0
109309,0
21963,1
92488,0
34698,1
54339,0
118048,0
100970,0
65823,0
131425,0
80030,0
144553,0
39770,1
146730,0
19074,1
151009,0
150272,0
67146,0
130008,0
101615,0
9036,1
35648,1
119094,0
118844,0
96728,0
24169,1
40154,1
79116,0
145853,0
26143,1
65204,0
26479,1
69961,0
73573,0
19514,1
90319,0
122018,0
59831,0
32101,1
112060,0
151252,0
16883,1
19696,1
155653,0
117959,0
61866,0
97750,0
118205,0
158490,0
54432,0
14027,1
3375,1
81895,0
110614,0
38518,1
145056,0
60509,0
57035,0
41364,1
115113,0
126058,0
121183,0
52507,0
104870,0
125704,0
99809,0
77605,0
12543,1
35497,1
116610,0
84382,0
33617,1
151329,0
99351,0
87786,0
120874,0
39810,1
28726,1
145527,0
105946,0
146587,0
35802,1
143389,0
6651,1
107104,0
107658,0
1480,1
102453,0
23345,1
27694,1
132251,0
45984,0
35062,1
129178,0
44658,1
80027,0
60220,0
110196,0
147099,0
85527,0
72279,0
78642,0
127826,0
12906,1
141779,0
96726,0
58498,0
62184,0
105090,0
46434,0
122540,0
96978,0
2064,1
66875,0
88528,0
31984,1
86220,0
119513,0
107513,0
34573,1
99596,0
146932,0
66913,0
74980,0
80293,0
149400,0
26019,1
127889,0
114181,0
93073,0
77317,0
84870,0
81918,0
94822,0
15237,1
56441,0
25975,1
75887,0
40370,1
96001,0
76103,0
110674,0
108508,0
139969,0
2982,1
152742,0
113172,0
63726,0
89587,0
45591,0
105498,0
158801,0
7442,1
32196,1
72072,0
107544,0
68964,0
155330,0
28257,1
41916,1
95606,0
47403,0
68090,0
133692,0
99929,0
56976,0
76060,0
131536,0
17547,1
116634,0
71938,0
76758,0
9888,1
111624,0
127696,0
56952,0
32033,1
124326,0
29867,1
90505,0
158274,0
25001,1
137945,0
143794,0
127041,0
149233,0
155711,0
46209,0
55860,0
20120,1
139543,0
941,1
35298,1
79735,0
112133,0
156265,0
13027,1
17939,1
129269,0
110054,0
83257,0
54702,0
150782,0
79694,0
2262,1
25055,1
76421,0
89868,0
105398,0
140756,0
4001,1
148070,0
13095,1
40940,1
81007,0
17896,1
60244,0
89746,0
98059,0
58330,0
11077,1
122992,0
83824,0
112438,0
88980,0
19385,1
8428,1
74217,0
159399,0
76736,0
50542,0
145441,0
158432,0
146085,0
34403,1
126622,0
126203,0
87334,0
44363,1
85110,0
32081,1
130066,0
51487,0
25538,1
125789,0
85265,0
149001,0
6825,1
154592,0
62905,0
111871,0
149259,0
22613,1
150903,0
9893,1
142800,0
125628,0
13850,1
113215,0
97101,0
62517,0
113173,0
134960,0
70500,0
11837,1
62306,0
14563,1
142580,0
20796,1
43511,1
65971,0
110661,0
55690,0
156788,0
147346,0
116033,0
30568,1
68297,0
38956,1
149940,0
1183,1
82012,0
11301,1
45824,0
149551,0
90609,0
143693,0
11523,1
90038,0
82151,0
56238,0
151257,0
104440,0
42382,1
20444,1
1404,1
61936,0
10922,1
136370,0
47644,0
134635,0
7935,1
55833,0
49148,0
38214,1
152952,0
56518,0
84526,0
23644,1
30452,1
137846,0
18797,1
101506,0
94668,0
91330,0
17969,1
154497,0
61105,0
81951,0
147337,0
126722,0
17190,1
141189,0
13837,1
32224,1
27515,1
117981,0
110147,0
39756,1
37965,1
123412,0
143350,0
93871,0
103834,0
84736,0
44716,1
39217,1
111041,0
74366,0
131936,0
98027,0
106119,0
2648,1
99324,0
87909,0
133053,0
48904,0
37194,1
17268,1
69266,0
15438,1
74238,0
72020,0
130726,0
18357,1
71119,0
49067,0
150601,0
13334,1
95367,0
8784,1
68247,0
29019,1
44511,1
40344,1
158507,0
124820,0
73166,0
133558,0
69262,0
157758,0
158985,0
88951,0
145935,0
7799,1
100612,0
83511,0
146559,0
127485,0
1698,1
150510,0
112872,0
116985,0
125278,0
3486,1
153530,0
16493,1
91336,0
7322,1
39562,1
151648,0
128665,0
158578,0
149981,0
103768,0
60316,0
145115,0
156679,0
696,1
129045,0
116529,0
157574,0
23634,1
16928,1
68519,0
80435,0
95753,0
25369,1
74799,0
11151,1
22889,1
5936,1
40049,1
96433,0
126990,0
50920,0
93326,0
85157,0
159017,0
25482,1
71044,0
105094,0
103402,0
95575,0
17849,1
10067,1
47488,0
53384,0
122256,0
65681,0
43487,1
158107,0
116842,0
152325,0
21288,1
107165,0
131359,0
119596,0
108890,0
18178,1
109790,0
127730,0
48115,0
51179,0
18422,1
29333,1
62046,0
88052,0
5574,1
64762,0
98498,0
53397,0
75284,0
13803,1
143973,0
50822,0
96843,0
90104,0
131219,0
119233,0
156680,0
38829,1
116731,0
23659,1
60912,0
154901,0
16677,1
66471,0
143370,0
146443,0
75135,0
12173,1
26129,1
77326,0
58287,0
146494,0
144033,0
79800,0
66749,0
28256,1
100641,0
111288,0
39877,1
116861,0
135632,0
61269,0
39714,1
10288,1
42712,1
96512,0
136632,0
46521,0
18318,1
3221,1
32743,1
78190,0
14438,1
29921,1
78714,0
138277,0
75514,0
30298,1
71514,0
66641,0
141014,0
11121,1
7378,1
22595,1
42855,1
45602,0
133563,0
156835,0
103742,0
81529,0
132630,0
127088,0
138560,0
157086,0
149776,0
5279,1
72859,0
70981,0
44948,1
95845,0
26180,1
52317,0
4300,1
55311,0
243,1
32017,1
108931,0
56202,0
8550,1
87994,0
83752,0
7366,1
147135,0
66337,0
45937,0
29573,1
156614,0
20144,1
94569,0
134971,0
51617,0
46190,0
43097,1
152164,0
32400,1
103332,0
111325,0
140371,0
73465,0
80160,0
80755,0
4618,1
85057,0
85209,0
11763,1
141846,0
139377,0
148953,0
26052,1
128773,0
122360,0
127849,0
53832,0
136266,0
107046,0
143171,0
100323,0
146210,0
52879,0
3281,1
139195,0
120955,0
104835,0
39880,1
58116,0
80198,0
41755,1
96432,0
101318,0
122732,0
81747,0
153254,0
98097,0
44348,1
102901,0
115881,0
5837,1
87279,0
1449,1
66859,0
64092,0
111913,0
112776,0
100711,0
21446,1
139955,0
14341,1
32390,1
70133,0
33829,1
118804,0
115089,0
5199,1
32821,1
116741,0
103028,0
127946,0
75765,0
22628,1
6155,1
120179,0
136369,0
90282,0
149347,0
150376,0
124289,0
112852,0
104846,0
152114,0
117408,0
4302,1
104214,0
28567,1
65585,0
79844,0
57689,0
96396,0
50166,0
155218,0
154777,0
106473,0
118316,0
54802,0
157774,0
76083,0
108242,0
156866,0
17402,1
94839,0
18066,1
116255,0
49800,0
133509,0
2128,1
117319,0
6105,1
115426,0
108532,0
95794,0
200,1
112541,0
67458,0
105014,0
22790,1
79940,0
149116,0
114507,0
147980,0
149555,0
19379,1
10236,1
114498,0
135960,0
158908,0
124595,0
16619,1
51437,0
158346,0
90380,0
112714,0
115469,0
133103,0
91116,0
7420,1
111759,0
58391,0
49258,0
65924,0
106299,0
52404,0
133420,0
54839,0
28950,1
39233,1
128670,0
74862,0
116136,0
70331,0
40882,1
63843,0
97956,0
105407,0
72271,0
64144,0
72398,0
18183,1
126192,0
115279,0
97162,0
15306,1
84146,0
119117,0
90085,0
77442,0
107647,0
12221,1
68419,0
69830,0
53337,0
71604,0
16512,1
139775,0
153739,0
50476,0
76860,0
68513,0
156464,0
96777,0
79831,0
43901,1
16237,1
46920,0
116105,0
55028,0
57921,0
155319,0
145968,0
44212,1
158026,0
57344,0
129795,0
68151,0
126917,0
39912,1
64889,0
109457,0
151101,0
66162,0
91011,0
87628,0
71746,0
129527,0
129392,0
100418,0
155127,0
40641,1
22934,1
14845,1
83292,0
63193,0
88736,0
129013,0
38750,1
2788,1
79360,0
83158,0
107053,0
125151,0
97009,0
20512,1
79115,0
21220,1
60447,0
11736,1
73604,0
39864,1
114539,0
96074,0
120155,0
57427,0
109269,0
132599,0
79536,0
43932,1
80075,0
5234,1
64850,0
153762,0
83071,0
156307,0
82273,0
85186,0
69891,0
19682,1
25377,1
115347,0
90295,0
144127,0
2266,1
72452,0
142867,0
112470,0
99730,0
24382,1
139325,0
25416,1
8506,1
59245,0
117828,0
76543,0
127715,0
131798,0
82888,0
31513,1
125507,0
61862,0
80669,0
142798,0
151687,0
123312,0
109261,0
83964,0
118234,0
49380,0
12509,1
40329,1
121219,0
86911,0
60294,0
137616,0
26682,1
59247,0
89028,0
41169,1
134588,0
133027,0
53950,0
54411,0
25418,1
100298,0
89692,0
145196,0
149766,0
89117,0
134308,0
34599,1
26688,1
112737,0
42886,1
71374,0
78612,0
157945,0
120618,0
22502,1
80651,0
147159,0
158637,0
92105,0
95820,0
147636,0
66307,0
93237,0
131954,0
41088,1
69761,0
5553,1
110416,0
2887,1
4588,1
82022,0
118275,0
135936,0
105231,0
73531,0
135534,0
139418,0
22210,1
24421,1
11975,1
122819,0
144181,0
2201,1
141789,0
144618,0
72679,0
20304,1
15103,1
33735,1
29696,1
114881,0
92280,0
86502,0
152223,0
121026,0
151128,0
84753,0
102053,0
85663,0
32271,1
1679,1
95171,0
46017,0
97378,0
92586,0
144673,0
127895,0
30095,1
159485,0
131833,0
146109,0
24808,1
95622,0
87833,0
108104,0
72806,0
111382,0
14709,1
18896,1
44223,1
145136,0
75956,0
120922,0
83135,0
7798,1
50682,0
45513,0
19291,1
64708,0
75132,0
17583,1
19899,1
34485,1
4425,1
102338,0
70604,0
19855,1
34381,1
124848,0
156516,0
85532,0
93895,0
77016,0
34382,1
154549,0
35969,1
123143,0
15324,1
132020,0
74909,0
127016,0
104791,0
84259,0
129626,0
37093,1
5230,1
85339,0
19990,1
56800,0
55901,0
147433,0
114295,0
64374,0
24950,1
121234,0
155104,0
49275,0
66662,0
78561,0
97353,0
50265,0
50936,0
90606,0
68783,0
51177,0
26166,1
9590,1
2587,1
94182,0
74463,0
32161,1
4386,1
159429,0
73927,0
153698,0
78121,0
102234,0
43762,1
36468,1
104225,0
26705,1
124095,0
47838,0
40268,1
12593,1
118730,0
22683,1
4009,1
27966,1
89020,0
158964,0
142298,0
86092,0
60000,0
114540,0
44909,1
33794,1
21465,1
121041,0
15923,1
34603,1
143220,0
131065,0
9885,1
26441,1
20240,1
143707,0
43919,1
33237,1
139739,0
80143,0
143216,0
68209,0
23088,1
52950,0
55408,0
157845,0
14631,1
68304,0
78918,0
2768,1
42573,1
88146,0
123288,0
69334,0
69284,0
149531,0
4930,1
2864,1
2264,1
69025,0
57081,0
71807,0
92325,0
128563,0
58790,0
93915,0
9586,1
33961,1
120946,0
31279,1
98053,0
152160,0
92091,0
37240,1
8433,1
120310,0
61655,0
155015,0
54877,0
94407,0
137930,0
27441,1
119559,0
44609,1
93779,0
64309,0
27604,1
104885,0
119364,0
44054,1
95674,0
6185,1
69875,0
102505,0
93477,0
7618,1
138773,0
117471,0
124714,0
78869,0
92935,0
115723,0
108618,0
65803,0
149656,0
51060,0
128319,0
18094,1
48634,0
53789,0
71017,0
140587,0
25906,1
14205,1
126362,0
89328,0
36454,1
157974,0
83440,0
26681,1
113319,0
86988,0
78496,0
127442,0
64335,0
25639,1
123223,0
23869,1
34474,1
96833,0
81124,0
24681,1
81021,0
954,1
73433,0
136691,0
145887,0
157055,0
26072,1
73326,0
108805,0
94840,0
109354,0
111074,0
118583,0
59306,0
5418,1
2998,1
8767,1
77346,0
95939,0
23276,1
50749,0
73869,0
3251,1
71978,0
92015,0
11141,1
134067,0
83959,0
78034,0
122935,0
149053,0
55957,0
39108,1
143051,0
129723,0
130862,0
82129,0
148010,0
38992,1
130032,0
105500,0
122270,0
32691,1
117461,0
157627,0
139146,0
149247,0
65945,0
27427,1
68490,0
149685,0
100889,0
141418,0
3280,1
113002,0
52311,0
15877,1
31616,1
41894,1
7395,1
143749,0
56311,0
92023,0
48965,0
82664,0
135650,0
98435,0
49195,0
29176,1
54806,0
154470,0
31820,1
125845,0
143687,0
144713,0
150959,0
129560,0
49500,0
23801,1
132356,0
131453,0
119646,0
104265,0
158317,0
153778,0
107691,0
124119,0
40958,1
5878,1
16241,1
146662,0
113669,0
115750,0
152428,0
126636,0
153772,0
105832,0
94599,0
157354,0
22466,1
11397,1
29581,1
8859,1
50879,0
11426,1
147465,0
151613,0
105377,0
33860,1
20553,1
10757,1
124149,0
22587,1
116405,0
150872,0
110359,0
114950,0
118723,0
66486,0
38705,1
7036,1
140071,0
115451,0
147272,0
107506,0
47392,0
113287,0
128241,0
26639,1
118894,0
18933,1
53623,0
21725,1
86633,0
24158,1
75793,0
6709,1
92017,0
102944,0
104916,0
150503,0
142374,0
149326,0
120899,0
81648,0
154960,0
145688,0
157207,0
63152,0
95730,0
19814,1
148915,0
62268,0
46874,0
40321,1
102877,0
33235,1
130990,0
106384,0
67244,0
126126,0
80034,0
62264,0
67738,0
148489,0
33153,1
89510,0
92037,0
46487,0
144705,0
93204,0
24061,1
155704,0
107298,0
137203,0
121842,0
37048,1
111672,0
38826,1
108162,0
1013,1
130264,0
69115,0
135508,0
70068,0
84371,0
141495,0
118397,0
3497,1
136483,0
124834,0
11130,1
12972,1
89146,0
148006,0
59699,0
134993,0
23526,1
153917,0
34031,1
15496,1
101986,0
71145,0
50843,0
55540,0
109031,0
67538,0
50218,0
115268,0
94246,0
100863,0
64713,0
44269,1
96473,0
13870,1
159408,0
74324,0
155163,0
79008,0
129911,0
125281,0
25141,1
106688,0
1472,1
138842,0
97266,0
122837,0
30402,1
154163,0
144146,0
156431,0
115554,0
124401,0
111270,0
156356,0
126371,0
113561,0
78208,0
76881,0
141022,0
45627,0
108760,0
21255,1
151425,0
92131,0
147870,0
10876,1
28517,1
23444,1
89933,0
251,1
107220,0
18863,1
154842,0
104089,0
13857,1
35174,1
22817,1
55483,0
102247,0
122242,0
14917,1
13637,1
42518,1
7459,1
152143,0
52803,0
97214,0
42106,1
42611,1
57859,0
16573,1
147148,0
14302,1
72290,0
79146,0
123602,0
110633,0
6145,1
46522,0
72194,0
32175,1
103054,0
31360,1
15616,1
44404,1
31872,1
53459,0
145559,0
110827,0
131695,0
62865,0
99074,0
156959,0
120687,0
117451,0
154113,0
104069,0
28341,1
67381,0
98377,0
102957,0
35877,1
132702,0
47231,0
2236,1
80059,0
60457,0
149936,0
21395,1
69686,0
135309,0
156141,0
51877,0
8192,1
150720,0
65686,0
132044,0
6974,1
154543,0
33826,1
137769,0
90255,0
7462,1
427,1
104399,0
87813,0
66832,0
67951,0
132940,0
155462,0
72629,0
138564,0
107275,0
20507,1
17748,1
87796,0
134825,0
130087,0
27422,1
45491,0
7881,1
28752,1
132065,0
60163,0
54378,0
72054,0
42035,1
108682,0
32934,1
20325,1
12714,1
117695,0
153656,0
131752,0
20701,1
88938,0
80936,0
112264,0
156600,0
110319,0
129939,0
15174,1
92431,0
122724,0
103536,0
75799,0
131896,0
93270,0
25514,1
76138,0
105391,0
154436,0
4409,1
70417,0
148094,0
44694,1
45140,0
104272,0
72537,0
93178,0
63563,0
88627,0
17775,1
60603,0
8132,1
155922,0
95544,0
50528,0
69667,0
19451,1
15255,1
10504,1
129340,0
135836,0
36832,1
58238,0
128818,0
17598,1
127678,0
126732,0
45807,0
88325,0
18165,1
59596,0
75237,0
118217,0
105489,0
37597,1
32608,1
110453,0
133872,0
139925,0
73501,0
81984,0
122091,0
148426,0
11071,1
7405,1
1562,1
54407,0
23519,1
7210,1
143143,0
56452,0
61436,0
783,1
86699,0
154009,0
1645,1
71661,0
25042,1
102112,0
153042,0
124154,0
122985,0
3101,1
42086,1
140735,0
110165,0
68243,0
65853,0
53055,0
34630,1
7774,1
45257,0
68321,0
40466,1
72127,0
55926,0
5883,1
41738,1
73349,0
156819,0
70434,0
65816,0
1432,1
64032,0
2243,1
19167,1
60226,0
32717,1
74517,0
71174,0
99088,0
14897,1
78261,0
66718,0
19889,1
112543,0
30800,1
154719,0
108151,0
60759,0
145417,0
34178,1
89986,0
19322,1
134751,0
143758,0
154133,0
12123,1
98206,0
91293,0
141692,0
151617,0
101418,0
142401,0
148522,0
153154,0
65394,0
120929,0
103222,0
159370,0
39442,1
140214,0
84499,0
114873,0
136268,0
119889,0
149848,0
40611,1
20646,1
37245,1
119712,0
92681,0
74621,0
4791,1
42792,1
99696,0
115924,0
12454,1
38947,1
148009,0
39799,1
126593,0
86723,0
156120,0
91897,0
49546,0
60529,0
122050,0
154246,0
55364,0
155011,0
108121,0
19447,1
128281,0
81976,0
137939,0
148475,0
59148,0
7909,1
58006,0
95395,0
152636,0
25644,1
54861,0
131132,0
134730,0
69989,0
126816,0
115034,0
126937,0
53242,0
16624,1
130614,0
126440,0
85102,0
134420,0
12185,1
41622,1
143200,0
53231,0
60319,0
83011,0
153578,0
14844,1
40883,1
87132,0
159195,0
138964,0
113839,0
78874,0
24451,1
61888,0
108636,0
114259,0
122876,0
36507,1
45004,1
102198,0
48235,0
137724,0
74779,0
71401,0
41710,1
134559,0
76380,0
10534,1
113625,0
27846,1
91155,0
123104,0
86818,0
28597,1
32962,1
102305,0
139941,0
17115,1
33452,1
30630,1
53005,0
97392,0
71889,0
152261,0
56845,0
133748,0
69614,0
105814,0
5209,1
25092,1
135271,0
52926,0
117060,0
130017,0
86762,0
137336,0
85898,0
33877,1
8553,1
113787,0
148289,0
49473,0
123706,0
25387,1
65432,0
74250,0
89912,0
63301,0
147833,0
2373,1
118864,0
132511,0
150938,0
120989,0
43027,1
65504,0
132897,0
48694,0
55030,0
32774,1
94578,0
39210,1
18464,1
12645,1
63202,0
133445,0
148380,0
99776,0
39064,1
127694,0
104974,0
107547,0
62393,0
94238,0
70706,0
158852,0
62702,0
132771,0
137090,0
22221,1
101847,0
110829,0
35402,1
149900,0
85277,0
51323,0
130633,0
10427,1
82601,0
52859,0
15057,1
141678,0
35826,1
157743,0
72843,0
158947,0
49522,0
128896,0
120803,0
3948,1
44115,1
6329,1
41870,1
9973,1
34075,1
146967,0
9139,1
32850,1
60922,0
18494,1
99826,0
43717,1
29783,1
83384,0
67817,0
32385,1
73383,0
114242,0
132057,0
66063,0
157453,0
104540,0
46748,0
37890,1
155458,0
52370,0
54855,0
61839,0
129654,0
112043,0
96688,0
66511,0
102289,0
4252,1
44691,1
156167,0
8930,1
158983,0
159492,0
151701,0
131505,0
97725,0
135882,0
60085,0
155130,0
148587,0
109164,0
76346,0
22391,1
107837,0
82230,0
85150,0
136512,0
114268,0
98567,0
59381,0
39440,1
127552,0
50353,0
141490,0
84946,0
31553,1
158092,0
38365,1
131042,0
118413,0
84524,0
33348,1
119707,0
105072,0
142811,0
62007,0
22193,1
80283,0
55393,0
30018,1
38546,1
86096,0
92900,0
49076,0
92693,0
149985,0
124229,0
135847,0
23962,1
76319,0
63733,0
132961,0
64081,0
64530,0
49244,0
112194,0
146062,0
97238,0
45395,0
13895,1
58343,0
44968,1
77170,0
68871,0
77934,0
57805,0
117667,0
144486,0
16725,1
35097,1
102968,0
62305,0
17164,1
16082,1
59767,0
119633,0
120669,0
105067,0
109524,0
128389,0
65995,0
114490,0
57901,0
74647,0
52044,0
76287,0
25981,1
112465,0
37533,1
125933,0
77077,0
24741,1
118965,0
110643,0
50618,0
67960,0
121033,0
27279,1
94837,0
149894,0
111746,0
55054,0
46550,0
46485,0
148486,0
73810,0
14970,1
141568,0
117249,0
26733,1
157498,0
9459,1
81098,0
127033,0
159233,0
60577,0
52078,0
131142,0
17391,1
28451,1
148791,0
91795,0
103360,0
29116,1
87209,0
116037,0
145014,0
133432,0
107672,0
102716,0
48726,0
134175,0
24480,1
115415,0
11478,1
155175,0
105621,0
23774,1
152193,0
144089,0
153719,0
49731,0
79551,0
124762,0
37079,1
68414,0
143919,0
129024,0
2437,1
86335,0
33953,1
57749,0
120954,0
36810,1
44424,1
72691,0
83765,0
159581,0
18876,1
26926,1
57098,0
60082,0
67670,0
28704,1
106512,0
113948,0
68365,0
45355,0
110644,0
106276,0
38621,1
150138,0
19601,1
11232,1
15089,1
14765,1
54029,0
150322,0
158047,0
139226,0
12300,1
39103,1
73566,0
102812,0
156824,0
124372,0
21776,1
45461,0
39738,1
90275,0
128014,0
103246,0
6205,1
61681,0
89318,0
22350,1
125135,0
79403,0
44882,1
45966,0
81113,0
84581,0
57967,0
142865,0
22483,1
134216,0
132401,0
157474,0
131139,0
102221,0
113514,0
147745,0
154531,0
98621,0
96869,0
153490,0
20025,1
28428,1
56913,0
71890,0
4873,1
121720,0
147855,0
48983,0
109270,0
5770,1
31808,1
18338,1
104733,0
67288,0
141702,0
28160,1
97409,0
6599,1
76087,0
134330,0
149038,0
96754,0
117596,0
49928,0
134633,0
140361,0
12411,1
9787,1
120373,0
59958,0
152819,0
13134,1
150825,0
146784,0
118711,0
33180,1
40376,1
148491,0
89419,0
64769,0
66344,0
151980,0
92859,0
113265,0
156409,0
40108,1
116547,0
10117,1
93451,0
3238,1
63080,0
138302,0
60986,0
156252,0
89859,0
80762,0
113011,0
21149,1
33064,1
72473,0
107101,0
114020,0
74661,0
12909,1
51214,0
13984,1
76663,0
6362,1
14792,1
149950,0
112179,0
63251,0
102417,0
148133,0
126243,0
132390,0
59679,0
7207,1
35319,1
74528,0
9587,1
14264,1
105825,0
139848,0
125467,0
114379,0
9665,1
34988,1
123773,0
107167,0
147911,0
54912,0
151034,0
3218,1
150236,0
156092,0
115363,0
26895,1
22082,1
81505,0
67464,0
48160,0
96083,0
71862,0
30295,1
94396,0
14436,1
27257,1
58205,0
36579,1
47970,0
3018,1
33174,1
17730,1
82188,0
134527,0
100709,0
4883,1
115929,0
109403,0
45620,0
17489,1
157045,0
63527,0
123315,0
119905,0
32998,1
59270,0
129742,0
93717,0
43748,1
7460,1
105273,0
70509,0
104134,0
58965,0
74869,0
92413,0
74474,0
72267,0
38958,1
62421,0
70909,0
118082,0
59249,0
35970,1
68416,0
124621,0
98523,0
66240,0
13184,1
91226,0
4251,1
28062,1
135833,0
129754,0
152496,0
57620,0
56977,0
96421,0
143756,0
106499,0
26758,1
105854,0
154039,0
75927,0
116973,0
102528,0
99134,0
68947,0
56324,0
123041,0
33236,1
90209,0
74843,0
16554,1
84285,0
126291,0
142586,0
69829,0
133164,0
52927,0
117317,0
3535,1
68908,0
73404,0
95035,0
68604,0
56113,0
95949,0
10634,1
131202,0
33544,1
721,1
48909,0
85463,0
85697,0
78260,0
150758,0
157160,0
116484,0
8653,1
134660,0
94065,0
115646,0
3164,1
70716,0
122944,0
77292,0
26385,1
1298,1
119538,0
58895,0
147412,0
102856,0
119196,0
34109,1
15205,1
65336,0
24509,1
83595,0
155491,0
71104,0
53360,0
37818,1
102154,0
98665,0
134450,0
156116,0
19072,1
114630,0
36976,1
68975,0
61696,0
15654,1
119542,0
143211,0
26876,1
83472,0
119442,0
102521,0
14291,1
130846,0
103119,0
150746,0
142306,0
140961,0
154669,0
124564,0
15519,1
121676,0
92340,0
23273,1
21391,1
80468,0
122288,0
49240,0
133738,0
31772,1
29790,1
136344,0
126672,0
150954,0
54461,0
122260,0
128119,0
2071,1
75883,0
70222,0
60891,0
133901,0
6324,1
155792,0
47828,0
26624,1
33178,1
46764,0
89629,0
152823,0
92602,0
5681,1
74343,0
155411,0
19111,1
148705,0
125559,0
89911,0
7053,1
10908,1
133933,0
145342,0
140451,0
59339,0
8619,1
101471,0
57235,0
99442,0
43863,1
78075,0
35651,1
21982,1
157654,0
32064,1
22334,1
36191,1
140539,0
132178,0
111381,0
12536,1
67416,0
108864,0
93,1
75871,0
29059,1
25683,1
109600,0
108416,0
121432,0
99848,0
19458,1
120535,0
103689,0
68266,0
111621,0
39991,1
3756,1
130,1
24549,1
140357,0
18642,1
82892,0
88667,0
88773,0
8603,1
142087,0
65625,0
122901,0
104180,0
10823,1
131387,0
110470,0
79114,0
113512,0
74817,0
58337,0
128621,0
23318,1
887,1
17343,1
105963,0
92939,0
13962,1
8640,1
65747,0
125537,0
6584,1
149072,0
112162,0
13023,1
141409,0
29382,1
94403,0
75004,0
152846,0
78235,0
72322,0
111468,0
70077,0
22561,1
128223,0
62822,0
21260,1
99785,0
142349,0
150924,0
115861,0
117444,0
62266,0
140359,0
105182,0
41025,1
152490,0
51571,0
139532,0
8406,1
94866,0
4400,1
90558,0
117919,0
96789,0
125340,0
82147,0
146668,0
21960,1
78823,0
125426,0
37036,1
113070,0
102664,0
15549,1
11776,1
35936,1
68617,0
138230,0
101758,0
75829,0
89,1
129526,0
152800,0
128426,0
63405,0
127289,0
81714,0
12619,1
138659,0
79357,0
65190,0
6969,1
142898,0
46598,0
50983,0
123838,0
98667,0
87548,0
116424,0
3673,1
18604,1
91814,0
136077,0
27832,1
41866,1
32491,1
71361,0
133061,0
75046,0
140328,0
91217,0
13350,1
116167,0
136523,0
25103,1
91940,0
19908,1
33461,1
74383,0
70547,0
93541,0
127984,0
134160,0
7015,1
4213,1
100524,0
79547,0
98504,0
95574,0
126807,0
115213,0
27036,1
67905,0
127058,0
66702,0
66061,0
133113,0
26739,1
54966,0
1756,1
8436,1
21954,1
3941,1
5565,1
94959,0
107434,0
20405,1
29600,1
72453,0
28096,1
33364,1
21150,1
125824,0
141720,0
46866,0
62867,0
97046,0
103665,0
107430,0
9811,1
129869,0
159011,0
146982,0
98604,0
42720,1
24935,1
14618,1
112956,0
112243,0
33596,1
29357,1
46152,0
67399,0
108072,0
61159,0
48688,0
86741,0
110348,0
143165,0
69142,0
139845,0
153643,0
54006,0
117475,0
56668,0
74768,0
89674,0
136531,0
8647,1
35900,1
44582,1
105547,0
55638,0
35913,1
83297,0
86321,0
35295,1
47429,0
2342,1
93704,0
33177,1
112614,0
85931,0
72213,0
108179,0
26335,1
589,1
26791,1
16050,1
122688,0
6348,1
60444,0
99949,0
128856,0
47541,0
13912,1
114614,0
7746,1
16367,1
155309,0
1884,1
134196,0
154939,0
34296,1
159522,0
31944,1
93368,0
84229,0
106919,0
48647,0
23509,1
142066,0
54632,0
128315,0
65854,0
142775,0
57546,0
31125,1
56036,0
839,1
149394,0
113996,0
84361,0
58852,0
114212,0
61978,0
9669,1
81791,0
24574,1
91136,0
140258,0
88337,0
129801,0
75496,0
9878,1
124045,0
44665,1
57619,0
144712,0
31038,1
61694,0
66492,0
143495,0
44796,1
128175,0
722,1
67136,0
151283,0
132901,0
150368,0
27232,1
1018,1
39170,1
147127,0
66204,0
1489,1
84570,0
107453,0
104289,0
67855,0
8664,1
105888,0
10157,1
87883,0
47382,0
21720,1
60911,0
119530,0
66758,0
158552,0
46647,0
10426,1
37484,1
156871,0
78124,0
108907,0
35145,1
26721,1
29139,1
106154,0
154606,0
1371,1
127223,0
94931,0
45994,0
56424,0
81488,0
157251,0
71208,0
114850,0
113913,0
101503,0
117989,0
34129,1
21647,1
148753,0
149155,0
132066,0
110139,0
12929,1
66831,0
31484,1
140967,0
48352,0
12114,1
12069,1
66099,0
117169,0
146639,0
32543,1
27921,1
107741,0
11329,1
116767,0
13138,1
145346,0
26123,1
132091,0
110898,0
89553,0
11432,1
24400,1
103530,0
15403,1
144118,0
29114,1
28084,1
40535,1
26539,1
96652,0
27895,1
28216,1
83402,0
31660,1
90004,0
82118,0
49276,0
62232,0
81824,0
94086,0
49720,0
143715,0
129490,0
133602,0
45012,1
71478,0
147685,0
92331,0
125059,0
57507,0
75653,0
22619,1
48313,0
84768,0
13322,1
129448,0
113297,0
71415,0
68474,0
89915,0
137852,0
128660,0
98531,0
55158,0
70879,0
106577,0
22504,1
121924,0
20834,1
12146,1
95162,0
36817,1
99692,0
23853,1
44735,1
14212,1
1378,1
41085,1
22239,1
54379,0
99783,0
39564,1
7049,1
17592,1
151362,0
37179,1
59710,0
118198,0
56778,0
46159,0
99192,0
30491,1
32923,1
145275,0
41978,1
32513,1
30682,1
45743,0
95858,0
20710,1
116588,0
2176,1
77913,0
58976,0
108707,0
126480,0
81364,0
28275,1
36286,1
8914,1
42503,1
151744,0
80570,0
148031,0
135458,0
93214,0
151253,0
125591,0
153413,0
3419,1
73697,0
80573,0
22547,1
68792,0
153447,0
106694,0
76813,0
155567,0
61586,0
118527,0
119363,0
117419,0
138440,0
6432,1
75789,0
114611,0
74260,0
35791,1
151761,0
33965,1
56555,0
72412,0
50002,0
68051,0
22409,1
48994,0
69459,0
142909,0
81886,0
14200,1
147420,0
73154,0
83444,0
72297,0
138628,0
1501,1
140125,0
81540,0
131850,0
76619,0
32718,1
149138,0
66266,0
18804,1
110273,0
26717,1
46477,0
97029,0
143297,0
37338,1
91624,0
46144,0
86977,0
127175,0
97699,0
45517,0
76296,0
80457,0
10791,1
107843,0
34368,1
15239,1
29137,1
119498,0
103576,0
67305,0
38116,1
9812,1
70084,0
136701,0
143981,0
28156,1
113003,0
9098,1
133817,0
107067,0
5562,1
17916,1
139480,0
132532,0
15283,1
108342,0
32415,1
153295,0
63956,0
153614,0
39782,1
141443,0
130177,0
81427,0
116563,0
19903,1
22969,1
39613,1
156777,0
146193,0
76997,0
112399,0
18293,1
36374,1
41390,1
157536,0
68963,0
139632,0
146885,0
85453,0
48319,0
112303,0
91867,0
26667,1
4570,1
45990,0
57398,0
104561,0
30301,1
105855,0
95627,0
29288,1
115040,0
50070,0
97090,0
64770,0
6445,1
95428,0
159,1
117749,0
70103,0
115136,0
138342,0
85849,0
95151,0
106549,0
107033,0
144688,0
142918,0
141384,0
24244,1
97535,0
105597,0
50179,0
137424,0
31152,1
155667,0
73448,0
20617,1
45436,0
19524,1
79753,0
24095,1
138865,0
46816,0
117604,0
151133,0
60367,0
83946,0
125136,0
79873,0
30785,1
105194,0
122660,0
22745,1
54396,0
55387,0
9862,1
87815,0
127925,0
137600,0
48126,0
143822,0
72795,0
107656,0
4422,1
28637,1
132090,0
154055,0
106030,0
120020,0
8588,1
136475,0
60357,0
97042,0
23779,1
31692,1
142036,0
90639,0
120154,0
46071,0
52250,0
29905,1
71383,0
88251,0
69603,0
45468,0
91020,0
19909,1
148851,0
96525,0
149565,0
25126,1
41461,1
119893,0
39800,1
18063,1
111303,0
135403,0
50200,0
135169,0
115263,0
108452,0
1620,1
21077,1
155145,0
61169,0
39067,1
136932,0
141543,0
98117,0
129264,0
127090,0
28992,1
93377,0
54232,0
65318,0
129753,0
98283,0
11331,1
12176,1
87575,0
53355,0
36137,1
143144,0
127624,0
10186,1
122523,0
42618,1
30603,1
132853,0
86372,0
93719,0
137813,0
126081,0
41922,1
90952,0
9435,1
45613,0
91269,0
76041,0
56857,0
87242,0
138775,0
136355,0
35527,1
148805,0
62228,0
122200,0
95759,0
145243,0
135083,0
21126,1
118328,0
25991,1
68982,0
6046,1
59437,0
63334,0
4952,1
157003,0
138597,0
146103,0
68568,0
41585,1
49718,0
67179,0
147428,0
118687,0
4470,1
61919,0
143733,0
85760,0
49135,0
99763,0
53835,0
2074,1
17420,1
72756,0
99617,0
908,1
89932,0
87252,0
109602,0
144345,0
46949,0
72709,0
78785,0
88758,0
150479,0
20842,1
120600,0
136426,0
126819,0
64589,0
22829,1
131161,0
126702,0
30397,1
15507,1
51252,0
22670,1
152478,0
43860,1
94510,0
39220,1
17060,1
104310,0
146,1
34064,1
102819,0
61775,0
90595,0
149628,0
43892,1
103808,0
101243,0
60928,0
120195,0
63463,0
83639,0
108872,0
150776,0
105960,0
70374,0
55137,0
20762,1
80507,0
59229,0
51027,0
62945,0
148529,0
157326,0
69791,0
83510,0
118062,0
141141,0
97640,0
147221,0
45323,0
11195,1
130829,0
111217,0
83967,0
55381,0
13533,1
93339,0
109300,0
35591,1
20097,1
51408,0
60620,0
15696,1
142288,0
7221,1
32472,1
94486,0
145755,0
15276,1
16714,1
62503,0
32937,1
32594,1
147330,0
50404,0
108531,0
145058,0
139422,0
156311,0
75757,0
116347,0
11958,1
113168,0
61772,0
26570,1
71653,0
36780,1
24593,1
4221,1
88186,0
6144,1
46861,0
5683,1
140887,0
4793,1
124064,0
77051,0
13080,1
17524,1
51531,0
72540,0
137757,0
42921,1
68597,0
97642,0
2971,1
104894,0
61679,0
22742,1
136479,0
34287,1
51306,0
44544,1
14960,1
38292,1
11760,1
104696,0
153930,0
120781,0
89287,0
51974,0
7247,1
7082,1
75411,0
147943,0
45023,1
11636,1
150654,0
30993,1
65787,0
159490,0
22128,1
17544,1
12414,1
109068,0
134563,0
10604,1
135092,0
46734,0
137401,0
77879,0
123556,0
115491,0
43201,1
36996,1
135253,0
93535,0
154798,0
41656,1
67853,0
104463,0
18366,1
99221,0
150195,0
75688,0
25171,1
105326,0
85149,0
57878,0
87859,0
114128,0
138477,0
141160,0
16471,1
97948,0
88515,0
24422,1
88006,0
8867,1
41149,1
130210,0
38383,1
51454,0
10942,1
16856,1
154148,0
151959,0
111058,0
133499,0
127405,0
113351,0
125177,0
3487,1
97267,0
21767,1
124351,0
138498,0
133433,0
156496,0
42725,1
84618,0
38389,1
136755,0
3579,1
25314,1
131408,0
5618,1
16909,1
148776,0
126073,0
6972,1
74355,0
9861,1
88698,0
117545,0
125274,0
92383,0
83275,0
56460,0
27686,1
123348,0
111594,0
22875,1
91072,0
153637,0
65389,0
39809,1
37496,1
123710,0
109734,0
109257,0
147821,0
20257,1
68396,0
135479,0
66396,0
121886,0
144115,0
9370,1
70358,0
46106,0
18795,1
53556,0
141010,0
91721,0
100420,0
159323,0
61210,0
29511,1
134609,0
19223,1
113664,0
41073,1
98078,0
53027,0
57449,0
8325,1
52658,0
95526,0
43466,1
57286,0
101122,0
421,1
51749,0
107671,0
30330,1
23902,1
92151,0
124349,0
9061,1
19372,1
71542,0
156486,0
85349,0
78008,0
126152,0
141865,0
158631,0
157741,0
66076,0
68072,0
109398,0
68042,0
121711,0
18394,1
109794,0
70137,0
69213,0
158767,0
45664,0
111384,0
144655,0
133627,0
29020,1
64093,0
97499,0
37481,1
116253,0
32621,1
113164,0
124994,0
26989,1
118911,0
156157,0
37789,1
26618,1
157233,0
72319,0
109417,0
117260,0
113880,0
5458,1
77044,0
128088,0
148746,0
105420,0
39571,1
24000,1
86498,0
8251,1
118420,0
75190,0
35517,1
144733,0
134210,0
68289,0
130308,0
53546,0
150833,0
44320,1
76649,0
26381,1
108193,0
65759,0
27212,1
21712,1
87466,0
14338,1
159563,0
68019,0
80764,0
148170,0
69260,0
93710,0
138468,0
47323,0
88600,0
64327,0
129209,0
106887,0
113170,0
143511,0
115309,0
36004,1
149758,0
65919,0
145078,0
27592,1
66399,0
158560,0
7609,1
67410,0
87266,0
121603,0
105609,0
8040,1
128535,0
109488,0
117130,0
121887,0
109388,0
109941,0
59424,0
55853,0
92555,0
140032,0
124297,0
24272,1
104489,0
137112,0
95736,0
48322,0
123705,0
112564,0
27551,1
78375,0
158779,0
4737,1
30277,1
87520,0
49866,0
68733,0
93872,0
33817,1
129988,0
52075,0
72655,0
24344,1
27013,1
30541,1
83343,0
120650,0
111200,0
127612,0
24194,1
26643,1
113733,0
55209,0
123059,0
114141,0
47905,0
6721,1
78049,0
17509,1
58151,0
33327,1
152446,0
150042,0
14020,1
142927,0
39729,1
36305,1
106730,0
77802,0
36606,1
88230,0
146394,0
86788,0
14838,1
99001,0
154502,0
117934,0
146031,0
8970,1
1962,1
69789,0
5016,1
94926,0
156535,0
105894,0
11001,1
141964,0
131203,0
86316,0
147827,0
37243,1
108396,0
155235,0
120416,0
104049,0
118578,0
20933,1
92150,0
142498,0
9807,1
76153,0
152469,0
149939,0
128272,0
31802,1
146817,0
101118,0
154970,0
21136,1
26023,1
113822,0
96751,0
86686,0
90918,0
53085,0
137728,0
19188,1
18630,1
84711,0
119780,0
119039,0
7289,1
148436,0
91460,0
86089,0
157735,0
51101,0
86735,0
127426,0
63157,0
58235,0
9047,1
56,1
131587,0
5063,1
128607,0
140296,0
27872,1
120611,0
98154,0
87807,0
33215,1
86466,0
16881,1
106318,0
76676,0
260,1
140160,0
156513,0
23822,1
25223,1
154052,0
147119,0
69128,0
16645,1
85053,0
134555,0
149707,0
126459,0
50473,0
133806,0
41625,1
113283,0
96650,0
147482,0
51071,0
121203,0
121128,0
60078,0
67231,0
52515,0
30356,1
108203,0
129767,0
137286,0
152606,0
48367,0
60348,0
25216,1
31351,1
22684,1
71507,0
21893,1
82150,0
110259,0
70373,0
118699,0
120794,0
100337,0
21000,1
79409,0
74832,0
143785,0
4766,1
112293,0
35641,1
145245,0
78559,0
1129,1
151167,0
41324,1
66985,0
105531,0
60961,0
36352,1
7649,1
74381,0
105631,0
108984,0
122003,0
79848,0
865,1
117555,0
112628,0
113947,0
8776,1
95488,0
155947,0
158837,0
71280,0
34335,1
44227,1
38351,1
10813,1
71025,0
139459,0
35589,1
138485,0
102441,0
120737,0
118858,0
61128,0
97853,0
50918,0
152599,0
17451,1
10690,1
95573,0
13315,1
15916,1
4094,1
85377,0
3111,1
1281,1
195,1
103423,0
130927,0
60419,0
111761,0
57871,0
90375,0
140932,0
50698,0
146569,0
43481,1
120525,0
70800,0
5076,1
124719,0
156000,0
25550,1
144879,0
88136,0
136322,0
125413,0
128824,0
102712,0
108039,0
59942,0
40493,1
55205,0
35184,1
55234,0
143343,0
3004,1
88202,0
1364,1
56525,0
14744,1
68978,0
52653,0
121739,0
48148,0
219,1
50726,0
61149,0
27428,1
147707,0
13513,1
142845,0
72645,0
12550,1
108334,0
117479,0
159128,0
33759,1
25124,1
3383,1
100461,0
90271,0
62898,0
22523,1
77762,0
127441,0
92245,0
36188,1
51260,0
8733,1
134693,0
87967,0
91406,0
55117,0
146815,0
11474,1
28685,1
81351,0
67265,0
138463,0
40837,1
55571,0
144686,0
116384,0
125613,0
70418,0
123479,0
28885,1
105089,0
135079,0
132343,0
115695,0
14461,1
131817,0
19910,1
25535,1
94954,0
127863,0
71209,0
129528,0
138410,0
55504,0
146805,0
148320,0
86463,0
113563,0
150088,0
104803,0
28347,1
108434,0
118869,0
158099,0
96284,0
41692,1
72964,0
140814,0
80953,0
15980,1
128329,0
122959,0
2959,1
8722,1
154972,0
141361,0
4515,1
144953,0
35162,1
57493,0
157799,0
38847,1
94983,0
65140,0
133436,0
146731,0
21479,1
39843,1
77118,0
128935,0
125398,0
125761,0
107489,0
34538,1
97475,0
36493,1
56738,0
130077,0
101123,0
10086,1
49574,0
3581,1
56601,0
38951,1
25892,1
28261,1
120112,0
63381,0
20697,1
124263,0
57473,0
91419,0
107549,0
49425,0
127575,0
123068,0
45537,0
135532,0
88662,0
90190,0
140394,0
147055,0
109150,0
43879,1
124206,0
68366,0
128350,0
84493,0
61920,0
88971,0
83550,0
110448,0
94028,0
99544,0
95522,0
109038,0
122966,0
33250,1
144984,0
109788,0
64233,0
47670,0
42441,1
37959,1
52331,0
78711,0
65718,0
44945,1
10341,1
7130,1
157543,0
107374,0
90631,0
131354,0
81283,0
40444,1
153609,0
69154,0
143002,0
46429,0
57825,0
13900,1
144592,0
110639,0
10033,1
115265,0
106411,0
27326,1
159005,0
48636,0
114018,0
113422,0
50827,0
19227,1
3380,1
30161,1
146329,0
132949,0
153213,0
83095,0
32538,1
82853,0
114917,0
134312,0
59420,0
8227,1
17318,1
145966,0
38297,1
72647,0
135665,0
129405,0
141457,0
47779,0
109383,0
158377,0
21131,1
29090,1
142476,0
48420,0
23325,1
12790,1
135220,0
94709,0
101874,0
90842,0
109747,0
48554,0
61661,0
54775,0
103126,0
114734,0
129899,0
105542,0
95722,0
39580,1
115679,0
36061,1
81117,0
3382,1
95064,0
127364,0
127958,0
118386,0
144401,0
44457,1
45177,0
156501,0
83635,0
140098,0
6346,1
99084,0
80480,0
81286,0
106135,0
22111,1
46723,0
62385,0
159364,0
113594,0
3504,1
135024,0
149567,0
35200,1
13019,1
12538,1
151667,0
90494,0
126466,0
105219,0
113393,0
136406,0
102875,0
41291,1
36558,1
66120,0
26501,1
88343,0
133766,0
134708,0
82828,0
155380,0
143334,0
6869,1
151878,0
115978,0
36236,1
62598,0
119280,0
130987,0
96363,0
120184,0
33919,1
81840,0
155310,0
58143,0
26801,1
11221,1
102798,0
8235,1
38309,1
106748,0
86046,0
66686,0
10792,1
3214,1
27599,1
119189,0
93321,0
38736,1
6570,1
108206,0
83579,0
142991,0
39173,1
96903,0
90361,0
14105,1
157626,0
65075,0
118575,0
96434,0
145362,0
109415,0
54616,0
1451,1
14238,1
118110,0
115307,0
7153,1
7674,1
55606,0
94313,0
37045,1
33821,1
63055,0
119342,0
120977,0
136041,0
141489,0
157444,0
108090,0
118531,0
64513,0
13451,1
101786,0
64008,0
22404,1
79862,0
68861,0
105502,0
63257,0
111958,0
106265,0
21633,1
128115,0
137219,0
47899,0
13220,1
154166,0
135553,0
96438,0
110654,0
69429,0
144150,0
20417,1
155158,0
37535,1
32192,1
117956,0
21634,1
115005,0
133895,0
110347,0
114200,0
154560,0
92919,0
93548,0
135122,0
5646,1
88676,0
43049,1
28763,1
18702,1
29406,1
83607,0
32572,1
62152,0
131292,0
71110,0
108020,0
55290,0
84232,0
158445,0
31002,1
140995,0
25469,1
25593,1
100139,0
18914,1
122320,0
93601,0
99297,0
143232,0
147725,0
16355,1
23552,1
21710,1
154431,0
153531,0
58237,0
118767,0
133418,0
74640,0
72689,0
43434,1
149216,0
122290,0
106449,0
137853,0
155178,0
153551,0
87918,0
132552,0
109306,0
85684,0
11296,1
119455,0
99906,0
62959,0
21747,1
101702,0
121257,0
113026,0
106389,0
12459,1
96037,0
108507,0
89331,0
36662,1
96640,0
60510,0
106182,0
53564,0
123376,0
108220,0
76217,0
92077,0
45346,0
90489,0
127784,0
145513,0
111710,0
139308,0
135047,0
73307,0
66727,0
100100,0
157905,0
57666,0
113438,0
96633,0
114768,0
133380,0
125597,0
41409,1
69930,0
59507,0
103295,0
103049,0
103639,0
100877,0
144790,0
77133,0
157526,0
40950,1
41004,1
16567,1
156228,0
101283,0
145721,0
47604,0
153869,0
89535,0
113863,0
29029,1
151301,0
88602,0
18011,1
56930,0
114038,0
132796,0
65347,0
10021,1
156908,0
110428,0
53232,0
48796,0
51572,0
83729,0
102199,0
36149,1
89671,0
7076,1
93317,0
122054,0
92323,0
91553,0
74763,0
114663,0
119325,0
24008,1
29184,1
85431,0
4260,1
145192,0
32601,1
32986,1
122647,0
26492,1
73385,0
129220,0
44420,1
52033,0
68235,0
11409,1
115524,0
142396,0
54726,0
88912,0
64476,0
92098,0
52470,0
145204,0
115729,0
122454,0
59885,0
50469,0
82936,0
114545,0
154345,0
96998,0
10028,1
159378,0
116847,0
116894,0
61170,0
142404,0
108646,0
56736,0
46016,0
129155,0
89017,0
34100,1
157659,0
115608,0
62961,0
107528,0
42987,1
120948,0
152464,0
113482,0
129940,0
20665,1
123944,0
126441,0
125058,0
30014,1
30901,1
116123,0
32048,1
33036,1
127600,0
109629,0
17963,1
14812,1
6714,1
63870,0
67341,0
110915,0
56747,0
157779,0
82328,0
34317,1
73879,0
131508,0
68756,0
97268,0
124592,0
144029,0
49548,0
46497,0
111138,0
120812,0
10885,1
16970,1
21002,1
153314,0
13790,1
127336,0
17646,1
127758,0
144843,0
91147,0
55696,0
31979,1
47834,0
71976,0
83445,0
31133,1
93807,0
100415,0
19898,1
53468,0
113992,0
159280,0
127415,0
52175,0
94575,0
516,1
44621,1
37389,1
107775,0
38986,1
15998,1
119616,0
159450,0
122465,0
87566,0
33964,1
137418,0
10326,1
39954,1
8620,1
7745,1
109897,0
151053,0
110003,0
58626,0
16216,1
65714,0
93617,0
85300,0
118714,0
31063,1
125131,0
140640,0
145440,0
25389,1
129976,0
22266,1
38131,1
45365,0
122442,0
92620,0
57707,0
57224,0
6016,1
101724,0
31023,1
107362,0
21834,1
99799,0
61483,0
119177,0
27164,1
55959,0
74315,0
156050,0
113497,0
68215,0
17863,1
43677,1
71720,0
99369,0
41475,1
48244,0
136813,0
41076,1
59533,0
40059,1
25400,1
99931,0
140351,0
65760,0
70937,0
21166,1
107906,0
87068,0
41911,1
157173,0
154499,0
125488,0
28023,1
17577,1
131735,0
2977,1
25507,1
65805,0
98510,0
96060,0
8749,1
89396,0
3874,1
19901,1
96223,0
69415,0
111265,0
92214,0
92108,0
13688,1
156948,0
76498,0
131756,0
33463,1
149136,0
74878,0
63830,0
151484,0
138362,0
63205,0
32413,1
56146,0
158201,0
48035,0
97755,0
17482,1
155240,0
93027,0
155333,0
155237,0
150530,0
68181,0
100085,0
23783,1
104171,0
5633,1
26614,1
74770,0
157222,0
27134,1
58714,0
142443,0
157623,0
91281,0
136914,0
112373,0
55521,0
39492,1
111366,0
100370,0
149639,0
115080,0
149255,0
44723,1
144246,0
113188,0
86795,0
132298,0
119945,0
121313,0
89110,0
108345,0
92981,0
151938,0
83026,0
47910,0
157499,0
124173,0
159579,0
89464,0
9966,1
56035,0
56548,0
22806,1
31461,1
118573,0
69889,0
116376,0
144295,0
150215,0
24632,1
48432,0
105921,0
79238,0
6815,1
94359,0
106932,0
156115,0
120139,0
41779,1
111879,0
381,1
23343,1
136439,0
154943,0
11686,1
52915,0
113722,0
67266,0
45749,0
13737,1
59213,0
75576,0
92458,0
3764,1
87490,0
116992,0
143763,0
125941,0
98608,0
44403,1
97674,0
115450,0
66434,0
86803,0
50389,0
147620,0
23285,1
156417,0
118892,0
131229,0
91872,0
103239,0
56997,0
8538,1
17300,1
25627,1
64934,0
139899,0
18611,1
64067,0
124482,0
107581,0
119091,0
110542,0
116451,0
107919,0
137559,0
107395,0
76817,0
82670,0
54173,0
75901,0
43492,1
152488,0
40367,1
52642,0
25515,1
154523,0
49650,0
4506,1
45105,0
139153,0
116720,0
29205,1
39597,1
93780,0
139052,0
64284,0
21620,1
71964,0
108681,0
57738,0
12798,1
101614,0
141393,0
38668,1
22634,1
65534,0
30317,1
117696,0
64805,0
50630,0
19598,1
115653,0
148451,0
42511,1
158836,0
79362,0
68345,0
16124,1
49942,0
156247,0
107707,0
156542,0
13760,1
96964,0
90260,0
90836,0
79678,0
134077,0
33115,1
31638,1
118969,0
103476,0
2147,1
16563,1
108881,0
86489,0
151743,0
21658,1
101268,0
83392,0
140787,0
16786,1
73463,0
122701,0
143453,0
26861,1
27635,1
75735,0
139015,0
73235,0
154712,0
151503,0
102438,0
64500,0
5987,1
9503,1
16697,1
90283,0
11667,1
124036,0
14891,1
6779,1
155824,0
92986,0
154651,0
142450,0
87745,0
118085,0
77859,0
95221,0
118055,0
78172,0
87036,0
8704,1
130323,0
117775,0
74591,0
123675,0
46895,0
21578,1
151690,0
50090,0
70437,0
136146,0
24785,1
3473,1
144748,0
158682,0
93092,0
35581,1
95502,0
76485,0
28824,1
113386,0
60824,0
26460,1
154331,0
33522,1
135013,0
131502,0
51497,0
88171,0
157913,0
85227,0
145410,0
118837,0
113571,0
5220,1
82793,0
142599,0
28249,1
133885,0
74047,0
100828,0
76687,0
107502,0
83610,0
34820,1
34757,1
22697,1
20298,1
142371,0
126935,0
76336,0
27987,1
140948,0
19357,1
152859,0
109978,0
124530,0
145612,0
74254,0
99941,0
102347,0
106525,0
39454,1
93828,0
80865,0
16447,1
2690,1
148861,0
52487,0
129109,0
131217,0
84165,0
46701,0
74041,0
61490,0
66994,0
117546,0
146881,0
152732,0
7525,1
31972,1
67454,0
39412,1
83880,0
103260,0
154924,0
79640,0
3527,1
45982,0
103839,0
51391,0
14300,1
125526,0
111639,0
142458,0
88886,0
96682,0
137612,0
43024,1
115094,0
134301,0
100379,0
95671,0
41406,1
46898,0
48210,0
133287,0
32456,1
140193,0
86232,0
153217,0
12493,1
42791,1
137832,0
8635,1
71684,0
57833,0
89844,0
119359,0
114760,0
86621,0
73632,0
71881,0
146294,0
40081,1
59123,0
10649,1
787,1
12058,1
106619,0
152498,0
44030,1
10563,1
17033,1
103879,0
48615,0
68173,0
25024,1
21024,1
19015,1
97273,0
34597,1
26195,1
22570,1
103471,0
139438,0
65527,0
57420,0
100142,0
66443,0
61514,0
149801,0
38573,1
17720,1
98912,0
66044,0
29067,1
114557,0
18406,1
80244,0
127980,0
129262,0
148493,0
69124,0
140206,0
117113,0
145783,0
142839,0
56675,0
127673,0
123782,0
66378,0
155128,0
139065,0
73304,0
67031,0
121991,0
146179,0
81869,0
71730,0
38257,1
134668,0
111193,0
146946,0
121130,0
128707,0
146223,0
100708,0
150262,0
79244,0
18474,1
28586,1
37457,1
61284,0
19968,1
13628,1
6549,1
33196,1
25936,1
85071,0
14817,1
71638,0
9018,1
90336,0
152509,0
70454,0
13381,1
129382,0
12701,1
127268,0
65122,0
141691,0
33379,1
59532,0
147637,0
83889,0
144551,0
5494,1
52202,0
131857,0
114658,0
31666,1
57822,0
145419,0
81939,0
135336,0
44712,1
44975,1
69957,0
139835,0
7993,1
133862,0
156333,0
156646,0
75124,0
100456,0
12352,1
111280,0
32616,1
100634,0
82081,0
24818,1
28535,1
20906,1
10284,1
131215,0
110739,0
117401,0
98089,0
106986,0
60646,0
65984,0
6762,1
72672,0
68029,0
152210,0
1179,1
138471,0
14398,1
51939,0
157581,0
144437,0
62424,0
158756,0
134173,0
97126,0
124854,0
108045,0
136904,0
78634,0
126967,0
158873,0
81960,0
117467,0
86362,0
108080,0
15644,1
36377,1
19069,1
697,1
94582,0
143009,0
144839,0
2238,1
24547,1
24381,1
65268,0
154316,0
51139,0
66807,0
124329,0
104241,0
67979,0
100941,0
151154,0
81854,0
152920,0
65655,0
142548,0
156224,0
57053,0
91496,0
62422,0
47982,0
36788,1
78295,0
113136,0
44827,1
6207,1
53934,0
40971,1
34790,1
127738,0
51278,0
93087,0
23138,1
102412,0
79888,0
95146,0
94844,0
85516,0
123270,0
64402,0
72940,0
155673,0
42608,1
152766,0
25929,1
14404,1
76063,0
137668,0
100558,0
71835,0
149243,0
70798,0
47362,0
9849,1
78076,0
98858,0
121966,0
105307,0
45764,0
105591,0
83327,0
131328,0
70695,0
138252,0
27200,1
113352,0
48380,0
50568,0
32919,1
77536,0
6180,1
156087,0
113062,0
145619,0
123810,0
70152,0
57442,0
76096,0
50872,0
24587,1
70819,0
24016,1
120239,0
104026,0
101723,0
14569,1
35902,1
12627,1
135261,0
80083,0
153123,0
158888,0
5818,1
105264,0
86229,0
48229,0
57579,0
67944,0
21147,1
120431,0
21973,1
55326,0
108004,0
71168,0
28241,1
129726,0
158189,0
87053,0
136729,0
105797,0
142305,0
22773,1
27388,1
77456,0
108651,0
147728,0
56533,0
51217,0
86207,0
151454,0
79425,0
77434,0
110233,0
22816,1
11593,1
57950,0
115570,0
101149,0
41829,1
51684,0
123013,0
87274,0
140602,0
102429,0
61849,0
86513,0
6422,1
74134,0
42193,1
156878,0
108725,0
113490,0
70511,0
124110,0
22617,1
30774,1
128398,0
136307,0
39193,1
126303,0
80473,0
64696,0
7021,1
57185,0
143336,0
21799,1
127348,0
129980,0
86781,0
122176,0
45234,0
40599,1
128322,0
84495,0
116211,0
126502,0
139423,0
17809,1
109333,0
80316,0
18142,1
5702,1
28755,1
15092,1
93642,0
10984,1
6744,1
40949,1
89866,0
154787,0
144684,0
32749,1
105981,0
48566,0
22301,1
81026,0
134001,0
127028,0
120203,0
28836,1
113380,0
42561,1
48880,0
104919,0
91487,0
27969,1
18749,1
43105,1
78765,0
25692,1
152756,0
147048,0
32057,1
107224,0
114674,0
36312,1
146854,0
88781,0
139946,0
120942,0
13842,1
53688,0
17523,1
158060,0
106019,0
139408,0
117338,0
72849,0
19254,1
14513,1
73513,0
16613,1
105843,0
103781,0
28553,1
40170,1
62363,0
42553,1
5827,1
157481,0
53115,0
65157,0
115168,0
51778,0
129712,0
64363,0
33863,1
77765,0
19826,1
29954,1
118841,0
144099,0
33346,1
98187,0
146237,0
114698,0
92948,0
93167,0
68494,0
106934,0
150129,0
37263,1
155623,0
86722,0
41013,1
49495,0
75210,0
148044,0
69456,0
101928,0
74813,0
104091,0
108046,0
134728,0
96066,0
56541,0
64497,0
35285,1
30605,1
101340,0
144224,0
70803,0
12449,1
3891,1
89647,0
67166,0
57187,0
125037,0
88101,0
31982,1
102073,0
14409,1
108887,0
106178,0
76591,0
129447,0
125753,0
63127,0
13849,1
45800,0
67186,0
41415,1
154935,0
18270,1
14413,1
67537,0
53604,0
96610,0
11656,1
85699,0
131801,0
144189,0
127982,0
49519,0
57024,0
139890,0
92308,0
97206,0
66430,0
56934,0
30563,1
31208,1
151453,0
55997,0
73406,0
87563,0
110197,0
5373,1
111419,0
120356,0
53855,0
47598,0
5070,1
55382,0
136391,0
77336,0
45093,0
132049,0
44225,1
131550,0
34039,1
52993,0
53305,0
55188,0
146441,0
52052,0
28066,1
93940,0
153206,0
104526,0
147989,0
141765,0
151365,0
6841,1
2514,1
90511,0
18502,1
53527,0
142949,0
146249,0
94927,0
308,1
44864,1
140719,0
70346,0
23169,1
76009,0
136965,0
118553,0
3703,1
13892,1
79181,0
11518,1
158506,0
80353,0
37064,1
42099,1
126545,0
86052,0
34829,1
133131,0
38063,1
20963,1
127702,0
59075,0
106173,0
112830,0
43813,1
49234,0
80699,0
92667,0
44906,1
127557,0
77811,0
107716,0
79314,0
95290,0
84003,0
119229,0
84523,0
121872,0
86191,0
90173,0
99397,0
124809,0
65028,0
25439,1
154805,0
79556,0
19354,1
127528,0
12519,1
4859,1
125800,0
23191,1
13629,1
7686,1
46871,0
60228,0
158919,0
125904,0
142282,0
55414,0
108913,0
150513,0
22705,1
83314,0
48594,0
99436,0
112915,0
106797,0
64790,0
6521,1
120799,0
153493,0
17360,1
158097,0
7268,1
137310,0
37141,1
88570,0
52427,0
50586,0
53349,0
132004,0
129585,0
124695,0
129432,0
25687,1
150436,0
30435,1
101919,0
144800,0
148172,0
137514,0
31840,1
43829,1
46745,0
12778,1
47679,0
105027,0
88776,0
149328,0
137055,0
9066,1
149039,0
70195,0
79337,0
11142,1
5615,1
19168,1
69976,0
91372,0
13175,1
108930,0
156775,0
124825,0
118167,0
112226,0
4902,1
78088,0
77293,0
152861,0
98313,0
79699,0
129768,0
142703,0
125721,0
101264,0
83859,0
145266,0
61468,0
7042,1
97469,0
107271,0
86113,0
116840,0
98116,0
139772,0
47305,0
93830,0
130178,0
65257,0
77437,0
42232,1
46374,0
113448,0
44247,1
150412,0
102520,0
121239,0
856,1
139850,0
140544,0
25675,1
98307,0
7132,1
146617,0
41450,1
143112,0
106955,0
110543,0
51577,0
24843,1
138746,0
107342,0
101175,0
153601,0
56786,0
132462,0
39406,1
54983,0
32216,1
138336,0
48317,0
79611,0
139705,0
156312,0
144753,0
65473,0
78547,0
51721,0
85685,0
50825,0
59301,0
45562,0
109647,0
132321,0
71552,0
110056,0
53203,0
101195,0
104910,0
49723,0
42066,1
1482,1
150533,0
135664,0
35569,1
105251,0
52796,0
141387,0
35313,1
146509,0
14627,1
127780,0
48206,0
17654,1
98453,0
50803,0
42412,1
61288,0
155980,0
134020,0
99595,0
45980,0
28225,1
120903,0
67400,0
74229,0
47443,0
75695,0
122247,0
52256,0
56870,0
48496,0
4178,1
53639,0
63138,0
55970,0
109155,0
59089,0
6551,1
33082,1
221,1
29934,1
33762,1
9281,1
152195,0
58735,0
117287,0
78411,0
81485,0
140667,0
83027,0
39329,1
36831,1
115619,0
121673,0
93026,0
36100,1
146135,0
1500,1
78077,0
36024,1
17556,1
148190,0
43784,1
84799,0
103014,0
138565,0
101513,0
9780,1
72191,0
76574,0
157507,0
12928,1
57071,0
34984,1
130751,0
14449,1
92462,0
62548,0
312,1
59448,0
69563,0
31298,1
61636,0
42788,1
96403,0
125779,0
70965,0
150220,0
67656,0
47904,0
115791,0
33314,1
45420,0
21808,1
144233,0
52179,0
79410,0
84616,0
5069,1
83890,0
22461,1
21552,1
131403,0
135635,0
135445,0
37596,1
27017,1
120052,0
107355,0
147454,0
88862,0
78549,0
130090,0
129803,0
146862,0
132201,0
150163,0
75597,0
125351,0
18087,1
115656,0
88535,0
108099,0
136916,0
17697,1
83833,0
155384,0
109530,0
143954,0
56689,0
127427,0
69407,0
153193,0
48217,0
45702,0
157311,0
95417,0
46427,0
141339,0
146643,0
119049,0
64814,0
159495,0
24322,1
24609,1
155183,0
13202,1
94523,0
72805,0
68797,0
109871,0
102421,0
123341,0
70636,0
20776,1
125740,0
1971,1
50787,0
58585,0
8818,1
131190,0
86713,0
129706,0
60210,0
105328,0
90299,0
110586,0
147597,0
74596,0
76779,0
118981,0
152530,0
104119,0
70714,0
79506,0
73402,0
158111,0
134469,0
61131,0
113046,0
110119,0
86894,0
44583,1
49983,0
18232,1
143774,0
69416,0
99812,0
147818,0
129652,0
25204,1
108747,0
116446,0
48535,0
152973,0
68065,0
158785,0
24520,1
128168,0
105386,0
20690,1
53769,0
95556,0
130890,0
78986,0
89750,0
32632,1
55015,0
46306,0
89503,0
147958,0
40345,1
26950,1
38083,1
28419,1
48165,0
79269,0
104745,0
117833,0
12872,1
104826,0
132661,0
94722,0
42316,1
152409,0
4254,1
83516,0
42067,1
87062,0
61881,0
103647,0
104614,0
15976,1
110708,0
83215,0
112747,0
9945,1
128525,0
153544,0
99955,0
3541,1
12914,1
95411,0
126796,0
103043,0
46987,0
127493,0
50224,0
117258,0
140286,0
155465,0
47190,0
63109,0
61693,0
148590,0
126508,0
113812,0
134108,0
97421,0
80891,0
96759,0
25873,1
112632,0
103167,0
145209,0
42334,1
105344,0
35245,1
5709,1
36631,1
19221,1
72028,0
1988,1
150897,0
128489,0
95248,0
49242,0
24393,1
109520,0
55708,0
128483,0
51118,0
21638,1
111974,0
133196,0
91103,0
49055,0
34274,1
2282,1
24951,1
99921,0
106773,0
48507,0
76590,0
12747,1
53143,0
4358,1
31075,1
131652,0
48186,0
59714,0
140586,0
152702,0
155733,0
7006,1
154532,0
26358,1
111721,0
101019,0
107335,0
99859,0
154883,0
145357,0
66752,0
114495,0
85065,0
25567,1
106643,0
79882,0
45252,0
11088,1
155740,0
65928,0
63553,0
83277,0
4630,1
123891,0
60504,0
73925,0
154584,0
23672,1
158871,0
88402,0
38662,1
24942,1
69354,0
49558,0
13367,1
90818,0
18298,1
40317,1
10253,1
391,1
157796,0
116148,0
100576,0
134628,0
71184,0
54946,0
20664,1
137719,0
130078,0
87182,0
136627,0
42008,1
24293,1
65232,0
71034,0
3609,1
13793,1
70753,0
9534,1
109085,0
115369,0
1802,1
24568,1
34985,1
81224,0
117120,0
57575,0
108443,0
147097,0
317,1
119548,0
91534,0
132030,0
58912,0
3528,1
121232,0
60036,0
69535,0
15434,1
20397,1
155550,0
118622,0
129390,0
93439,0
37177,1
74185,0
76555,0
75076,0
90159,0
85805,0
31712,1
75174,0
78111,0
77134,0
56423,0
72610,0
159678,0
156077,0
153234,0
135488,0
2190,1
113688,0
5203,1
144822,0
128484,0
76564,0
21434,1
19109,1
19057,1
140481,0
153101,0
92644,0
118320,0
2416,1
80508,0
116877,0
144466,0
87481,0
158671,0
141455,0
110694,0
28157,1
68035,0
71441,0
63071,0
117873,0
53260,0
51090,0
42944,1
20851,1
7106,1
158812,0
70237,0
122722,0
13030,1
135390,0
138345,0
97163,0
122158,0
52324,0
22625,1
18512,1
153761,0
925,1
7241,1
9253,1
22814,1
92020,0
20269,1
97599,0
48667,0
53928,0
41218,1
154098,0
93631,0
2412,1
9413,1
17548,1
74706,0
13295,1
1534,1
68378,0
36429,1
90141,0
41817,1
115284,0
145553,0
17988,1
39094,1
12634,1
79210,0
6283,1
67190,0
105943,0
198,1
91738,0
134386,0
25099,1
141920,0
78283,0
137831,0
10651,1
100106,0
83089,0
9274,1
109558,0
47213,0
37918,1
114204,0
123963,0
25379,1
136169,0
4773,1
46875,0
55769,0
44328,1
122085,0
72827,0
58128,0
36751,1
119320,0
127853,0
128649,0
6254,1
20558,1
147931,0
49757,0
137433,0
21289,1
97235,0
14921,1
43195,1
123333,0
127003,0
19150,1
50415,0
32960,1
24006,1
39143,1
20168,1
148308,0
54847,0
154028,0
127134,0
111852,0
143784,0
150878,0
151044,0
31527,1
154776,0
305,1
107263,0
95610,0
141231,0
120832,0
66762,0
66398,0
110803,0
38027,1
156744,0
154994,0
60280,0
97512,0
123229,0
12888,1
123936,0
49400,0
127039,0
93223,0
121344,0
82318,0
48321,0
149145,0
35555,1
151812,0
125090,0
68057,0
88379,0
82970,0
1734,1
36933,1
157826,0
13823,1
122323,0
154410,0
69825,0
147759,0
19194,1
154635,0
21314,1
146326,0
24197,1
126686,0
17249,1
51196,0
128028,0
73731,0
54749,0
154305,0
81381,0
143809,0
104281,0
134199,0
71518,0
157014,0
132055,0
110310,0
40598,1
24316,1
96307,0
124495,0
27341,1
12074,1
63907,0
16072,1
13856,1
78479,0
121120,0
17549,1
67989,0
61752,0
120022,0
149479,0
111157,0
3613,1
105516,0
16301,1
68077,0
127418,0
58823,0
150078,0
81142,0
6058,1
114853,0
79003,0
86438,0
40750,1
111914,0
149872,0
153417,0
19213,1
37772,1
41636,1
142785,0
23334,1
120869,0
80710,0
56033,0
129676,0
22538,1
136570,0
9481,1
154242,0
137828,0
83055,0
26993,1
148937,0
72787,0
73049,0
4720,1
84877,0
138368,0
117398,0
84894,0
136139,0
107514,0
153068,0
100068,0
44140,1
20213,1
15920,1
145618,0
108803,0
52315,0
15181,1
87250,0
130695,0
143419,0
20545,1
103990,0
100479,0
35954,1
65062,0
42970,1
107332,0
116648,0
133049,0
10522,1
100375,0
27947,1
112928,0
103528,0
23253,1
17428,1
106193,0
111131,0
41860,1
5939,1
102554,0
54606,0
50413,0
23946,1
138527,0
157053,0
101550,0
130680,0
15045,1
73180,0
71907,0
68174,0
35225,1
68156,0
110518,0
125459,0
49317,0
5037,1
158117,0
111680,0
92669,0
138110,0
40483,1
103862,0
109151,0
142559,0
33573,1
124737,0
156659,0
97856,0
134504,0
34842,1
109615,0
150355,0
106239,0
92512,0
29312,1
45359,0
100561,0
32300,1
61242,0
31572,1
88753,0
134471,0
56372,0
48238,0
132616,0
42051,1
90976,0
125373,0
97717,0
92794,0
10537,1
56439,0
119879,0
5887,1
86305,0
139326,0
57947,0
108130,0
57520,0
82486,0
35215,1
94334,0
30353,1
56770,0
124009,0
77481,0
75212,0
50603,0
154174,0
7255,1
56049,0
2219,1
4722,1
139028,0
111805,0
13450,1
54266,0
103075,0
114460,0
9341,1
62535,0
115149,0
57764,0
122459,0
34313,1
105469,0
46660,0
122040,0
2477,1
137404,0
108285,0
90398,0
67640,0
13142,1
30399,1
30669,1
23959,1
128936,0
126634,0
20896,1
88374,0
12853,1
120900,0
138238,0
38529,1
55501,0
39126,1
26424,1
116182,0
153264,0
59886,0
126549,0
133539,0
34830,1
110755,0
156795,0
95328,0
138112,0
33754,1
109846,0
85246,0
8127,1
148909,0
143946,0
86555,0
11396,1
101774,0
63147,0
101655,0
133268,0
119254,0
35968,1
40373,1
126024,0
43148,1
47301,0
41032,1
141474,0
81440,0
18917,1
100983,0
40577,1
109184,0
22022,1
114034,0
10220,1
147625,0
32766,1
147227,0
101392,0
85907,0
94766,0
46030,0
146646,0
17520,1
82244,0
74856,0
46278,0
149186,0
109191,0
107128,0
53396,0
132461,0
125618,0
62169,0
211,1
122430,0
107190,0
127799,0
37679,1
14114,1
124262,0
99252,0
48196,0
52567,0
85312,0
144177,0
58355,0
53940,0
14041,1
23673,1
141674,0
136378,0
153595,0
111788,0
56866,0
61538,0
125376,0
10505,1
14101,1
5306,1
22671,1
13219,1
55535,0
71820,0
102158,0
139858,0
53217,0
47386,0
43980,1
97131,0
14,1
42764,1
131671,0
58326,0
155952,0
59741,0
18136,1
133270,0
148756,0
76128,0
30862,1
153142,0
42904,1
58204,0
43636,1
48627,0
30449,1
18226,1
149982,0
101780,0
42678,1
76578,0
116279,0
91014,0
143487,0
156994,0
141648,0
95005,0
57552,0
1509,1
42396,1
19962,1
52032,0
89083,0
38639,1
41540,1
78500,0
24599,1
128985,0
97207,0
32837,1
124484,0
134724,0
144949,0
74419,0
3466,1
87756,0
90241,0
42408,1
405,1
16666,1
5307,1
153975,0
79905,0
38849,1
73122,0
49969,0
70711,0
84408,0
66763,0
3244,1
81114,0
20175,1
119998,0
138594,0
8103,1
8686,1
2928,1
86976,0
36482,1
26741,1
39235,1
146387,0
90760,0
150060,0
23828,1
115541,0
40324,1
13841,1
88646,0
34435,1
142270,0
108989,0
59201,0
83303,0
101446,0
76850,0
128886,0
26468,1
87293,0
124792,0
6829,1
46449,0
6889,1
40705,1
137362,0
147547,0
71959,0
134035,0
158210,0
93659,0
91370,0
63557,0
93413,0
11375,1
158433,0
10953,1
121263,0
33629,1
144142,0
34141,1
122387,0
113014,0
159470,0
147218,0
88523,0
124379,0
6884,1
52432,0
99879,0
55609,0
18192,1
95187,0
48882,0
12617,1
91656,0
103141,0
150518,0
110619,0
21576,1
36086,1
132233,0
43738,1
124995,0
120489,0
115255,0
94152,0
141650,0
67417,0
89044,0
11782,1
101943,0
38919,1
48867,0
19182,1
58490,0
83683,0
132139,0
45415,0
130043,0
83033,0
133281,0
151564,0
136600,0
62697,0
124424,0
141233,0
117196,0
64643,0
97708,0
5183,1
105300,0
79617,0
51335,0
84740,0
156510,0
38004,1
75664,0
143570,0
65619,0
96147,0
25361,1
16771,1
69167,0
79358,0
77974,0
24279,1
93634,0
3241,1
35161,1
92973,0
60672,0
131607,0
5826,1
152776,0
84675,0
75375,0
78802,0
32560,1
64391,0
145325,0
79369,0
51377,0
37214,1
129984,0
27092,1
82379,0
19624,1
155409,0
9472,1
14432,1
15772,1
40139,1
66563,0
95616,0
31016,1
54765,0
91334,0
13740,1
7721,1
27784,1
123756,0
149046,0
51144,0
4913,1
109536,0
40521,1
58902,0
91765,0
56331,0
16985,1
34193,1
57487,0
148269,0
16056,1
125675,0
93355,0
84067,0
87875,0
114564,0
136106,0
27101,1
96724,0
96293,0
3212,1
45899,0
88606,0
138152,0
48789,0
147709,0
74510,0
48503,0
126787,0
140529,0
80676,0
37778,1
110672,0
53805,0
127776,0
120704,0
82218,0
34257,1
81068,0
98272,0
64479,0
72288,0
34041,1
123231,0
152331,0
42374,1
140635,0
33140,1
150887,0
18832,1
112677,0
158190,0
19407,1
109827,0
101838,0
118281,0
119247,0
88445,0
14220,1
12133,1
44021,1
67965,0
65603,0
45354,0
135963,0
27684,1
51845,0
33059,1
72355,0
37842,1
62897,0
149739,0
86001,0
109283,0
120724,0
138170,0
142887,0
45191,0
56304,0
98368,0
154907,0
101992,0
15515,1
17434,1
88034,0
65383,0
18669,1
18032,1
47619,0
74232,0
58161,0
26002,1
28710,1
127183,0
156065,0
33014,1
108647,0
152386,0
26241,1
144772,0
43873,1
83173,0
103431,0
85847,0
11018,1
157103,0
151731,0
41185,1
154181,0
107520,0
159627,0
20386,1
73878,0
100788,0
81816,0
106899,0
122168,0
127306,0
145841,0
152282,0
95445,0
29339,1
67874,0
43926,1
93133,0
151900,0
21250,1
60518,0
81977,0
125804,0
9213,1
11453,1
104064,0
27223,1
51539,0
1815,1
29752,1
41094,1
74543,0
5050,1
128709,0
57612,0
2313,1
108227,0
29575,1
88132,0
82322,0
69688,0
18872,1
26124,1
53796,0
38830,1
124489,0
87109,0
155974,0
13343,1
14572,1
94782,0
117405,0
147598,0
143760,0
101072,0
113388,0
117677,0
63602,0
97271,0
135145,0
86058,0
75837,0
144848,0
137780,0
13987,1
126573,0
149980,0
91085,0
52901,0
57618,0
129263,0
49661,0
40592,1
125763,0
102177,0
70099,0
59439,0
35845,1
104684,0
72048,0
87718,0
134042,0
107801,0
140971,0
56232,0
123066,0
128396,0
103561,0
105662,0
124243,0
111000,0
108079,0
126411,0
142646,0
34669,1
130463,0
5971,1
63311,0
78756,0
71564,0
65957,0
135222,0
82665,0
34564,1
108038,0
55522,0
20323,1
40414,1
131280,0
95496,0
1209,1
87695,0
58754,0
59236,0
154658,0
144554,0
38129,1
159084,0
17390,1
12045,1
117692,0
144332,0
115966,0
96547,0
8621,1
157470,0
135538,0
63711,0
114801,0
88727,0
87221,0
146136,0
3841,1
104678,0
85404,0
77676,0
137997,0
100953,0
102249,0
103391,0
123502,0
69532,0
139078,0
41742,1
100160,0
10309,1
108379,0
116959,0
154295,0
6670,1
92606,0
65487,0
141251,0
104607,0
38352,1
17400,1
139003,0
124981,0
2198,1
110106,0
96263,0
137745,0
79258,0
9231,1
144734,0
29585,1
138245,0
149447,0
125027,0
50030,0
17674,1
62722,0
9993,1
23667,1
40122,1
36224,1
70025,0
65956,0
21700,1
95931,0
143077,0
7992,1
118019,0
156654,0
117457,0
114461,0
85135,0
67598,0
153435,0
82100,0
135375,0
60799,0
155713,0
86816,0
4719,1
136359,0
120986,0
6942,1
106551,0
77554,0
130461,0
96639,0
137674,0
114041,0
98793,0
131227,0
32646,1
116271,0
82839,0
105986,0
120282,0
26669,1
59090,0
113727,0
16590,1
88774,0
122427,0
2918,1
22412,1
17862,1
1594,1
31317,1
8370,1
41753,1
90224,0
15240,1
17711,1
37743,1
20676,1
159031,0
127519,0
126742,0
47898,0
90166,0
47643,0
128610,0
150590,0
149572,0
18575,1
51332,0
97886,0
56453,0
65665,0
36759,1
53656,0
11832,1
59974,0
114132,0
6893,1
15684,1
88246,0
127032,0
130768,0
3432,1
135368,0
37439,1
73215,0
74454,0
121105,0
16663,1
119172,0
76681,0
127687,0
41489,1
38050,1
91641,0
50514,0
86409,0
27344,1
147362,0
75408,0
248,1
8525,1
77766,0
137440,0
131901,0
26005,1
138716,0
28547,1
54959,0
70627,0
57168,0
54225,0
28612,1
17171,1
9816,1
141533,0
140490,0
136193,0
94532,0
111032,0
41584,1
148955,0
75790,0
16329,1
27885,1
8963,1
152,1
19463,1
129367,0
110191,0
100654,0
42223,1
83953,0
17221,1
77930,0
86093,0
20824,1
26202,1
58220,0
107343,0
96356,0
140263,0
58601,0
142902,0
108679,0
118611,0
51213,0
112119,0
25376,1
66281,0
23622,1
39205,1
5548,1
134905,0
100646,0
51743,0
95348,0
15830,1
158184,0
75372,0
56444,0
152104,0
39407,1
19045,1
104640,0
157930,0
30272,1
25105,1
100627,0
60084,0
2745,1
115295,0
67620,0
126219,0
40053,1
52406,0
71790,0
103728,0
10482,1
117161,0
117998,0
93870,0
64747,0
120218,0
104146,0
61345,0
40699,1
116521,0
26937,1
108308,0
143174,0
127300,0
139981,0
120265,0
36593,1
149912,0
46851,0
66209,0
88485,0
54419,0
35467,1
112702,0
71123,0
64599,0
126652,0
124023,0
131692,0
119472,0
62189,0
19725,1
1191,1
81236,0
28265,1
146434,0
106225,0
62192,0
130861,0
94732,0
18587,1
141860,0
137446,0
45135,0
68839,0
156453,0
35778,1
69943,0
153673,0
24081,1
118222,0
27548,1
124718,0
151075,0
44953,1
158387,0
133195,0
37170,1
57597,0
127625,0
133516,0
157909,0
156618,0
10721,1
86331,0
89838,0
73519,0
41121,1
144325,0
70424,0
58969,0
109304,0
75435,0
53271,0
40042,1
144840,0
19740,1
25700,1
111897,0
114105,0
9393,1
66973,0
159532,0
115912,0
46841,0
123464,0
81586,0
94533,0
124790,0
157537,0
871,1
54469,0
130906,0
52941,0
80274,0
79949,0
51393,0
6572,1
19763,1
126817,0
6226,1
106803,0
44173,1
43806,1
149439,0
24955,1
149112,0
120380,0
157274,0
143862,0
79689,0
70089,0
58841,0
41251,1
73577,0
22228,1
143321,0
78975,0
97212,0
109697,0
46457,0
23915,1
133556,0
107279,0
49486,0
88282,0
51273,0
9280,1
12896,1
43303,1
86673,0
145937,0
108769,0
11622,1
78364,0
100559,0
11283,1
4332,1
111940,0
10521,1
19364,1
107082,0
18285,1
150030,0
84545,0
15587,1
141808,0
53087,0
52943,0
34427,1
17290,1
39162,1
152525,0
152821,0
91008,0
31204,1
6250,1
127377,0
116146,0
9796,1
131976,0
138977,0
36589,1
22826,1
106460,0
21003,1
63528,0
90903,0
136573,0
39222,1
150799,0
67806,0
150488,0
25281,1
61784,0
66299,0
34734,1
119375,0
81200,0
121816,0
47043,0
97413,0
144804,0
66267,0
94953,0
84941,0
20150,1
29346,1
126780,0
27353,1
6861,1
116177,0
23692,1
21409,1
86677,0
110174,0
45337,0
58731,0
127902,0
77356,0
45510,0
3553,1
12210,1
68062,0
60612,0
18772,1
24990,1
49180,0
31126,1
150819,0
68340,0
70332,0
79208,0
71362,0
125578,0
54955,0
7431,1
120540,0
9372,1
9925,1
56130,0
6370,1
49121,0
50905,0
11275,1
60182,0
76273,0
86535,0
15728,1
121933,0
31110,1
6009,1
31179,1
147210,0
52861,0
87130,0
106885,0
99049,0
18530,1
74927,0
155051,0
116500,0
89382,0
28234,1
143398,0
77376,0
153548,0
93215,0
21896,1
156383,0
21290,1
27943,1
122887,0
68197,0
128614,0
77304,0
128972,0
112123,0
102709,0
20990,1
29594,1
101653,0
139011,0
121190,0
59108,0
144893,0
87291,0
37645,1
57736,0
95477,0
143097,0
24897,1
147427,0
123801,0
130549,0
103920,0
78184,0
156368,0
46786,0
138446,0
56091,0
132123,0
11740,1
28542,1
41737,1
147816,0
78273,0
128104,0
143921,0
65963,0
141996,0
148208,0
73185,0
16172,1
150638,0
120761,0
3626,1
123286,0
24215,1
116859,0
75784,0
91451,0
3284,1
28613,1
96863,0
69074,0
91848,0
26097,1
11930,1
81811,0
63707,0
1017,1
122997,0
148922,0
68190,0
49334,0
9652,1
123354,0
75691,0
100631,0
132993,0
8139,1
45298,0
115635,0
129236,0
86528,0
91101,0
106450,0
131027,0
17652,1
112177,0
22896,1
121400,0
15116,1
12395,1
7077,1
135897,0
26348,1
117073,0
146073,0
53857,0
72404,0
107353,0
91002,0
137621,0
44013,1
128678,0
151776,0
156751,0
124222,0
126413,0
79161,0
46285,0
4762,1
3092,1
107863,0
66624,0
61100,0
50934,0
24777,1
33758,1
66152,0
92066,0
48331,0
144788,0
72601,0
14268,1
21176,1
42490,1
82655,0
1707,1
148827,0
78675,0
60248,0
146455,0
73587,0
159309,0
11330,1
24541,1
30451,1
1853,1
99465,0
125311,0
44347,1
32895,1
20578,1
40301,1
51001,0
42278,1
39482,1
154749,0
159221,0
111863,0
147441,0
109258,0
79263,0
65712,0
37495,1
58178,0
4659,1
130902,0
57635,0
17210,1
18314,1
6992,1
51045,0
32536,1
92871,0
113717,0
70595,0
85010,0
112653,0
18819,1
105486,0
132938,0
116946,0
23875,1
86682,0
121988,0
148102,0
140789,0
120,1
24652,1
61552,0
126455,0
143886,0
134401,0
105936,0
120359,0
91051,0
29103,1
148741,0
117501,0
82288,0
75762,0
39390,1
27859,1
77893,0
138361,0
113874,0
129943,0
55766,0
85965,0
110168,0
12229,1
64097,0
130808,0
21113,1
52004,0
78682,0
81034,0
30005,1
45291,0
14525,1
57086,0
89108,0
32966,1
135560,0
101833,0
133615,0
50809,0
54864,0
68352,0
12341,1
130610,0
57459,0
41727,1
96508,0
30504,1
51041,0
125931,0
45770,0
12976,1
113480,0
127052,0
79739,0
116566,0
104067,0
8968,1
148240,0
157766,0
75985,0
77418,0
110835,0
103168,0
145090,0
31379,1
128591,0
51987,0
137144,0
53193,0
47285,0
158175,0
38281,1
52811,0
130540,0
81140,0
109683,0
134509,0
86552,0
158524,0
100382,0
41242,1
20763,1
141687,0
31917,1
76394,0
91611,0
27830,1
23155,1
108525,0
37114,1
10775,1
47562,0
128060,0
110949,0
132439,0
156841,0
123092,0
28262,1
55066,0
90719,0
95136,0
76912,0
110218,0
81733,0
46130,0
17456,1
52906,0
90464,0
22135,1
105055,0
140755,0
629,1
129562,0
90962,0
98924,0
52873,0
134341,0
45300,0
18919,1
108894,0
146008,0
111803,0
32512,1
88339,0
126576,0
132655,0
155302,0
141657,0
2687,1
73478,0
92774,0
147559,0
85167,0
74877,0
158884,0
55129,0
7948,1
135825,0
19963,1
15107,1
106122,0
135883,0
20952,1
76995,0
107136,0
100866,0
154627,0
56429,0
146846,0
40997,1
140219,0
111921,0
74641,0
11805,1
57468,0
74013,0
78560,0
108868,0
47606,0
109048,0
150603,0
8755,1
104857,0
50772,0
39498,1
37488,1
151645,0
8881,1
66627,0
35154,1
91348,0
93196,0
863,1
15584,1
152939,0
24088,1
57936,0
35008,1
64795,0
76979,0
122644,0
147702,0
149224,0
77279,0
111630,0
130995,0
77575,0
17671,1
145213,0
86664,0
87044,0
73002,0
39624,1
109298,0
5445,1
69682,0
136330,0
46232,0
126382,0
104135,0
79825,0
41905,1
27402,1
139857,0
38539,1
59464,0
29391,1
88438,0
5587,1
21386,1
67895,0
48752,0
80652,0
127604,0
147364,0
49205,0
31789,1
113064,0
143583,0
72217,0
56619,0
42596,1
116753,0
127295,0
71194,0
39052,1
40510,1
23974,1
5291,1
34194,1
135634,0
152977,0
126195,0
111998,0
120637,0
127675,0
29082,1
110282,0
104924,0
155917,0
77556,0
78607,0
15651,1
62403,0
38358,1
92535,0
63102,0
99554,0
41994,1
21930,1
59592,0
32580,1
109979,0
100389,0
154325,0
17634,1
3026,1
155486,0
82266,0
11581,1
104680,0
106033,0
66325,0
49412,0
12865,1
157500,0
37042,1
118221,0
34570,1
40310,1
64102,0
61522,0
122986,0
71998,0
124258,0
41436,1
94170,0
153037,0
88316,0
56097,0
90796,0
99441,0
26730,1
155762,0
94723,0
104468,0
111499,0
9135,1
27381,1
157754,0
13360,1
103459,0
77591,0
138420,0
125431,0
53743,0
21529,1
29580,1
12384,1
93743,0
78778,0
93623,0
9146,1
136589,0
91575,0
143102,0
132613,0
109453,0
76022,0
68452,0
63807,0
12475,1
85258,0
150106,0
51514,0
119144,0
98803,0
50762,0
11202,1
94433,0
48580,0
152845,0
119119,0
155332,0
130996,0
142046,0
112790,0
34147,1
124130,0
48482,0
84627,0
92286,0
116899,0
23513,1
35361,1
16620,1
69059,0
371,1
149313,0
144774,0
9821,1
57088,0
5975,1
152567,0
53071,0
129967,0
39676,1
68619,0
60800,0
93741,0
78318,0
115756,0
36706,1
9234,1
99090,0
33469,1
128048,0
10619,1
11405,1
156596,0
15312,1
103439,0
73108,0
83435,0
32996,1
108570,0
113009,0
17617,1
48239,0
100261,0
143161,0
155689,0
94750,0
42524,1
88513,0
9913,1
21297,1
73098,0
102934,0
154260,0
27741,1
136187,0
31657,1
21527,1
77852,0
89836,0
151587,0
95974,0
18920,1
88597,0
157668,0
12095,1
34983,1
66939,0
131344,0
14624,1
29301,1
152959,0
25451,1
13156,1
111115,0
67373,0
39095,1
55001,0
64913,0
77767,0
81820,0
7281,1
60342,0
43996,1
78777,0
20767,1
112678,0
77544,0
79773,0
104426,0
37123,1
27491,1
99956,0
18959,1
51575,0
43835,1
82212,0
127589,0
75475,0
49746,0
106814,0
76058,0
157812,0
83979,0
105777,0
111341,0
17537,1
5576,1
157903,0
68048,0
7391,1
67724,0
120665,0
116670,0
47660,0
59799,0
155016,0
22654,1
67584,0
128372,0
33439,1
116756,0
37052,1
142144,0
88625,0
126294,0
75128,0
104057,0
159590,0
87090,0
14183,1
35080,1
19413,1
99178,0
130677,0
94169,0
117883,0
27287,1
16380,1
136853,0
32744,1
61728,0
39930,1
151330,0
22845,1
60474,0
128237,0
26607,1
115053,0
156598,0
108892,0
157971,0
137845,0
97770,0
60072,0
96538,0
75364,0
9661,1
100039,0
14856,1
67485,0
158993,0
12991,1
50157,0
121957,0
148542,0
73227,0
44980,1
76753,0
127663,0
142541,0
151262,0
137521,0
70796,0
103766,0
94935,0
12490,1
81277,0
147897,0
26289,1
31677,1
104807,0
34400,1
140455,0
91491,0
23848,1
71150,0
4493,1
128970,0
44027,1
13040,1
121246,0
71020,0
94846,0
154019,0
197,1
144167,0
135213,0
116419,0
21139,1
94615,0
1490,1
10742,1
143240,0
120897,0
132218,0
142207,0
12700,1
95512,0
50338,0
31403,1
50018,0
119383,0
126261,0
22265,1
145427,0
92723,0
128142,0
27076,1
123137,0
2814,1
79668,0
78959,0
65556,0
53575,0
90844,0
90880,0
27949,1
35933,1
60169,0
65280,0
70955,0
72861,0
139966,0
81545,0
153618,0
16206,1
40562,1
25768,1
35724,1
112407,0
22997,1
111109,0
4420,1
108712,0
156032,0
15795,1
125679,0
126122,0
45965,0
89485,0
52819,0
96094,0
147492,0
37907,1
60869,0
47945,0
97349,0
109996,0
75997,0
82243,0
36187,1
55598,0
8120,1
84964,0
36018,1
71088,0
89156,0
89702,0
55831,0
100647,0
118716,0
123566,0
116885,0
15286,1
82651,0
34628,1
72181,0
149724,0
48448,0
118721,0
100846,0
3794,1
30766,1
64481,0
111839,0
109182,0
129256,0
108269,0
124241,0
159155,0
74216,0
13572,1
125176,0
81176,0
4125,1
146992,0
28961,1
133365,0
134446,0
145982,0
87601,0
130184,0
110055,0
98455,0
8650,1
28363,1
1377,1
84832,0
34583,1
87910,0
77273,0
29967,1
132383,0
1737,1
14944,1
22910,1
12017,1
57741,0
5245,1
137955,0
57971,0
22959,1
36917,1
126669,0
63172,0
145195,0
61096,0
94801,0
141168,0
91577,0
72392,0
81802,0
7390,1
145390,0
51258,0
45255,0
97705,0
9899,1
53943,0
122345,0
110296,0
143208,0
26932,1
6238,1
15037,1
68278,0
146537,0
61016,0
112880,0
76629,0
132205,0
157292,0
96106,0
137027,0
84453,0
95027,0
8934,1
67030,0
88495,0
41487,1
156711,0
102071,0
134506,0
59322,0
30798,1
4797,1
95546,0
149093,0
57051,0
127891,0
68234,0
46286,0
159291,0
46257,0
20010,1
153855,0
25999,1
44400,1
107212,0
104945,0
55153,0
85449,0
6562,1
157362,0
109208,0
55181,0
68106,0
83782,0
114208,0
15572,1
34765,1
11134,1
100993,0
106143,0
115767,0
24207,1
144381,0
19053,1
91037,0
27199,1
130171,0
113624,0
21095,1
75589,0
97751,0
18017,1
85222,0
68371,0
39206,1
85182,0
40502,1
94384,0
59550,0
28093,1
108614,0
5020,1
90637,0
107564,0
94165,0
140727,0
82922,0
19418,1
129224,0
119703,0
109882,0
95423,0
128547,0
77895,0
154231,0
15290,1
106140,0
115896,0
20548,1
139560,0
33267,1
144972,0
232,1
74312,0
151773,0
138723,0
3145,1
119927,0
66387,0
129926,0
158879,0
126485,0
5397,1
127955,0
150303,0
34951,1
116526,0
46259,0
76039,0
106432,0
12280,1
35769,1
3542,1
99485,0
112085,0
80677,0
155828,0
16794,1
41954,1
21172,1
150167,0
67106,0
12651,1
85630,0
53195,0
143582,0
18857,1
53080,0
33273,1
17496,1
44695,1
27619,1
44687,1
38544,1
28255,1
151280,0
10642,1
57841,0
130953,0
39646,1
118346,0
100923,0
65311,0
62093,0
113758,0
31759,1
107054,0
124245,0
94362,0
148483,0
113605,0
39080,1
8975,1
66244,0
140148,0
98926,0
154876,0
158834,0
102990,0
52519,0
48834,0
102872,0
24603,1
5243,1
125254,0
52468,0
33437,1
140797,0
86629,0
127303,0
103764,0
61489,0
3318,1
142002,0
107876,0
124458,0
113245,0
64981,0
140171,0
136588,0
77706,0
84015,0
91733,0
20455,1
144505,0
86432,0
62879,0
142728,0
140107,0
117141,0
3587,1
19815,1
29603,1
104162,0
6272,1
64744,0
65570,0
154369,0
73437,0
120589,0
93599,0
130931,0
6360,1
153958,0
30772,1
111896,0
77002,0
121666,0
155286,0
69520,0
114376,0
25500,1
118532,0
35764,1
105177,0
123478,0
62052,0
146355,0
78938,0
86579,0
96885,0
124938,0
127015,0
35257,1
106526,0
65789,0
151105,0
80471,0
72625,0
4073,1
3668,1
155788,0
94302,0
152605,0
84375,0
20475,1
128005,0
55763,0
34917,1
134600,0
94489,0
44092,1
11799,1
117121,0
33124,1
94918,0
46091,0
70273,0
29174,1
25355,1
34036,1
49596,0
142010,0
159715,0
102210,0
131379,0
29439,1
87161,0
104657,0
33343,1
65306,0
52723,0
107724,0
150602,0
5966,1
51236,0
110894,0
127948,0
64883,0
107827,0
30065,1
40358,1
49871,0
13867,1
12774,1
90514,0
7996,1
26296,1
87326,0
155968,0
46423,0
131755,0
69057,0
112635,0
29661,1
58875,0
140826,0
33285,1
151424,0
64395,0
157243,0
140892,0
119641,0
39901,1
150975,0
35057,1
3730,1
68280,0
37895,1
136796,0
126681,0
16557,1
88077,0
55315,0
131476,0
145503,0
40291,1
13029,1
141531,0
139417,0
91562,0
84817,0
102193,0
51474,0
90082,0
18889,1
22157,1
5820,1
142146,0
51439,0
149364,0
143448,0
114844,0
47747,0
36534,1
79004,0
114302,0
34414,1
71216,0
15360,1
116263,0
127856,0
55557,0
36459,1
157118,0
58850,0
13467,1
55971,0
64753,0
84803,0
49541,0
76835,0
37950,1
19090,1
55008,0
95600,0
130870,0
48318,0
18290,1
98561,0
13888,1
69706,0
134838,0
128753,0
116832,0
22426,1
61916,0
134361,0
102620,0
94457,0
57108,0
53784,0
131241,0
81401,0
143180,0
28632,1
16281,1
155392,0
45278,0
151414,0
136386,0
39408,1
75283,0
112366,0
81589,0
25734,1
157943,0
35726,1
139180,0
153129,0
11985,1
121066,0
128653,0
106760,0
30237,1
15083,1
146242,0
39396,1
98540,0
78480,0
65217,0
100369,0
145979,0
63783,0
15632,1
108147,0
89042,0
26575,1
84384,0
21199,1
52778,0
30251,1
86786,0
152507,0
23333,1
54246,0
31998,1
54242,0
10418,1
48324,0
143633,0
75920,0
98439,0
153479,0
49081,0
48770,0
141504,0
132517,0
140352,0
141273,0
83925,0
35938,1
88845,0
13519,1
143667,0
36485,1
131437,0
87167,0
80202,0
129011,0
1019,1
105748,0
56956,0
91933,0
65143,0
40912,1
11467,1
2579,1
56881,0
63414,0
70207,0
52875,0
82234,0
108402,0
80929,0
125791,0
102688,0
96487,0
125392,0
43772,1
120635,0
145303,0
156243,0
48241,0
149029,0
135248,0
66710,0
136921,0
86514,0
74213,0
1730,1
25737,1
113565,0
14872,1
154885,0
2444,1
91642,0
80305,0
112552,0
9092,1
39829,1
131522,0
83142,0
80515,0
86627,0
38965,1
13250,1
148369,0
29589,1
60056,0
2968,1
123790,0
5540,1
118142,0
15854,1
25189,1
29416,1
152995,0
39489,1
93213,0
91555,0
12606,1
17195,1
86858,0
153809,0
150387,0
118538,0
13615,1
41217,1
80951,0
118963,0
61855,0
55131,0
155524,0
106359,0
38980,1
129769,0
88421,0
152502,0
38612,1
90229,0
4216,1
120866,0
27275,1
97367,0
138052,0
68412,0
130620,0
78369,0
41006,1
26457,1
103523,0
19575,1
113058,0
153469,0
37482,1
123523,0
87727,0
71587,0
131231,0
43206,1
40525,1
67059,0
115770,0
19161,1
94999,0
65692,0
55431,0
143091,0
116977,0
156735,0
81212,0
82187,0
52221,0
126240,0
7195,1
19297,1
18097,1
16918,1
33784,1
24999,1
154678,0
41963,1
65997,0
115243,0
125367,0
14870,1
59696,0
84219,0
130964,0
24770,1
151438,0
133579,0
50792,0
62199,0
153160,0
19028,1
61630,0
48300,0
69452,0
94649,0
108562,0
36015,1
5982,1
85100,0
48145,0
20528,1
141658,0
158004,0
35995,1
49350,0
104944,0
28919,1
103071,0
23683,1
149463,0
70758,0
133966,0
36844,1
41972,1
148763,0
68024,0
73350,0
91198,0
85034,0
73226,0
140,1
16288,1
2545,1
64967,0
73733,0
16780,1
136612,0
112722,0
125188,0
49554,0
134022,0
76186,0
74441,0
42713,1
8141,1
80311,0
52477,0
103076,0
119732,0
1291,1
14184,1
95418,0
131888,0
151399,0
47642,0
152216,0
6095,1
3217,1
93778,0
93429,0
70950,0
86289,0
75563,0
65223,0
90622,0
135904,0
57111,0
126525,0
50294,0
51248,0
28736,1
15782,1
82835,0
22184,1
42483,1
101872,0
156734,0
27004,1
22457,1
17453,1
62296,0
73746,0
18844,1
64065,0
47136,0
58393,0
10759,1
69440,0
144196,0
53691,0
12847,1
32166,1
34711,1
66039,0
110718,0
127121,0
20122,1
157711,0
142570,0
32663,1
148480,0
43649,1
75149,0
27332,1
44744,1
93858,0
29545,1
77795,0
70036,0
1522,1
23802,1
75012,0
152954,0
125138,0
104470,0
106930,0
147899,0
2858,1
134376,0
61673,0
77574,0
143202,0
117573,0
99070,0
107850,0
56890,0
1767,1
138001,0
141343,0
138921,0
85219,0
107822,0
61555,0
6944,1
95991,0
91341,0
15841,1
100266,0
132752,0
55689,0
87159,0
153399,0
132455,0
30638,1
89716,0
79009,0
13901,1
12637,1
102931,0
135771,0
37423,1
19849,1
64514,0
37200,1
56163,0
88986,0
11051,1
78101,0
145601,0
159015,0
132643,0
88065,0
20163,1
124575,0
88197,0
15818,1
93330,0
49218,0
119920,0
72501,0
139440,0
47638,0
34875,1
79351,0
49105,0
106975,0
55366,0
64591,0
90642,0
44782,1
104650,0
23596,1
57200,0
97338,0
50269,0
60985,0
5873,1
74627,0
86776,0
12505,1
39177,1
41136,1
151491,0
141097,0
96413,0
97032,0
121976,0
45098,0
59006,0
101756,0
44451,1
119093,0
299,1
14055,1
55485,0
137037,0
16837,1
126805,0
119872,0
50188,0
13626,1
78578,0
95793,0
36053,1
82723,0
2152,1
38955,1
145085,0
148549,0
148299,0
43520,1
151880,0
86719,0
40478,1
116366,0
120440,0
85490,0
89010,0
119725,0
115348,0
91951,0
112416,0
121899,0
113496,0
115108,0
99210,0
67255,0
12630,1
22250,1
107858,0
28533,1
76989,0
72511,0
130052,0
8750,1
43212,1
88181,0
39709,1
43775,1
110473,0
91871,0
33385,1
57154,0
151555,0
24376,1
108331,0
77348,0
59171,0
95726,0
158001,0
86812,0
45548,0
14851,1
78967,0
148837,0
80618,0
120945,0
114167,0
32910,1
91805,0
113006,0
526,1
144801,0
9091,1
72436,0
35119,1
132798,0
13512,1
143768,0
43770,1
140810,0
126832,0
92595,0
101609,0
152549,0
106372,0
133821,0
70078,0
135211,0
156523,0
61041,0
140877,0
143401,0
129524,0
13968,1
88141,0
117271,0
4065,1
143849,0
133234,0
84532,0
145780,0
27493,1
87836,0
74648,0
30120,1
105530,0
44754,1
46910,0
118945,0
86730,0
79842,0
120966,0
35967,1
117641,0
78069,0
120620,0
61654,0
7916,1
34086,1
62230,0
156419,0
44514,1
84924,0
44120,1
103161,0
139023,0
108716,0
151979,0
96561,0
48000,0
41702,1
129866,0
5372,1
88965,0
85528,0
131934,0
6365,1
16387,1
42343,1
130694,0
14841,1
4293,1
135304,0
152514,0
106047,0
89961,0
80665,0
83612,0
142790,0
5768,1
59164,0
152817,0
120393,0
87552,0
126231,0
147727,0
118901,0
30980,1
88170,0
140004,0
59849,0
25153,1
1891,1
108740,0
21667,1
46187,0
37308,1
80073,0
91305,0
8490,1
83415,0
131644,0
89784,0
135016,0
51285,0
158868,0
138168,0
42670,1
159071,0
137206,0
71921,0
116978,0
37781,1
55674,0
153451,0
129732,0
126153,0
47883,0
68284,0
157808,0
2024,1
94739,0
104262,0
5738,1
151653,0
98158,0
24533,1
117034,0
101848,0
14591,1
77425,0
12609,1
35443,1
44578,1
56995,0
31346,1
100330,0
101718,0
57888,0
134736,0
47872,0
156321,0
42006,1
33995,1
91513,0
69551,0
27201,1
28140,1
87286,0
67992,0
78960,0
144077,0
43730,1
91292,0
143811,0
12326,1
44963,1
48443,0
100947,0
40449,1
135738,0
75835,0
126774,0
36193,1
86609,0
56326,0
139490,0
56851,0
17625,1
4335,1
38510,1
27579,1
135977,0
46142,0
65106,0
9801,1
16867,1
1690,1
20792,1
121417,0
42015,1
70824,0
535,1
57250,0
110250,0
94598,0
90951,0
150396,0
94453,0
84515,0
23475,1
98714,0
44702,1
84679,0
88173,0
123780,0
133860,0
141090,0
14000,1
94686,0
40676,1
32174,1
89453,0
139036,0
14609,1
128376,0
35901,1
118867,0
110996,0
83534,0
131151,0
95688,0
15879,1
17700,1
77798,0
147018,0
142312,0
106479,0
91325,0
83691,0
156869,0
47450,0
70478,0
66619,0
59063,0
23094,1
44123,1
132309,0
117637,0
129148,0
40780,1
67308,0
113342,0
125868,0
73678,0
87107,0
145049,0
111017,0
139729,0
95371,0
30382,1
126479,0
153949,0
25746,1
116702,0
41918,1
10456,1
94035,0
21517,1
96617,0
134900,0
120206,0
140445,0
3194,1
14144,1
17543,1
8911,1
41338,1
28244,1
26771,1
100071,0
72774,0
59045,0
157926,0
71594,0
140033,0
91509,0
22762,1
106153,0
107535,0
23941,1
150521,0
13497,1
35223,1
78498,0
78506,0
129923,0
88488,0
42530,1
130025,0
57405,0
131864,0
80343,0
34016,1
1110,1
58620,0
96700,0
93016,0
133361,0
582,1
111485,0
141481,0
58166,0
102253,0
107798,0
32509,1
19219,1
117295,0
65911,0
13956,1
49808,0
102687,0
59864,0
151189,0
45572,0
18400,1
89697,0
44773,1
38512,1
102933,0
100219,0
141969,0
81967,0
152914,0
103070,0
139216,0
42241,1
90966,0
97139,0
114988,0
118058,0
93100,0
21442,1
87795,0
23154,1
110308,0
43307,1
7115,1
140268,0
151556,0
134239,0
111153,0
118467,0
101953,0
21154,1
119986,0
23284,1
144637,0
103800,0
74140,0
100393,0
47022,0
71210,0
86971,0
28033,1
80043,0
27755,1
7411,1
90124,0
67959,0
46410,0
123343,0
115398,0
83965,0
36397,1
132937,0
123993,0
91481,0
30246,1
84893,0
155270,0
146226,0
80490,0
115552,0
23695,1
152613,0
148716,0
125410,0
76887,0
148121,0
83759,0
11455,1
69233,0
67772,0
11190,1
149838,0
14868,1
99291,0
35407,1
24693,1
138182,0
106331,0
51862,0
107665,0
6382,1
79233,0
92506,0
36715,1
13443,1
59563,0
28957,1
85662,0
156765,0
87947,0
13035,1
96142,0
74772,0
95839,0
23058,1
11564,1
17438,1
6573,1
69580,0
10430,1
86785,0
58324,0
50072,0
143892,0
80999,0
4432,1
40119,1
65359,0
136543,0
5519,1
27505,1
140828,0
61247,0
126489,0
79708,0
81201,0
137069,0
114934,0
58348,0
106280,0
30500,1
89295,0
92920,0
18854,1
79069,0
27898,1
41003,1
143471,0
45271,0
72175,0
157347,0
127628,0
17857,1
104750,0
57763,0
77172,0
50629,0
73567,0
96045,0
62775,0
50351,0
15510,1
158740,0
12101,1
40145,1
66581,0
154443,0
51755,0
145801,0
73074,0
61087,0
96460,0
152345,0
79423,0
12333,1
27740,1
81661,0
114382,0
45061,1
126429,0
81215,0
36425,1
146860,0
110550,0
47051,0
139079,0
40116,1
65407,0
135262,0
116576,0
148972,0
26041,1
8557,1
34058,1
80635,0
132720,0
60737,0
111101,0
57386,0
73603,0
153393,0
613,1
62477,0
90441,0
44049,1
48202,0
72526,0
23773,1
72947,0
116846,0
89582,0
119277,0
45745,0
58887,0
28759,1
127278,0
21762,1
145153,0
128599,0
153025,0
20486,1
34639,1
24259,1
15506,1
53745,0
57694,0
125455,0
25226,1
51815,0
18836,1
50660,0
37517,1
115957,0
43156,1
120599,0
86349,0
141606,0
98426,0
154696,0
80220,0
17612,1
148205,0
54788,0
101789,0
31845,1
6125,1
142012,0
77105,0
99468,0
24182,1
107400,0
122862,0
83851,0
27873,1
79191,0
148895,0
142576,0
70446,0
125473,0
60982,0
89000,0
101247,0
54703,0
31371,1
48510,0
98294,0
157940,0
125296,0
21494,1
5430,1
54216,0
39685,1
142882,0
151973,0
63010,0
37711,1
91558,0
137292,0
157324,0
87746,0
137510,0
109810,0
83280,0
282,1
95878,0
7734,1
49529,0
20495,1
135171,0
152404,0
117145,0
49897,0
12035,1
130044,0
147969,0
93319,0
148039,0
27399,1
80954,0
85984,0
109478,0
64313,0
75337,0
21856,1
129552,0
92579,0
94390,0
110812,0
91860,0
78217,0
140495,0
133428,0
133947,0
18041,1
95689,0
90067,0
157224,0
146269,0
13721,1
17992,1
84118,0
96590,0
108262,0
43291,1
75356,0
102116,0
6838,1
18158,1
129785,0
73369,0
37985,1
48017,0
154322,0
48889,0
49792,0
58037,0
159403,0
86129,0
77604,0
21165,1
12079,1
143062,0
127068,0
124268,0
125297,0
56409,0
21814,1
18781,1
88291,0
155231,0
118147,0
39384,1
58252,0
74544,0
152262,0
133306,0
51115,0
136033,0
73037,0
25270,1
99831,0
92134,0
8159,1
118991,0
114482,0
47748,0
38127,1
67342,0
112128,0
80158,0
2440,1
17265,1
24911,1
76827,0
23808,1
12344,1
29805,1
66524,0
32307,1
124387,0
57569,0
60838,0
156787,0
136296,0
99041,0
107861,0
146945,0
121458,0
27106,1
128232,0
59364,0
78323,0
86398,0
51884,0
81357,0
89139,0
138646,0
135330,0
139541,0
85083,0
59608,0
106670,0
25580,1
77127,0
145421,0
123836,0
45947,0
22393,1
124583,0
8522,1
77760,0
61474,0
133074,0
81301,0
143787,0
65297,0
129848,0
159508,0
33745,1
11276,1
19625,1
103133,0
84367,0
67353,0
154311,0
125718,0
68646,0
93558,0
64969,0
45331,0
37963,1
90284,0
53201,0
118887,0
132382,0
104000,0
83334,0
158045,0
109179,0
34910,1
108390,0
1024,1
77155,0
126471,0
120238,0
26119,1
44616,1
59719,0
87174,0
139131,0
143337,0
83704,0
37607,1
15514,1
150183,0
90752,0
62989,0
156631,0
77626,0
80784,0
112456,0
26146,1
3482,1
132542,0
123639,0
89381,0
126782,0
12078,1
50824,0
56102,0
52109,0
102766,0
102522,0
93850,0
120551,0
79184,0
19076,1
145139,0
102955,0
121002,0
77592,0
45283,0
148584,0
63741,0
69741,0
33212,1
16588,1
59658,0
19556,1
147237,0
128672,0
118571,0
131384,0
3072,1
129545,0
90671,0
113476,0
83860,0
71214,0
75971,0
94323,0
59845,0
139280,0
129132,0
90874,0
46103,0
10518,1
45777,0
81686,0
95209,0
48362,0
157012,0
113436,0
154085,0
112166,0
130811,0
41142,1
47061,0
60853,0
122202,0
90367,0
107493,0
136446,0
4414,1
34642,1
28430,1
154551,0
26923,1
80806,0
119626,0
54519,0
67297,0
120067,0
73891,0
17618,1
102668,0
122686,0
115402,0
116207,0
27152,1
112724,0
36990,1
125280,0
50237,0
22867,1
65058,0
130668,0
142088,0
127887,0
6611,1
31411,1
136743,0
28068,1
89026,0
159055,0
51208,0
150234,0
122618,0
114249,0
81809,0
14775,1
66988,0
7214,1
95792,0
121989,0
40044,1
29351,1
333,1
43716,1
76152,0
51206,0
151078,0
18928,1
66855,0
8035,1
132803,0
76963,0
85417,0
140412,0
45639,0
141953,0
22542,1
138608,0
2330,1
50373,0
66940,0
47923,0
45752,0
128326,0
18891,1
40400,1
86497,0
97039,0
75809,0
15453,1
71838,0
134280,0
105586,0
123039,0
89391,0
155375,0
101683,0
149978,0
146991,0
2805,1
131831,0
126356,0
146653,0
120638,0
77860,0
85885,0
40219,1
32995,1
67633,0
30829,1
73106,0
146385,0
109858,0
25064,1
8736,1
102586,0
135352,0
21577,1
144013,0
25617,1
36597,1
39586,1
79223,0
92499,0
114122,0
7375,1
21397,1
74033,0
131766,0
83295,0
59262,0
3484,1
84537,0
72199,0
109672,0
131340,0
45400,0
57543,0
1694,1
59590,0
29787,1
19134,1
49339,0
29041,1
123901,0
133648,0
6194,1
98390,0
115920,0
27420,1
8465,1
103702,0
145905,0
19202,1
84125,0
30249,1
54427,0
97229,0
66633,0
24644,1
3949,1
134985,0
146628,0
17594,1
56206,0
151601,0
87636,0
74982,0
44567,1
133873,0
30150,1
4704,1
89928,0
68446,0
1939,1
87751,0
41788,1
129805,0
13236,1
11241,1
83656,0
39618,1
83060,0
30907,1
2853,1
91750,0
1643,1
64880,0
76688,0
104765,0
17613,1
155758,0
15851,1
94957,0
34334,1
124413,0
2287,1
135762,0
63814,0
16916,1
32655,1
63386,0
115015,0
43030,1
34993,1
21184,1
103617,0
108996,0
150576,0
78202,0
79703,0
26407,1
137848,0
13487,1
24227,1
16912,1
10155,1
129119,0
117217,0
5733,1
136952,0
22292,1
116519,0
30082,1
71103,0
104432,0
145899,0
27440,1
1090,1
108212,0
135770,0
50223,0
81054,0
52769,0
87587,0
27339,1
44474,1
45215,0
107785,0
49099,0
114542,0
27120,1
27426,1
145093,0
137242,0
87669,0
140577,0
29679,1
148113,0
7651,1
90078,0
110533,0
128916,0
89091,0
5823,1
59219,0
63611,0
112393,0
86521,0
111995,0
61569,0
8760,1
43907,1
68714,0
56094,0
66116,0
19865,1
39014,1
105850,0
105813,0
133863,0
133687,0
93146,0
53356,0
144217,0
120835,0
28453,1
65399,0
50401,0
38521,1
158537,0
81335,0
71606,0
124303,0
139688,0
34048,1
90385,0
15956,1
59232,0
129925,0
63974,0
3300,1
137931,0
10627,1
24027,1
68039,0
147927,0
138668,0
123042,0
153822,0
67292,0
113098,0
149516,0
32680,1
97671,0
41732,1
147850,0
98566,0
76129,0
46371,0
96712,0
72177,0
120004,0
154323,0
7382,1
50117,0
74096,0
17124,1
98511,0
133688,0
32448,1
16176,1
54668,0
93210,0
23376,1
62301,0
71965,0
49494,0
32894,1
151789,0
9332,1
52206,0
18546,1
26140,1
55307,0
66592,0
19718,1
56727,0
116415,0
72102,0
47551,0
73241,0
17439,1
41254,1
111116,0
19662,1
24691,1
39548,1
157927,0
32507,1
100272,0
74359,0
70689,0
23238,1
30988,1
72676,0
118287,0
37073,1
126595,0
155629,0
87112,0
57246,0
67406,0
63526,0
76872,0
55498,0
154385,0
20164,1
22775,1
112646,0
7813,1
43654,1
121855,0
120427,0
155539,0
134293,0
149226,0
74404,0
101907,0
141651,0
12561,1
119610,0
147479,0
90107,0
68395,0
69951,0
129297,0
54063,0
142240,0
114769,0
30217,1
32773,1
114007,0
76853,0
88806,0
99898,0
58179,0
92399,0
84816,0
145547,0
45193,0
65502,0
87729,0
144338,0
111745,0
81240,0
57765,0
20585,1
80460,0
47208,0
127161,0
112706,0
146146,0
88752,0
14869,1
70953,0
47014,0
149080,0
13909,1
11380,1
141942,0
55633,0
99568,0
68175,0
125295,0
103405,0
103852,0
142120,0
47072,0
10454,1
11855,1
92439,0
110626,0
85043,0
112855,0
159716,0
85253,0
120510,0
67688,0
102160,0
92933,0
90110,0
16136,1
148758,0
54563,0
142572,0
80128,0
110832,0
40567,1
121456,0
156829,0
87137,0
14803,1
135410,0
61494,0
3121,1
67072,0
93041,0
64452,0
143740,0
120836,0
155951,0
82549,0
144281,0
73868,0
154932,0
127132,0
7035,1
25610,1
148196,0
46057,0
40888,1
56593,0
85045,0
127733,0
35618,1
66829,0
38788,1
122976,0
60465,0
132208,0
105884,0
112868,0
121622,0
86334,0
1220,1
99054,0
130185,0
64041,0
17213,1
394,1
8213,1
2061,1
63690,0
45377,0
9448,1
135483,0
37637,1
149335,0
73121,0
46027,0
58883,0
22176,1
124620,0
130699,0
135149,0
65234,0
83141,0
22309,1
122283,0
56504,0
76798,0
85549,0
47596,0
57919,0
102122,0
106683,0
76754,0
38139,1
95425,0
92825,0
63339,0
135140,0
125638,0
125915,0
48445,0
145964,0
60120,0
48463,0
79339,0
151805,0
45912,0
64501,0
146440,0
33555,1
13459,1
156798,0
51650,0
112335,0
48737,0
152437,0
73752,0
39675,1
12368,1
81060,0
55017,0
47960,0
7847,1
133156,0
152278,0
150762,0
158917,0
16851,1
91012,0
99627,0
131922,0
99672,0
9075,1
63110,0
94250,0
145309,0
142816,0
105223,0
84379,0
106935,0
51847,0
104362,0
1495,1
51167,0
9422,1
102419,0
149601,0
93595,0
2999,1
54814,0
115177,0
116915,0
14323,1
148023,0
83983,0
76118,0
9667,1
2546,1
139491,0
128664,0
80077,0
81792,0
36501,1
79325,0
142030,0
157874,0
108435,0
22498,1
42484,1
76177,0
74055,0
67233,0
60496,0
52413,0
14174,1
78744,0
48097,0
23489,1
74624,0
68087,0
151930,0
130910,0
124417,0
12252,1
145494,0
59820,0
31187,1
16095,1
98962,0
97709,0
25159,1
89090,0
43837,1
2859,1
29576,1
96702,0
50428,0
4388,1
126679,0
128771,0
135002,0
57985,0
154254,0
89703,0
5648,1
68883,0
103907,0
11902,1
32010,1
150972,0
96025,0
7638,1
119354,0
6745,1
89261,0
116016,0
89268,0
147418,0
109685,0
74840,0
124560,0
71925,0
70831,0
154503,0
111817,0
19242,1
124884,0
33301,1
104926,0
89659,0
97801,0
117929,0
115510,0
115640,0
26086,1
35706,1
20270,1
37169,1
13129,1
44775,1
24930,1
78891,0
21666,1
120395,0
57905,0
7232,1
4413,1
5036,1
37558,1
57819,0
72546,0
130128,0
132586,0
121518,0
63462,0
27570,1
52837,0
105887,0
1681,1
25025,1
12283,1
110973,0
80971,0
41380,1
108888,0
55500,0
136533,0
106852,0
4053,1
157521,0
101401,0
143030,0
109856,0
67829,0
156279,0
23963,1
69581,0
17554,1
48410,0
87418,0
147251,0
62297,0
92118,0
78050,0
24034,1
110016,0
93992,0
108649,0
58656,0
105215,0
144058,0
75668,0
89841,0
152572,0
12542,1
133254,0
55748,0
22539,1
154383,0
9894,1
32208,1
48040,0
93389,0
74495,0
84034,0
79754,0
101389,0
151829,0
127244,0
89760,0
130708,0
61339,0
19692,1
31568,1
8439,1
55218,0
147642,0
89886,0
113902,0
82741,0
10843,1
131787,0
39563,1
131245,0
43313,1
116693,0
63119,0
29075,1
123248,0
76030,0
120824,0
13656,1
126454,0
139352,0
1978,1
71490,0
55061,0
101334,0
66012,0
11583,1
9400,1
142733,0
103034,0
29926,1
88196,0
146709,0
12552,1
113895,0
22398,1
77646,0
55552,0
63214,0
74062,0
130313,0
6378,1
50781,0
132320,0
106099,0
56306,0
1598,1
61878,0
68531,0
157670,0
157050,0
84899,0
47911,0
134007,0
109339,0
150676,0
144054,0
126076,0
22073,1
73881,0
60731,0
28572,1
17957,1
113674,0
56754,0
120732,0
138881,0
34604,1
61629,0
140931,0
135137,0
24903,1
79435,0
135070,0
99838,0
11988,1
130536,0
107836,0
139662,0
19807,1
107001,0
16671,1
123156,0
84016,0
154744,0
70370,0
44202,1
40136,1
24453,1
25256,1
99440,0
118394,0
151539,0
101296,0
79439,0
22938,1
113502,0
12564,1
121289,0
152364,0
71580,0
99756,0
74795,0
8266,1
17465,1
617,1
63769,0
101686,0
88147,0
18528,1
138039,0
151319,0
74097,0
85180,0
130607,0
55455,0
144268,0
42830,1
3870,1
142370,0
27246,1
47772,0
42632,1
102918,0
119771,0
122877,0
135273,0
92273,0
135185,0
59014,0
109045,0
138343,0
95885,0
21828,1
117808,0
113888,0
41848,1
155311,0
82346,0
34585,1
109382,0
97959,0
138987,0
74151,0
76526,0
1825,1
67270,0
43528,1
29487,1
44548,1
63459,0
99163,0
50400,0
20969,1
70115,0
90296,0
116133,0
148817,0
50056,0
92931,0
4298,1
147982,0
12113,1
86459,0
121300,0
39252,1
159543,0
152424,0
15314,1
118826,0
157489,0
67712,0
1561,1
15911,1
37980,1
42722,1
116699,0
68098,0
99043,0
22107,1
120071,0
123827,0
70546,0
52090,0
65638,0
120676,0
156213,0
2172,1
111580,0
116898,0
126658,0
153026,0
119387,0
81795,0
29945,1
24060,1
142893,0
107023,0
124586,0
153498,0
34443,1
110078,0
139373,0
39551,1
24926,1
9434,1
82440,0
129283,0
13715,1
39497,1
6166,1
15858,1
69996,0
88962,0
90592,0
72498,0
147703,0
6347,1
59558,0
61060,0
86039,0
153074,0
35909,1
143006,0
108199,0
77188,0
76733,0
99720,0
69702,0
53152,0
14443,1
127327,0
133994,0
41427,1
98944,0
87739,0
30203,1
98485,0
110579,0
118690,0
97610,0
102126,0
100225,0
54564,0
19160,1
34232,1
50609,0
18052,1
148682,0
125954,0
119290,0
65793,0
136528,0
13702,1
37473,1
88454,0
34495,1
130800,0
70376,0
126518,0
113770,0
95948,0
17220,1
66256,0
87685,0
116201,0
75592,0
85838,0
81964,0
57896,0
34363,1
3712,1
127155,0
94680,0
70957,0
140596,0
140055,0
76134,0
95062,0
112821,0
21276,1
74747,0
156875,0
20791,1
64141,0
21089,1
51634,0
48437,0
81208,0
80134,0
19455,1
72212,0
154012,0
46951,0
35634,1
7846,1
101464,0
54679,0
13568,1
89448,0
14092,1
153135,0
49953,0
63234,0
117848,0
97879,0
24947,1
93987,0
116723,0
45448,0
18875,1
109083,0
113891,0
37278,1
2027,1
113511,0
82662,0
131247,0
145108,0
111429,0
33862,1
74887,0
768,1
124115,0
145656,0
12999,1
49795,0
29106,1
48851,0
62267,0
54398,0
39092,1
142869,0
131993,0
15847,1
85037,0
31728,1
129606,0
141978,0
56958,0
153179,0
46551,0
91445,0
74704,0
40362,1
111476,0
43845,1
148462,0
32389,1
81466,0
48166,0
12922,1
100699,0
16231,1
100815,0
45463,0
5294,1
31779,1
28222,1
93826,0
108405,0
26312,1
116269,0
102744,0
61423,0
80617,0
112611,0
70001,0
91151,0
97549,0
59093,0
84505,0
21923,1
17294,1
77923,0
93345,0
101785,0
107075,0
57535,0
15437,1
76728,0
93729,0
23057,1
31520,1
134679,0
48981,0
158877,0
71001,0
6563,1
124515,0
42368,1
18862,1
118580,0
10862,1
154607,0
107619,0
21573,1
100360,0
91517,0
129601,0
155423,0
110935,0
85914,0
90803,0
12839,1
81373,0
62082,0
25795,1
99967,0
34662,1
50855,0
20482,1
127631,0
94402,0
103835,0
82694,0
2656,1
58884,0
78332,0
120759,0
121813,0
41196,1
110607,0
130966,0
87707,0
89516,0
26343,1
157907,0
158267,0
119435,0
140387,0
126201,0
105443,0
141572,0
98299,0
156125,0
11132,1
105952,0
126109,0
136786,0
5265,1
94330,0
7636,1
121883,0
106085,0
45079,1
58586,0
38412,1
25792,1
35687,1
90084,0
8879,1
78066,0
73547,0
126194,0
79468,0
2449,1
139322,0
30840,1
133258,0
37051,1
145506,0
147300,0
126957,0
47833,0
157778,0
145454,0
119484,0
103981,0
70618,0
14867,1
38594,1
124236,0
123913,0
152138,0
141070,0
125671,0
139038,0
59787,0
67145,0
26696,1
18901,1
74374,0
37368,1
34874,1
131849,0
121959,0
29494,1
68382,0
96463,0
407,1
158262,0
141883,0
147768,0
3517,1
108426,0
23014,1
121602,0
120501,0
138458,0
44950,1
23864,1
35705,1
101073,0
51699,0
75775,0
141494,0
6809,1
96318,0
18567,1
49083,0
51659,0
8118,1
40141,1
3911,1
132574,0
46712,0
86277,0
157382,0
29490,1
106785,0
120703,0
49811,0
63846,0
74748,0
81137,0
34477,1
80071,0
58758,0
44444,1
11607,1
114963,0
89407,0
45750,0
44851,1
51481,0
141948,0
60768,0
153357,0
27390,1
128299,0
74284,0
109561,0
66523,0
122255,0
115979,0
155236,0
37249,1
91849,0
109745,0
46420,0
153716,0
84386,0
19276,1
37371,1
44661,1
38464,1
122141,0
115775,0
152123,0
66668,0
43125,1
102685,0
11953,1
47459,0
157964,0
149370,0
153158,0
54859,0
149957,0
36217,1
31634,1
41763,1
151483,0
1037,1
116305,0
69892,0
90080,0
113707,0
130891,0
108226,0
128539,0
43417,1
36469,1
156730,0
116534,0
45787,0
151545,0
26661,1
9539,1
90802,0
33073,1
67947,0
13359,1
29005,1
73812,0
51993,0
47266,0
117002,0
96198,0
139785,0
8156,1
77395,0
86589,0
63643,0
121420,0
157566,0
151001,0
101560,0
63688,0
68040,0
40265,1
21403,1
58243,0
18778,1
112385,0
36428,1
70157,0
107846,0
104703,0
43672,1
129241,0
67535,0
109758,0
75326,0
87080,0
72341,0
159669,0
110151,0
976,1
107632,0
4519,1
104232,0
105197,0
111024,0
70545,0
151298,0
125370,0
60813,0
56338,0
68271,0
63290,0
154197,0
61435,0
42174,1
147385,0
56615,0
158135,0
2649,1
131493,0
58772,0
29129,1
157702,0
111504,0
2423,1
95259,0
26567,1
109822,0
133900,0
56752,0
57097,0
49294,0
154511,0
5771,1
102776,0
123280,0
30177,1
123623,0
85593,0
158260,0
50997,0
74654,0
32929,1
135358,0
120773,0
99304,0
13599,1
130218,0
82465,0
73249,0
31161,1
25899,1
80861,0
137086,0
49102,0
145775,0
43001,1
100527,0
150565,0
33181,1
82169,0
96133,0
4378,1
5442,1
150085,0
51503,0
8138,1
35140,1
83853,0
132136,0
75249,0
71543,0
27824,1
129240,0
146567,0
23825,1
55005,0
10271,1
141426,0
114063,0
51954,0
42013,1
83373,0
75605,0
109140,0
126621,0
59116,0
69762,0
21702,1
8604,1
18247,1
137094,0
142891,0
114001,0
112396,0
78417,0
129409,0
104792,0
33517,1
35584,1
30050,1
116083,0
126872,0
110734,0
150178,0
43757,1
112581,0
148226,0
159708,0
70734,0
35897,1
110928,0
39046,1
153687,0
55410,0
15130,1
75960,0
62724,0
31682,1
27436,1
134091,0
8189,1
126405,0
34742,1
99993,0
45918,0
134875,0
89482,0
155862,0
84913,0
119130,0
51564,0
127266,0
136971,0
70517,0
85689,0
3418,1
121558,0
4573,1
8591,1
39247,1
122714,0
101726,0
111016,0
102231,0
89721,0
42292,1
88479,0
27695,1
157656,0
136112,0
45434,0
52286,0
159726,0
127857,0
90232,0
159735,0
50209,0
158353,0
62979,0
1366,1
23556,1
156522,0
28785,1
137590,0
28485,1
121851,0
26835,1
104377,0
106534,0
50290,0
105205,0
73946,0
156490,0
49926,0
68642,0
114937,0
101962,0
71901,0
121416,0
100502,0
8803,1
117112,0
140318,0
65713,0
77079,0
42346,1
143879,0
67956,0
138581,0
119808,0
352,1
42875,1
103916,0
124076,0
68285,0
28105,1
136942,0
131386,0
29447,1
22752,1
43386,1
37790,1
70355,0
154363,0
102127,0
69577,0
154844,0
23603,1
113729,0
104822,0
28583,1
11984,1
113696,0
16530,1
27558,1
155642,0
86487,0
70596,0
25401,1
27731,1
128887,0
24129,1
87803,0
37104,1
87215,0
64986,0
51689,0
23146,1
53788,0
145286,0
49934,0
11542,1
128741,0
9853,1
140025,0
16606,1
135135,0
60643,0
5567,1
66522,0
132224,0
64602,0
144396,0
34894,1
51145,0
72925,0
27742,1
91956,0
60277,0
61377,0
102790,0
82178,0
36530,1
38151,1
71465,0
424,1
41767,1
8625,1
7220,1
23646,1
156192,0
6234,1
41451,1
124194,0
80761,0
27979,1
59972,0
1088,1
148443,0
61281,0
151655,0
155281,0
2297,1
31070,1
24271,1
28837,1
4530,1
60873,0
85717,0
157383,0
155785,0
139547,0
73995,0
150385,0
75316,0
60290,0
3225,1
31868,1
33894,1
27453,1
96824,0
59005,0
80914,0
104175,0
19266,1
51338,0
97251,0
157923,0
4039,1
103996,0
114558,0
52641,0
123908,0
140986,0
126521,0
73336,0
48835,0
86043,0
39516,1
58190,0
23096,1
115091,0
26185,1
79031,0
155227,0
129777,0
29248,1
80459,0
103035,0
42655,1
63565,0
145943,0
43535,1
116331,0
117892,0
136445,0
110544,0
48560,0
85386,0
93289,0
144884,0
139306,0
5758,1
53039,0
115987,0
77255,0
65886,0
28617,1
71868,0
117739,0
40269,1
131009,0
143864,0
118936,0
100429,0
157219,0
10469,1
63516,0
149599,0
64793,0
127608,0
6439,1
99248,0
124617,0
13321,1
112832,0
134850,0
14121,1
120541,0
117477,0
40144,1
126116,0
25028,1
89835,0
30240,1
32862,1
32244,1
157824,0
82139,0
42724,1
2584,1
113079,0
55320,0
78309,0
99703,0
34469,1
152958,0
60024,0
81123,0
85619,0
59815,0
59760,0
16259,1
36257,1
54321,0
1901,1
27556,1
75886,0
101113,0
82920,0
95376,0
150165,0
22491,1
151186,0
43922,1
102964,0
129703,0
124118,0
135731,0
104243,0
31486,1
6452,1
56748,0
101214,0
93344,0
61968,0
36089,1
79709,0
84902,0
4090,1
114857,0
102561,0
122673,0
111677,0
9732,1
132654,0
90972,0
38486,1
152423,0
31350,1
58773,0
18712,1
109818,0
98810,0
74942,0
148940,0
23255,1
37144,1
97723,0
31115,1
76361,0
94631,0
60537,0
17951,1
148024,0
147088,0
159754,0
12356,1
140436,0
123669,0
28243,1
132591,0
18691,1
111858,0
51733,0
116280,0
65756,0
228,1
17156,1
682,1
121647,0
119255,0
107703,0
141052,0
90000,0
35382,1
29546,1
61263,0
122698,0
99183,0
2400,1
28434,1
145671,0
99892,0
158370,0
156324,0
45455,0
57072,0
32159,1
150463,0
66919,0
102814,0
9676,1
49322,0
47395,0
99743,0
127340,0
29911,1
49116,0
129273,0
11044,1
67773,0
132348,0
22988,1
46953,0
108471,0
18045,1
93202,0
142726,0
89393,0
71117,0
104937,0
118633,0
69421,0
134953,0
59707,0
92673,0
26066,1
36771,1
59954,0
116481,0
60479,0
97105,0
55075,0
27355,1
105201,0
147900,0
84681,0
85073,0
11817,1
131046,0
10025,1
122264,0
154371,0
61153,0
96238,0
154538,0
32034,1
11797,1
9947,1
121918,0
88284,0
135045,0
158823,0
129293,0
15275,1
16366,1
41264,1
62197,0
44355,1
126374,0
42893,1
9526,1
111804,0
129809,0
32040,1
149537,0
135493,0
55989,0
114083,0
15235,1
3913,1
15259,1
155798,0
31650,1
114534,0
41365,1
147040,0
10548,1
149158,0
107496,0
142732,0
90732,0
4874,1
117227,0
16706,1
82152,0
38319,1
75533,0
90989,0
49502,0
134931,0
97907,0
42392,1
155013,0
37365,1
26863,1
96948,0
97731,0
137088,0
84024,0
28002,1
113475,0
86388,0
53537,0
71220,0
152176,0
55268,0
151103,0
146658,0
44203,1
102079,0
126968,0
139489,0
34105,1
36323,1
86904,0
10611,1
92385,0
133565,0
124785,0
31324,1
37653,1
147766,0
124663,0
5462,1
151546,0
84859,0
131789,0
105054,0
148458,0
68962,0
28987,1
18830,1
22898,1
120376,0
90455,0
5945,1
41103,1
96116,0
28642,1
85276,0
88330,0
47922,0
90633,0
64827,0
48917,0
107782,0
129194,0
90321,0
49420,0
157502,0
7014,1
137686,0
154487,0
15530,1
155928,0
88298,0
62733,0
102993,0
134682,0
120643,0
116473,0
13686,1
95687,0
15054,1
11516,1
89681,0
89870,0
55257,0
114702,0
14680,1
94609,0
152457,0
8738,1
104384,0
149824,0
25491,1
22057,1
32274,1
112129,0
119650,0
44231,1
140630,0
2101,1
78645,0
74615,0
56478,0
97930,0
127406,0
57267,0
143659,0
77625,0
82394,0
158684,0
90561,0
18143,1
34466,1
132530,0
153077,0
106309,0
32217,1
92279,0
21275,1
147450,0
156148,0
119193,0
69316,0
126316,0
24881,1
68586,0
28854,1
46952,0
74392,0
31843,1
3868,1
100018,0
94535,0
15785,1
88725,0
95017,0
52043,0
46396,0
14941,1
51930,0
40727,1
107196,0
53004,0
135406,0
48512,0
25539,1
75346,0
119783,0
140843,0
129955,0
87499,0
41134,1
46684,0
2161,1
40563,1
10704,1
145545,0
78013,0
52632,0
106699,0
55125,0
2335,1
84920,0
29252,1
51350,0
144741,0
127819,0
100057,0
115105,0
18563,1
143275,0
5773,1
73208,0
11626,1
139936,0
138553,0
124739,0
20713,1
27132,1
49978,0
159703,0
96232,0
34106,1
110381,0
106794,0
139712,0
133982,0
117140,0
136974,0
29210,1
115152,0
98057,0
129174,0
130038,0
956,1
33044,1
101477,0
92237,0
8102,1
84277,0
67428,0
28259,1
148492,0
157919,0
100543,0
105783,0
131113,0
56700,0
150690,0
67935,0
110703,0
130957,0
68521,0
109431,0
151694,0
139631,0
157276,0
67456,0
75325,0
47617,0
142024,0
97073,0
101012,0
84521,0
91391,0
139398,0
155605,0
93852,0
145379,0
108806,0
78695,0
104309,0
83374,0
11181,1
125614,0
104014,0
84802,0
92351,0
3405,1
92400,0
132232,0
151397,0
65982,0
77980,0
58317,0
3998,1
89011,0
143253,0
114657,0
107133,0
130242,0
84419,0
104813,0
10233,1
157275,0
114865,0
78139,0
8985,1
23129,1
10991,1
137849,0
145491,0
95821,0
80389,0
50082,0
157376,0
135975,0
125562,0
36255,1
66721,0
79412,0
94588,0
86845,0
151684,0
109102,0
136072,0
77009,0
64386,0
88944,0
142323,0
16520,1
148311,0
29030,1
116770,0
121591,0
93544,0
36054,1
78485,0
2181,1
8374,1
142549,0
76810,0
31462,1
54102,0
150100,0
30158,1
114828,0
89421,0
4426,1
124828,0
147662,0
48786,0
36478,1
140228,0
62821,0
34535,1
142532,0
40216,1
34831,1
114077,0
76689,0
129918,0
42719,1
6408,1
126267,0
70533,0
54237,0
156991,0
45348,0
138876,0
94424,0
136947,0
67924,0
75228,0
34420,1
81546,0
96425,0
158369,0
103905,0
121210,0
26853,1
76008,0
3,1
118863,0
60727,0
133761,0
143353,0
69068,0
144535,0
19538,1
78609,0
64936,0
17481,1
116483,0
70994,0
670,1
128705,0
65623,0
137465,0
48250,0
56651,0
95124,0
131708,0
142388,0
138192,0
86298,0
71775,0
115538,0
137330,0
139197,0
135128,0
68401,0
136493,0
67370,0
41031,1
92760,0
64323,0
112380,0
145302,0
77275,0
152589,0
20318,1
105540,0
101750,0
143565,0
136090,0
49036,0
1421,1
15658,1
99516,0
157769,0
83799,0
100585,0
125139,0
83355,0
18982,1
87350,0
74148,0
100799,0
55806,0
155327,0
40065,1
131942,0
131407,0
13163,1
67344,0
146171,0
101431,0
33868,1
154598,0
71592,0
147036,0
119404,0
124665,0
156156,0
120299,0
19313,1
152309,0
70886,0
116781,0
577,1
17752,1
48075,0
39598,1
51330,0
127617,0
445,1
152660,0
127199,0
30741,1
18667,1
137308,0
105824,0
85917,0
28161,1
159129,0
80818,0
92908,0
19236,1
50412,0
27249,1
60330,0
138004,0
55210,0
136271,0
156986,0
125468,0
3463,1
30532,1
143585,0
93257,0
113771,0
149992,0
105349,0
85343,0
51528,0
97063,0
14439,1
152491,0
98204,0
74863,0
66391,0
138981,0
104338,0
15805,1
10254,1
51674,0
114670,0
36945,1
141468,0
8533,1
151906,0
83898,0
104588,0
119580,0
41213,1
144386,0
104457,0
148175,0
35024,1
124093,0
48894,0
36435,1
108294,0
49521,0
44038,1
49888,0
54322,0
21763,1
59384,0
113504,0
89145,0
82334,0
92192,0
138935,0
132822,0
39944,1
134962,0
71950,0
67541,0
86697,0
52929,0
153107,0
68928,0
123235,0
77124,0
119464,0
151080,0
57809,0
9656,1
84430,0
75225,0
38260,1
36536,1
51095,0
71949,0
135943,0
86402,0
158143,0
52085,0
43168,1
6849,1
42711,1
83157,0
142003,0
61590,0
142051,0
111418,0
124239,0
67366,0
67185,0
146322,0
69307,0
107673,0
145536,0
122325,0
135104,0
27745,1
153863,0
40299,1
144402,0
107710,0
1264,1
118650,0
123626,0
155266,0
88408,0
84778,0
1816,1
142309,0
76604,0
16684,1
76914,0
128866,0
140482,0
36585,1
65991,0
96543,0
48303,0
137238,0
123589,0
47514,0
46552,0
4540,1
136805,0
134897,0
157685,0
41150,1
155752,0
60819,0
86194,0
46868,0
106807,0
110871,0
6068,1
27886,1
111784,0
76192,0
85641,0
120130,0
61927,0
22009,1
69611,0
122878,0
50075,0
123440,0
141025,0
93739,0
92562,0
103970,0
142921,0
91001,0
93030,0
22657,1
41775,1
106650,0
11955,1
79020,0
86213,0
44879,1
18321,1
143260,0
50950,0
42038,1
80916,0
118457,0
22047,1
84688,0
24428,1
5636,1
95219,0
119037,0
25120,1
46380,0
107119,0
70659,0
77770,0
136129,0
8527,1
72098,0
119791,0
122823,0
151554,0
153385,0
60848,0
42920,1
45310,0
98352,0
58197,0
140714,0
75939,0
150531,0
70651,0
8058,1
29563,1
108791,0
96502,0
70490,0
59639,0
70576,0
47086,0
100667,0
94538,0
51740,0
37999,1
144485,0
65551,0
142419,0
155424,0
39928,1
132526,0
34218,1
148734,0
32630,1
100047,0
11734,1
94123,0
21467,1
156163,0
149126,0
9547,1
27273,1
130519,0
105426,0
115021,0
88235,0
8104,1
142170,0
3421,1
63452,0
119964,0
141145,0
13489,1
32565,1
25607,1
120141,0
133369,0
130962,0
95234,0
105503,0
64720,0
34693,1
53708,0
124383,0
150382,0
91500,0
33875,1
37627,1
45933,0
49555,0
81516,0
13772,1
31505,1
117631,0
130660,0
15459,1
118871,0
33502,1
86047,0
149129,0
71769,0
112449,0
7212,1
57171,0
144247,0
83524,0
7736,1
33822,1
10037,1
100728,0
129983,0
93641,0
2125,1
66950,0
101134,0
145413,0
15090,1
69412,0
12392,1
74090,0
140878,0
75150,0
90828,0
2738,1
86654,0
80700,0
138718,0
148042,0
90438,0
99924,0
25951,1
99330,0
158520,0
108319,0
45760,0
9353,1
75151,0
72873,0
18090,1
110374,0
48110,0
6427,1
103356,0
151140,0
70966,0
90429,0
46320,0
156782,0
83881,0
38022,1
118079,0
139019,0
126208,0
61176,0
102306,0
20203,1
128772,0
73827,0
70348,0
60374,0
23965,1
23298,1
64289,0
125977,0
26021,1
86317,0
52390,0
25009,1
95355,0
89701,0
149542,0
23578,1
71841,0
64579,0
74930,0
72141,0
131255,0
143069,0
95018,0
69178,0
57527,0
141284,0
63137,0
49118,0
44004,1
147769,0
57900,0
156576,0
131321,0
102291,0
143988,0
10859,1
101225,0
95495,0
38142,1
131527,0
132708,0
70613,0
88234,0
147297,0
34852,1
5480,1
51832,0
82115,0
30478,1
96731,0
17422,1
2614,1
122483,0
89190,0
47083,0
138754,0
143416,0
2577,1
123071,0
156768,0
120268,0
26837,1
41653,1
151534,0
48081,0
20878,1
69872,0
96255,0
82459,0
105755,0
106152,0
86239,0
113087,0
111516,0
151398,0
61570,0
52039,0
40578,1
51011,0
144148,0
32025,1
4490,1
77874,0
59434,0
101759,0
78629,0
35604,1
120290,0
120178,0
141007,0
62904,0
143261,0
124929,0
59313,0
115720,0
18425,1
61381,0
129094,0
119760,0
105149,0
74860,0
25814,1
117065,0
18837,1
146147,0
821,1
7907,1
58693,0
40228,1
153914,0
106671,0
119727,0
126883,0
91542,0
92867,0
159670,0
157468,0
150771,0
2682,1
86748,0
106132,0
40311,1
32603,1
78745,0
28431,1
38467,1
98940,0
8615,1
28696,1
150989,0
106469,0
122224,0
112769,0
30141,1
7469,1
21236,1
6489,1
33370,1
106620,0
36877,1
66327,0
71879,0
102162,0
66292,0
114527,0
131331,0
53700,0
80347,0
5952,1
92898,0
107379,0
71563,0
129786,0
71757,0
6361,1
154905,0
93775,0
153616,0
132272,0
157475,0
24341,1
11769,1
58240,0
18835,1
115629,0
21895,1
42315,1
133310,0
154633,0
121367,0
148659,0
154062,0
141230,0
90055,0
17326,1
84966,0
140956,0
68795,0
71322,0
7606,1
114661,0
57775,0
132128,0
81155,0
36656,1
143953,0
86900,0
50081,0
157872,0
133453,0
83243,0
2665,1
124975,0
60363,0
106419,0
113631,0
135179,0
95254,0
16421,1
135029,0
24706,1
118910,0
9761,1
99296,0
134709,0
29746,1
97189,0
24151,1
119728,0
85433,0
113404,0
102386,0
26414,1
103217,0
20260,1
119644,0
44447,1
689,1
97781,0
104644,0
133815,0
21585,1
80599,0
16300,1
29355,1
7623,1
140548,0
86801,0
34606,1
37887,1
66215,0
18821,1
11359,1
100774,0
12960,1
149867,0
44641,1
13298,1
137347,0
92146,0
98350,0
6673,1
156914,0
49900,0
145433,0
132438,0
73726,0
88648,0
73999,0
24731,1
16788,1
152667,0
8531,1
156721,0
152110,0
64069,0
114479,0
28082,1
118436,0
143017,0
3067,1
35046,1
153287,0
24704,1
4398,1
54251,0
137750,0
113941,0
15273,1
73645,0
33934,1
130353,0
22127,1
23925,1
63729,0
127494,0
119369,0
92121,0
18008,1
64107,0
84708,0
32845,1
72463,0
149185,0
17297,1
49360,0
142577,0
46634,0
118648,0
9535,1
35232,1
113200,0
85093,0
141254,0
98322,0
42071,1
142820,0
18399,1
135683,0
65281,0
8962,1
14564,1
37609,1
135355,0
103925,0
114804,0
18654,1
68335,0
102804,0
31270,1
109280,0
156029,0
8690,1
107407,0
87010,0
21033,1
9408,1
108866,0
120503,0
7353,1
59809,0
105955,0
48365,0
5315,1
81033,0
22620,1
144638,0
763,1
155448,0
140842,0
146959,0
23794,1
85976,0
73774,0
67937,0
37661,1
141442,0
72738,0
132519,0
140658,0
78997,0
74072,0
130794,0
81231,0
53104,0
28739,1
18305,1
15034,1
64440,0
45817,0
61326,0
108592,0
157137,0
89936,0
150380,0
40043,1
107790,0
7549,1
80833,0
23562,1
25485,1
99984,0
79201,0
23914,1
30943,1
101809,0
34092,1
130173,0
151406,0
138183,0
45958,0
34164,1
104308,0
129640,0
85193,0
61980,0
28101,1
49859,0
44972,1
44777,1
33876,1
151412,0
88081,0
103550,0
87164,0
151670,0
47106,0
128317,0
55435,0
125939,0
97703,0
145216,0
101779,0
23092,1
54311,0
104802,0
116930,0
110816,0
133694,0
142008,0
51682,0
94751,0
29813,1
111790,0
52276,0
149610,0
27750,1
46960,0
133144,0
75848,0
45660,0
112800,0
110391,0
88254,0
131757,0
38542,1
28979,1
37968,1
122175,0
37458,1
109919,0
111281,0
143073,0
143269,0
99579,0
60831,0
86852,0
123446,0
69472,0
67041,0
43836,1
76680,0
71697,0
27952,1
107328,0
33706,1
136104,0
67004,0
141469,0
107806,0
63074,0
4920,1
58236,0
138586,0
84779,0
107381,0
102937,0
35927,1
132859,0
7994,1
77091,0
36461,1
70890,0
157320,0
81417,0
148434,0
133378,0
29034,1
145341,0
147468,0
28254,1
69453,0
128021,0
4546,1
55020,0
12739,1
158236,0
83629,0
114425,0
17118,1
68526,0
147921,0
13199,1
93158,0
133940,0
109412,0
100987,0
145661,0
55294,0
118677,0
80955,0
118836,0
139026,0
63960,0
119185,0
145314,0
107597,0
26770,1
31183,1
43180,1
37618,1
54182,0
125121,0
59447,0
37410,1
56246,0
40791,1
135645,0
155182,0
116607,0
134201,0
24050,1
128255,0
156905,0
45827,0
117609,0
47058,0
127482,0
35113,1
41588,1
95655,0
147239,0
144860,0
98260,0
80489,0
13417,1
23377,1
120841,0
40175,1
3113,1
69591,0
119271,0
130263,0
14547,1
106175,0
44237,1
120295,0
46046,0
95057,0
89497,0
39452,1
67111,0
3698,1
2845,1
22465,1
32421,1
7074,1
31156,1
22665,1
105414,0
133580,0
70883,0
151171,0
61691,0
104755,0
8095,1
3184,1
32169,1
142866,0
31330,1
97937,0
40638,1
61543,0
7801,1
118337,0
22687,1
66840,0
141191,0
117697,0
68843,0
88022,0
12758,1
22935,1
51958,0
152003,0
54161,0
80501,0
106563,0
83616,0
149403,0
55228,0
53659,0
29152,1
95101,0
135476,0
135968,0
27406,1
78179,0
69991,0
114474,0
29808,1
153502,0
37005,1
31578,1
32826,1
146126,0
23544,1
131674,0
151628,0
99085,0
25363,1
21618,1
127042,0
13787,1
13597,1
19733,1
152170,0
149319,0
101959,0
126526,0
26943,1
105543,0
133955,0
78722,0
79642,0
11773,1
25308,1
114743,0
37892,1
102750,0
133089,0
77355,0
18488,1
127914,0
156007,0
157015,0
111929,0
110884,0
30623,1
54921,0
135598,0
109369,0
154083,0
26182,1
112249,0
67503,0
158936,0
120266,0
80988,0
8246,1
31707,1
42073,1
126933,0
27394,1
141591,0
37805,1
136521,0
9645,1
70807,0
20032,1
109168,0
52909,0
102711,0
33225,1
97489,0
93433,0
75232,0
85189,0
113632,0
149633,0
51935,0
80233,0
1868,1
87892,0
95318,0
6304,1
68034,0
53178,0
48947,0
10158,1
127765,0
157728,0
18362,1
17894,1
106759,0
86716,0
43301,1
24399,1
115075,0
109422,0
60473,0
51080,0
118773,0
89124,0
151598,0
60390,0
108610,0
44281,1
85271,0
81147,0
11150,1
107735,0
113588,0
100263,0
119187,0
145449,0
119789,0
147928,0
95960,0
101384,0
87206,0
20472,1
29213,1
4525,1
139746,0
148310,0
137104,0
82889,0
75230,0
29360,1
133413,0
56419,0
9851,1
83045,0
61801,0
122322,0
16836,1
17680,1
134717,0
128723,0
145073,0
39684,1
54229,0
107488,0
152434,0
32191,1
63054,0
65154,0
64726,0
74593,0
38256,1
115892,0
49316,0
50849,0
158191,0
1271,1
147270,0
146246,0
116378,0
74650,0
123038,0
1234,1
67836,0
25337,1
125858,0
72921,0
74689,0
62466,0
53898,0
66848,0
12427,1
124921,0
15162,1
29505,1
28151,1
31857,1
24357,1
141315,0
42613,1
65095,0
24225,1
31854,1
122855,0
1615,1
118349,0
5996,1
71381,0
133091,0
81003,0
69191,0
68014,0
62680,0
39,1
37983,1
107034,0
123219,0
12752,1
9831,1
54194,0
25602,1
106072,0
20898,1
79935,0
109433,0
11680,1
35219,1
158656,0
141485,0
85546,0
12599,1
123577,0
87058,0
145583,0
115702,0
117834,0
122556,0
109970,0
41203,1
52374,0
158513,0
93864,0
108103,0
88401,0
149797,0
54794,0
125781,0
30633,1
99890,0
14194,1
34896,1
131793,0
86936,0
32157,1
159257,0
40392,1
120037,0
7138,1
81421,0
27397,1
36080,1
21877,1
101025,0
57416,0
157443,0
80994,0
131126,0
16492,1
113246,0
117758,0
133408,0
105170,0
144572,0
121453,0
108789,0
159347,0
124256,0
149857,0
1504,1
92470,0
57016,0
119743,0
71267,0
97345,0
104042,0
69389,0
98501,0
65119,0
7400,1
135282,0
113535,0
123079,0
120462,0
43735,1
80288,0
144102,0
63948,0
26110,1
128817,0
68104,0
85185,0
34254,1
83369,0
100243,0
38735,1
114551,0
22534,1
21559,1
41081,1
78161,0
139884,0
56772,0
98759,0
90475,0
71865,0
148067,0
87047,0
58150,0
83654,0
120729,0
16737,1
49645,0
13101,1
33866,1
105077,0
17786,1
77476,0
41297,1
19758,1
90531,0
50407,0
75993,0
53285,0
130553,0
101256,0
63604,0
57865,0
137557,0
52225,0
78579,0
13806,1
151995,0
159465,0
82390,0
17897,1
28815,1
125259,0
126865,0
58547,0
152838,0
135315,0
620,1
98664,0
38148,1
16502,1
95490,0
133636,0
23496,1
83532,0
82017,0
65026,0
9439,1
100935,0
52433,0
99269,0
133455,0
73132,0
99751,0
155839,0
22760,1
95970,0
133367,0
44339,1
121577,0
84203,0
114959,0
34392,1
71936,0
41176,1
82866,0
21918,1
91277,0
146609,0
159205,0
99760,0
62073,0
120328,0
101958,0
55873,0
132778,0
91532,0
10098,1
153236,0
48247,0
71818,0
82400,0
27692,1
69109,0
33904,1
70983,0
63560,0
104929,0
131738,0
99626,0
93343,0
139328,0
148285,0
158745,0
6973,1
134038,0
118825,0
34465,1
88739,0
24354,1
55351,0
60371,0
139952,0
89573,0
129516,0
2486,1
33263,1
113685,0
16507,1
122348,0
26256,1
63327,0
116864,0
146642,0
18591,1
135164,0
29665,1
96467,0
79465,0
112334,0
61721,0
78287,0
126395,0
20264,1
91257,0
57342,0
99741,0
10458,1
128412,0
94949,0
51561,0
58174,0
6720,1
38213,1
25199,1
142317,0
109331,0
144174,0
61600,0
132628,0
117672,0
67666,0
82181,0
154194,0
29940,1
31597,1
24264,1
134631,0
147977,0
29326,1
99286,0
99905,0
74092,0
73649,0
105956,0
96524,0
104027,0
52510,0
117284,0
108332,0
50848,0
75321,0
75442,0
5850,1
45761,0
95369,0
85924,0
83920,0
140395,0
134891,0
84212,0
28920,1
114314,0
91675,0
114581,0
39163,1
82914,0
79740,0
40024,1
153912,0
129423,0
78239,0
118274,0
36169,1
81771,0
94088,0
49137,0
41236,1
1401,1
133272,0
123822,0
3719,1
41846,1
96382,0
159162,0
119831,0
128803,0
76622,0
141647,0
18111,1
45282,0
133466,0
21684,1
54253,0
158695,0
80138,0
117957,0
48649,0
44932,1
116509,0
92475,0
138671,0
117465,0
151244,0
7120,1
44253,1
105782,0
12489,1
114655,0
110167,0
22984,1
152546,0
158974,0
26824,1
120291,0
56296,0
117046,0
118651,0
90261,0
112932,0
118310,0
87970,0
91735,0
138445,0
16796,1
8106,1
38810,1
53698,0
81601,0
71546,0
33645,1
96158,0
110776,0
1049,1
27057,1
132769,0
3706,1
133735,0
38861,1
54020,0
106236,0
89947,0
107463,0
21981,1
11137,1
148406,0
31097,1
1713,1
22952,1
60263,0
121270,0
40585,1
46514,0
123955,0
117299,0
72318,0
49378,0
2011,1
87950,0
105922,0
100495,0
23709,1
146597,0
37153,1
154634,0
95263,0
109314,0
94137,0
23015,1
77370,0
106841,0
4372,1
64253,0
145354,0
121828,0
150899,0
147158,0
36747,1
8695,1
44897,1
89954,0
86276,0
28771,1
114148,0
61826,0
91351,0
127351,0
40076,1
115368,0
19715,1
139603,0
127170,0
94072,0
130360,0
134764,0
100601,0
22283,1
15582,1
135138,0
52439,0
130518,0
30990,1
105198,0
423,1
4051,1
130717,0
40984,1
157527,0
65364,0
6957,1
127010,0
6421,1
82689,0
99305,0
7592,1
134435,0
73036,0
13934,1
133796,0
101805,0
138934,0
143167,0
146557,0
127210,0
101246,0
77158,0
52621,0
17247,1
37165,1
159551,0
121205,0
130310,0
68142,0
145586,0
75731,0
92392,0
139794,0
96554,0
114772,0
29256,1
45895,0
58908,0
156119,0
109803,0
140784,0
23488,1
15059,1
4355,1
12918,1
71649,0
18188,1
145991,0
5393,1
66133,0
92010,0
46256,0
18225,1
68324,0
32994,1
97008,0
122751,0
84979,0
155351,0
62508,0
150978,0
77781,0
58134,0
78397,0
94787,0
117198,0
117051,0
97600,0
12799,1
123131,0
47713,0
78707,0
37089,1
149117,0
90523,0
28665,1
84274,0
39549,1
146167,0
11399,1
82856,0
8267,1
47458,0
55798,0
96479,0
72387,0
148677,0
143166,0
25632,1
100624,0
126088,0
75224,0
68564,0
150547,0
74548,0
52072,0
145776,0
10643,1
141901,0
77363,0
119777,0
137091,0
138982,0
63155,0
21764,1
105043,0
136769,0
75299,0
4395,1
103296,0
136575,0
2962,1
1474,1
38043,1
122654,0
146842,0
132126,0
9169,1
79281,0
111346,0
134306,0
14248,1
111601,0
56422,0
3982,1
134959,0
60183,0
62190,0
7253,1
120723,0
40684,1
570,1
13442,1
101894,0
85816,0
158110,0
78326,0
110932,0
145734,0
28396,1
129507,0
88510,0
103412,0
62859,0
90278,0
36591,1
67889,0
122524,0
1668,1
75059,0
104291,0
63750,0
25068,1
134712,0
1293,1
119252,0
159022,0
51722,0
73443,0
25513,1
133149,0
119858,0
141919,0
146715,0
149339,0
23652,1
48488,0
35847,1
153929,0
5211,1
157285,0
93301,0
130613,0
10162,1
33541,1
60399,0
51353,0
45547,0
108732,0
14594,1
131894,0
106838,0
76439,0
72196,0
127803,0
89899,0
19299,1
42812,1
302,1
9650,1
38369,1
121823,0
122485,0
37768,1
30254,1
101798,0
139927,0
19467,1
4640,1
64357,0
79999,0
34593,1
35626,1
155252,0
90240,0
71716,0
48897,0
44375,1
34125,1
8089,1
102779,0
45993,0
10567,1
140241,0
51473,0
122315,0
111786,0
33896,1
115606,0
88552,0
47471,0
42744,1
148078,0
76544,0
120357,0
49590,0
75293,0
111463,0
154070,0
64818,0
92925,0
69622,0
15843,1
60011,0
86746,0
101215,0
5163,1
118018,0
49592,0
108361,0
18932,1
31658,1
89043,0
99318,0
80102,0
25083,1
153982,0
23478,1
46957,0
52578,0
75289,0
35218,1
34575,1
6506,1
137065,0
14369,1
118888,0
60796,0
145268,0
140844,0
53049,0
6380,1
157202,0
79164,0
27069,1
140401,0
15287,1
25115,1
145007,0
141306,0
120573,0
130097,0
94655,0
72922,0
23668,1
10,1
54974,0
50503,0
87797,0
2098,1
72856,0
95685,0
102886,0
719,1
142110,0
66026,0
77848,0
22074,1
31442,1
111291,0
136774,0
81359,0
93281,0
14660,1
9620,1
153409,0
27780,1
145622,0
152366,0
17624,1
79655,0
71265,0
122539,0
47676,0
77678,0
80541,0
132921,0
146137,0
32107,1
10484,1
131812,0
111831,0
129498,0
132035,0
148239,0
13649,1
27620,1
142423,0
43789,1
70900,0
64487,0
125020,0
61417,0
94663,0
133323,0
76529,0
23363,1
69939,0
50623,0
47130,0
34972,1
50293,0
124603,0
24146,1
11596,1
89199,0
106334,0
106784,0
82684,0
138320,0
133358,0
132990,0
35321,1
39231,1
18086,1
1267,1
78563,0
123203,0
69744,0
97284,0
156281,0
7080,1
141764,0
24455,1
77073,0
15946,1
18930,1
46230,0
127318,0
18479,1
94796,0
109277,0
25546,1
94875,0
48469,0
18583,1
153585,0
151059,0
103511,0
109308,0
137370,0
40259,1
131499,0
105258,0
113889,0
157843,0
107447,0
76579,0
130113,0
39651,1
83883,0
97696,0
96867,0
74691,0
59570,0
87691,0
108440,0
83915,0
64315,0
20307,1
8503,1
55592,0
75255,0
32940,1
105534,0
122191,0
128762,0
66262,0
126377,0
119422,0
95552,0
37500,1
148225,0
99762,0
151725,0
76552,0
82765,0
92876,0
43365,1
84991,0
57577,0
72384,0
105379,0
55651,0
149025,0
38652,1
119407,0
55712,0
59587,0
136967,0
25659,1
16335,1
44305,1
129249,0
109290,0
102956,0
85966,0
90924,0
148764,0
51515,0
26081,1
8070,1
44541,1
92529,0
89140,0
150775,0
43872,1
34844,1
85336,0
77366,0
109596,0
1536,1
119630,0
138486,0
38684,1
50923,0
135739,0
11376,1
102437,0
121534,0
78978,0
66050,0
21174,1
107961,0
132340,0
18543,1
22751,1
16347,1
16521,1
87517,0
36899,1
141637,0
57584,0
88054,0
86940,0
9835,1
113628,0
48525,0
92661,0
144890,0
89251,0
16562,1
98100,0
81361,0
66755,0
157216,0
140414,0
137484,0
40679,1
126486,0
151543,0
56289,0
97365,0
262,1
29037,1
158674,0
154156,0
108575,0
146710,0
96831,0
38300,1
123339,0
52852,0
104073,0
121891,0
12314,1
79375,0
79140,0
114779,0
119950,0
58477,0
142339,0
37416,1
23796,1
151779,0
115936,0
102209,0
122803,0
142863,0
126927,0
51400,0
110807,0
144020,0
135340,0
141896,0
137266,0
53499,0
27415,1
152571,0
152440,0
123419,0
72616,0
90318,0
58203,0
157631,0
66019,0
52209,0
7417,1
145249,0
36027,1
84231,0
132453,0
80231,0
108250,0
140252,0
132085,0
81695,0
70055,0
12021,1
97927,0
86100,0
110345,0
103234,0
150292,0
68497,0
51160,0
114676,0
56399,0
104537,0
141664,0
46912,0
60777,0
128379,0
117930,0
105445,0
38756,1
55583,0
125855,0
55980,0
20357,1
1424,1
132850,0
75392,0
128814,0
41252,1
105206,0
88609,0
85739,0
14674,1
33630,1
112503,0
16838,1
33609,1
129017,0
27060,1
108794,0
9118,1
111613,0
53774,0
9501,1
53612,0
30632,1
68424,0
41682,1
43486,1
32094,1
86572,0
7020,1
134212,0
12236,1
57049,0
134829,0
72327,0
136580,0
102922,0
75045,0
36251,1
68158,0
33511,1
79804,0
59648,0
130175,0
59753,0
70760,0
140041,0
129063,0
9059,1
134803,0
103533,0
52096,0
133842,0
156665,0
150852,0
83811,0
107975,0
40998,1
47641,0
41895,1
74214,0
165,1
26880,1
15662,1
65923,0
75914,0
100161,0
92169,0
48767,0
50164,0
114266,0
152177,0
146190,0
152700,0
52031,0
85890,0
111525,0
130854,0
25879,1
94633,0
13228,1
18927,1
47123,0
35548,1
12455,1
111185,0
77416,0
46439,0
91953,0
56884,0
90243,0
116969,0
127084,0
104075,0
88954,0
110087,0
148622,0
27097,1
135807,0
48844,0
97530,0
62148,0
2269,1
11853,1
10133,1
103240,0
43184,1
108997,0
142878,0
132968,0
110759,0
155349,0
72718,0
157139,0
95854,0
150509,0
33268,1
88839,0
130129,0
88352,0
149135,0
145475,0
36456,1
44335,1
130819,0
118806,0
73757,0
128409,0
110074,0
139756,0
95615,0
121193,0
31561,1
3662,1
103051,0
76215,0
144897,0
123052,0
93294,0
36636,1
76388,0
62289,0
88051,0
23548,1
102018,0
87235,0
124566,0
115328,0
113995,0
34024,1
3131,1
5585,1
59495,0
76316,0
99559,0
158688,0
25595,1
84506,0
43796,1
125316,0
73324,0
148276,0
87872,0
88164,0
50178,0
92648,0
113295,0
113974,0
27187,1
146923,0
82963,0
23446,1
34987,1
63403,0
79540,0
118105,0
77785,0
21377,1
24417,1
120193,0
76148,0
126204,0
124807,0
52856,0
60671,0
153830,0
80486,0
95819,0
17368,1
159585,0
2508,1
2471,1
25676,1
17993,1
141356,0
80536,0
37102,1
80903,0
64047,0
119805,0
108819,0
3838,1
19005,1
59595,0
36477,1
3107,1
57015,0
114653,0
90476,0
26049,1
156164,0
57831,0
117738,0
19972,1
157230,0
104319,0
67879,0
19190,1
153096,0
30293,1
31938,1
52048,0
52975,0
39705,1
148278,0
52544,0
106364,0
125425,0
124998,0
82697,0
103157,0
109868,0
62991,0
52670,0
70240,0
95239,0
114679,0
134854,0
113039,0
147015,0
125019,0
151416,0
66877,0
122596,0
45312,0
98277,0
95525,0
30083,1
58212,0
107615,0
41182,1
129665,0
121531,0
142585,0
78193,0
87841,0
17753,1
119699,0
74399,0
25053,1
98992,0
6487,1
82565,0
42868,1
31313,1
118213,0
135470,0
120667,0
154480,0
153514,0
110979,0
44197,1
119788,0
133474,0
24275,1
7341,1
106827,0
127163,0
115086,0
116663,0
39786,1
75662,0
124123,0
91987,0
22568,1
10311,1
43639,1
126268,0
9361,1
50071,0
120072,0
101674,0
20538,1
149893,0
157647,0
64804,0
97991,0
120603,0
25408,1
10142,1
16321,1
28745,1
155850,0
130816,0
66777,0
125710,0
3015,1
30284,1
79892,0
148365,0
87049,0
156040,0
42676,1
73303,0
47817,0
150202,0
131240,0
150340,0
127512,0
35079,1
54099,0
130340,0
91514,0
80744,0
125420,0
84621,0
49905,0
57676,0
77025,0
52530,0
52546,0
13553,1
154377,0
123540,0
98603,0
49564,0
5469,1
144087,0
51493,0
12025,1
132571,0
53611,0
158096,0
152649,0
78719,0
52858,0
124445,0
133969,0
15291,1
21737,1
77888,0
78548,0
125150,0
26425,1
133888,0
84294,0
12097,1
14706,1
105285,0
2610,1
154234,0
31117,1
67463,0
58650,0
4974,1
149702,0
63731,0
19611,1
66886,0
21537,1
78757,0
86761,0
141693,0
77918,0
134047,0
152418,0
142592,0
28657,1
15686,1
60742,0
113813,0
71329,0
18533,1
96006,0
125998,0
56647,0
213,1
29928,1
131336,0
134814,0
55,1
80040,0
157063,0
39627,1
36540,1
55047,0
77217,0
54512,0
23041,1
79058,0
22565,1
71165,0
121640,0
26408,1
96196,0
38923,1
140316,0
107265,0
78908,0
84004,0
11243,1
126170,0
179,1
20818,1
158950,0
73795,0
31260,1
134612,0
158644,0
48315,0
825,1
5478,1
78962,0
24100,1
118835,0
132300,0
71496,0
56233,0
770,1
46299,0
57932,0
68153,0
119940,0
4560,1
84456,0
7722,1
51607,0
129019,0
14734,1
30227,1
75379,0
5080,1
70335,0
93250,0
136272,0
90999,0
38023,1
44288,1
83648,0
104066,0
136211,0
114579,0
46013,0
111626,0
42378,1
18405,1
90368,0
84738,0
146201,0
127833,0
9969,1
109195,0
124904,0
2174,1
108955,0
130859,0
153672,0
136591,0
138886,0
97122,0
145233,0
37275,1
38102,1
135462,0
116651,0
136073,0
48066,0
150316,0
19832,1
106566,0
138027,0
87204,0
47212,0
140748,0
74765,0
22632,1
12983,1
142145,0
137618,0
108025,0
24662,1
114506,0
59285,0
68956,0
48679,0
118830,0
12328,1
35493,1
139302,0
88617,0
51947,0
20420,1
75575,0
13253,1
30550,1
89242,0
102427,0
22614,1
130842,0
133064,0
92012,0
89898,0
146456,0
81144,0
88380,0
5218,1
98178,0
61875,0
122445,0
123254,0
123871,0
31421,1
74237,0
20756,1
49975,0
5660,1
105312,0
61225,0
13928,1
79416,0
103205,0
56882,0
70350,0
154067,0
96281,0
76690,0
98387,0
18885,1
11609,1
108772,0
74806,0
142515,0
104563,0
51918,0
94585,0
16173,1
145439,0
158354,0
80300,0
11362,1
40202,1
32121,1
123401,0
117016,0
139278,0
54239,0
15407,1
104184,0
126427,0
13230,1
56502,0
90504,0
110942,0
37978,1
54911,0
120091,0
83797,0
87052,0
12235,1
2062,1
20739,1
102582,0
152950,0
69524,0
129399,0
96226,0
116007,0
49141,0
121619,0
19470,1
68691,0
3819,1
54315,0
61513,0
31885,1
118728,0
145317,0
92517,0
39128,1
80525,0
47467,0
139954,0
32111,1
123977,0
139406,0
32799,1
76475,0
73058,0
154442,0
42027,1
136621,0
60640,0
126535,0
8850,1
100878,0
138854,0
51824,0
47659,0
3190,1
103018,0
47796,0
125615,0
55286,0
89568,0
48734,0
114969,0
86935,0
24334,1
28820,1
155820,0
26233,1
102857,0
114136,0
111345,0
99928,0
82550,0
46316,0
137507,0
126711,0
86322,0
155589,0
96026,0
144069,0
40162,1
114447,0
77958,0
3301,1
33532,1
53828,0
27141,1
6099,1
152611,0
55837,0
67644,0
21389,1
133525,0
23090,1
25810,1
143939,0
92203,0
26847,1
47665,0
109162,0
62970,0
62785,0
145212,0
145037,0
35098,1
22208,1
22904,1
93112,0
37866,1
105579,0
31238,1
39979,1
42577,1
98626,0
9906,1
133297,0
61453,0
40147,1
119200,0
67869,0
5133,1
10673,1
36228,1
86851,0
147339,0
2367,1
33756,1
44048,1
108981,0
83829,0
74078,0
58012,0
123757,0
115798,0
32234,1
89944,0
525,1
86821,0
53295,0
159225,0
120940,0
66128,0
70570,0
10022,1
119595,0
117195,0
102428,0
3282,1
120786,0
118185,0
79219,0
100325,0
36560,1
85608,0
15784,1
59636,0
7256,1
85543,0
157553,0
110604,0
69033,0
42310,1
76338,0
88836,0
16470,1
87554,0
115858,0
158514,0
66316,0
15714,1
27458,1
103896,0
106905,0
125007,0
156221,0
44615,1
77296,0
27569,1
33738,1
26359,1
153001,0
74403,0
103067,0
22312,1
156132,0
73327,0
9520,1
139546,0
143757,0
117286,0
130697,0
65820,0
149665,0
129471,0
19416,1
41378,1
13595,1
126063,0
104811,0
130325,0
119931,0
44649,1
16651,1
31307,1
94383,0
13125,1
66478,0
27622,1
140323,0
73935,0
121477,0
145701,0
19925,1
43340,1
68666,0
40519,1
29847,1
24069,1
103718,0
40283,1
116909,0
16953,1
66227,0
76102,0
87448,0
38920,1
90581,0
132980,0
112603,0
148356,0
60165,0
15375,1
67382,0
126422,0
980,1
8054,1
20399,1
88927,0
157884,0
63977,0
28649,1
13647,1
18325,1
133302,0
98241,0
103343,0
118813,0
52353,0
124767,0
16938,1
88200,0
139362,0
44448,1
76950,0
148398,0
150014,0
94651,0
120445,0
68970,0
53310,0
102725,0
139513,0
30861,1
100671,0
132688,0
61649,0
30175,1
51444,0
63451,0
57516,0
150470,0
120785,0
107404,0
127767,0
153431,0
151465,0
139872,0
153504,0
112477,0
157792,0
49235,0
116906,0
156246,0
30893,1
132529,0
66529,0
33227,1
137604,0
30093,1
95680,0
150375,0
888,1
72307,0
155117,0
1367,1
45946,0
112,1
24046,1
61046,0
17491,1
101121,0
134561,0
3591,1
151853,0
58839,0
16024,1
54697,0
103002,0
56657,0
29501,1
79113,0
131948,0
154320,0
113216,0
79449,0
139731,0
109315,0
61902,0
27858,1
143956,0
126871,0
124343,0
28056,1
93723,0
131225,0
35580,1
120883,0
77508,0
138413,0
145769,0
61692,0
56916,0
91600,0
80721,0
106659,0
65615,0
84065,0
79562,0
9584,1
51119,0
24526,1
127,1
81801,0
21937,1
121442,0
79797,0
25847,1
159629,0
3586,1
122798,0
11391,1
90340,0
94480,0
61502,0
133938,0
20223,1
63595,0
51656,0
71636,0
5155,1
155282,0
110052,0
21561,1
18237,1
65640,0
35435,1
102637,0
93758,0
55468,0
94146,0
90051,0
51079,0
93446,0
6458,1
55807,0
156573,0
123144,0
134650,0
114814,0
42025,1
73308,0
41391,1
148532,0
142488,0
90685,0
27347,1
148910,0
146489,0
56322,0
42642,1
21617,1
42153,1
71899,0
150814,0
110794,0
147254,0
57616,0
134826,0
143402,0
39304,1
151433,0
110952,0
1167,1
90556,0
34677,1
117706,0
86969,0
65642,0
144625,0
101531,0
80716,0
71913,0
81187,0
104505,0
57044,0
28442,1
113676,0
73330,0
40508,1
100257,0
103543,0
119963,0
129356,0
61108,0
25911,1
3346,1
115707,0
132697,0
16547,1
18847,1
105372,0
100254,0
38205,1
131758,0
105639,0
16789,1
149825,0
158125,0
58456,0
25088,1
13653,1
154281,0
38064,1
58545,0
123713,0
154229,0
69684,0
3547,1
85244,0
115081,0
115829,0
111007,0
141256,0
94966,0
12011,1
66582,0
135380,0
85945,0
20491,1
93505,0
154769,0
68208,0
134895,0
33054,1
70114,0
54539,0
14975,1
33667,1
148598,0
33563,1
66135,0
113873,0
42090,1
113240,0
83661,0
53973,0
114725,0
100276,0
115965,0
86850,0
63344,0
47,1
88949,0
113403,0
94857,0
109577,0
127112,0
105708,0
57637,0
133824,0
120606,0
134500,0
139536,0
101652,0
154969,0
80502,0
35363,1
46325,0
131257,0
34311,1
49208,0
150099,0
30602,1
151250,0
148212,0
35983,1
118589,0
65593,0
42492,1
83963,0
124656,0
35557,1
65832,0
80623,0
125029,0
63440,0
74686,0
46504,0
127508,0
159321,0
94378,0
20726,1
2184,1
26229,1
30151,1
22674,1
149486,0
156335,0
101867,0
136845,0
21410,1
68866,0
75334,0
43247,1
37736,1
122707,0
31348,1
75798,0
56529,0
117683,0
54460,0
155075,0
27209,1
37220,1
143192,0
115659,0
33262,1
128413,0
146812,0
47021,0
142919,0
77966,0
148087,0
65658,0
150394,0
30820,1
146510,0
139109,0
69180,0
52956,0
28529,1
149503,0
15613,1
93689,0
100021,0
114509,0
133838,0
88527,0
146118,0
99714,0
82725,0
42393,1
126312,0
26675,1
118516,0
23231,1
93724,0
27238,1
109893,0
15892,1
36791,1
140512,0
36599,1
155932,0
54254,0
138271,0
124494,0
150940,0
114604,0
135455,0
61949,0
75183,0
149684,0
153086,0
60515,0
126091,0
71656,0
147170,0
153486,0
82815,0
158800,0
115760,0
63712,0
137290,0
52820,0
65521,0
51017,0
112462,0
57686,0
49387,0
88061,0
38817,1
70059,0
25589,1
152945,0
21540,1
140968,0
124545,0
41511,1
85728,0
118178,0
94197,0
144097,0
145582,0
73855,0
16527,1
95539,0
45103,0
120711,0
97849,0
46669,0
76352,0
13929,1
145548,0
27190,1
141762,0
122501,0
155395,0
47201,0
112539,0
143466,0
129223,0
106732,0
110274,0
87097,0
79027,0
148050,0
19086,1
42225,1
147112,0
105898,0
24948,1
109992,0
56808,0
30051,1
137551,0
110295,0
85961,0
133664,0
77532,0
38070,1
149416,0
100578,0
110511,0
91791,0
27121,1
104585,0
66934,0
152312,0
159538,0
50712,0
44758,1
67284,0
125160,0
72932,0
8629,1
12188,1
128997,0
127893,0
120259,0
119674,0
132841,0
140620,0
5790,1
11563,1
10910,1
65334,0
79628,0
50424,0
73918,0
24633,1
153485,0
107780,0
885,1
148789,0
80370,0
84339,0
133667,0
79566,0
146172,0
49793,0
55845,0
57695,0
131844,0
115229,0
96794,0
34244,1
135609,0
54824,0
47112,0
133416,0
44271,1
142310,0
113942,0
78025,0
145938,0
73073,0
84721,0
128278,0
9931,1
39379,1
98050,0
101380,0
63968,0
103851,0
129914,0
90215,0
55480,0
142176,0
24143,1
33488,1
59407,0
139650,0
64351,0
107580,0
151516,0
78230,0
156674,0
127141,0
91710,0
97896,0
137450,0
115954,0
102902,0
89081,0
66068,0
135710,0
29132,1
35115,1
94299,0
94142,0
93059,0
150752,0
129577,0
16140,1
103993,0
139576,0
23433,1
137511,0
150774,0
104312,0
34398,1
148607,0
115178,0
9102,1
131146,0
108763,0
64647,0
79492,0
147574,0
78669,0
88558,0
61181,0
157602,0
86417,0
158,1
57439,0
155620,0
34434,1
28960,1
32136,1
83008,0
23852,1
92309,0
6041,1
89479,0
42760,1
157293,0
103113,0
25978,1
103065,0
39285,1
109673,0
115617,0
65799,0
53562,0
125556,0
139622,0
105691,0
63307,0
73658,0
40558,1
10260,1
107509,0
26582,1
5523,1
119395,0
156179,0
109408,0
104025,0
105596,0
118782,0
114438,0
155076,0
68771,0
19329,1
56613,0
117318,0
128787,0
80754,0
61056,0
41530,1
82475,0
55886,0
122438,0
70647,0
84448,0
76385,0
97737,0
21507,1
26334,1
138887,0
133485,0
100854,0
7705,1
74344,0
72216,0
116006,0
118824,0
29027,1
1888,1
3647,1
161,1
107237,0
132883,0
66064,0
122807,0
17260,1
53728,0
97502,0
49247,0
122805,0
35177,1
75963,0
145683,0
23293,1
22160,1
69282,0
41605,1
78828,0
149886,0
116325,0
117328,0
96415,0
82797,0
83014,0
133317,0
56106,0
114595,0
76865,0
113413,0
65538,0
134403,0
25459,1
130647,0
105608,0
91797,0
135915,0
22362,1
50814,0
133832,0
18833,1
127506,0
104861,0
111203,0
41304,1
107692,0
10905,1
136267,0
22357,1
102965,0
139479,0
26940,1
123414,0
96474,0
70675,0
35586,1
137547,0
55596,0
11152,1
79542,0
134505,0
7919,1
47107,0
29318,1
2934,1
1555,1
149887,0
103703,0
159243,0
63996,0
53301,0
90745,0
91775,0
83733,0
33671,1
33842,1
137901,0
13638,1
74695,0
68301,0
131356,0
117144,0
135730,0
79429,0
53379,0
18557,1
126942,0
119557,0
43698,1
90064,0
154089,0
138431,0
22133,1
131466,0
122809,0
144329,0
128032,0
65214,0
24109,1
5960,1
86198,0
120627,0
95170,0
94432,0
67603,0
107824,0
15995,1
155312,0
89313,0
67899,0
116014,0
137142,0
52150,0
85928,0
5134,1
38593,1
25173,1
155982,0
34794,1
29518,1
148689,0
111926,0
88905,0
86582,0
46708,0
141276,0
34645,1
145424,0
119738,0
143861,0
130538,0
63803,0
138757,0
124916,0
135647,0
150674,0
5336,1
53555,0
134414,0
79741,0
123538,0
5362,1
55023,0
51898,0
8548,1
48825,0
61556,0
158796,0
146428,0
26220,1
105834,0
61587,0
158426,0
85632,0
156720,0
156653,0
16349,1
14182,1
79464,0
59709,0
81658,0
115,1
64723,0
112377,0
125713,0
147347,0
116540,0
32266,1
14772,1
75080,0
117733,0
6662,1
38240,1
63658,0
733,1
119878,0
94706,0
85027,0
152604,0
71285,0
117975,0
57991,0
5979,1
85955,0
80406,0
114519,0
55144,0
76731,0
62649,0
143230,0
40538,1
45088,0
42018,1
96539,0
68191,0
5214,1
90517,0
61125,0
102777,0
85140,0
61512,0
46754,0
7230,1
105257,0
138147,0
144316,0
53272,0
43453,1
151259,0
68720,0
20976,1
86192,0
69345,0
130654,0
84569,0
11496,1
47736,0
120815,0
129832,0
98865,0
54786,0
84852,0
63141,0
75611,0
138644,0
57848,0
116591,0
79206,0
136917,0
151795,0
28102,1
61938,0
9232,1
97567,0
81462,0
121438,0
117278,0
83057,0
125774,0
89179,0
83131,0
50599,0
101007,0
134232,0
79295,0
6204,1
64021,0
69949,0
140191,0
154352,0
68162,0
90307,0
99326,0
75888,0
147558,0
113811,0
53496,0
127514,0
88623,0
154586,0
84691,0
130377,0
30947,1
115985,0
44171,1
9141,1
74943,0
35000,1
128295,0
137736,0
38366,1
54783,0
16455,1
63593,0
257,1
117984,0
149266,0
117348,0
136327,0
119087,0
138233,0
125422,0
6134,1
145280,0
149598,0
16889,1
134483,0
158958,0
90902,0
89972,0
31118,1
67953,0
114827,0
138843,0
60378,0
115161,0
52412,0
133362,0
108602,0
65762,0
159685,0
10285,1
147009,0
118587,0
14827,1
137797,0
125735,0
145051,0
99425,0
140599,0
62858,0
93547,0
6938,1
80183,0
56196,0
94139,0
87688,0
154350,0
29995,1
24964,1
142229,0
25057,1
21075,1
12087,1
121939,0
9154,1
89494,0
155632,0
11719,1
64466,0
33399,1
130262,0
85648,0
18109,1
54601,0
114574,0
73776,0
32953,1
114056,0
114079,0
132551,0
38020,1
78933,0
21063,1
122931,0
94339,0
46140,0
114210,0
35282,1
126364,0
152539,0
53066,0
149005,0
8560,1
5515,1
57545,0
151918,0
131514,0
150879,0
109185,0
122218,0
144739,0
19450,1
74522,0
130125,0
3792,1
131294,0
7821,1
35307,1
69935,0
55776,0
106456,0
90965,0
133425,0
56428,0
121343,0
135237,0
14672,1
151888,0
95122,0
43040,1
100108,0
85498,0
48727,0
2659,1
105557,0
53173,0
29050,1
127387,0
144495,0
159026,0
130385,0
38308,1
112137,0
88685,0
43357,1
152495,0
23095,1
76068,0
26637,1
67051,0
28072,1
124505,0
12274,1
85902,0
135823,0
32812,1
81584,0
101752,0
121644,0
72107,0
109503,0
86698,0
134150,0
144703,0
100051,0
81725,0
137187,0
48059,0
9604,1
110127,0
104827,0
125120,0
56682,0
60438,0
84998,0
158699,0
25215,1
11932,1
15931,1
15702,1
140953,0
70026,0
72193,0
125189,0
135630,0
107390,0
129508,0
153083,0
104963,0
106570,0
9782,1
34406,1
135858,0
14735,1
32420,1
155893,0
45423,0
99262,0
100821,0
28754,1
47214,0
26497,1
39873,1
45595,0
112662,0
65470,0
31665,1
75048,0
40555,1
115039,0
50422,0
159748,0
116929,0
79336,0
88269,0
53332,0
134455,0
21427,1
93298,0
81206,0
110645,0
125775,0
76302,0
74299,0
39015,1
68796,0
60206,0
139160,0
91446,0
63834,0
54456,0
78048,0
155907,0
34142,1
27934,1
101303,0
143897,0
16121,1
32841,1
159391,0
74656,0
146274,0
52522,0
148814,0
123648,0
6507,1
100233,0
72661,0
22462,1
154648,0
42301,1
66484,0
102515,0
145524,0
148071,0
7593,1
123515,0
63655,0
155140,0
46074,0
116444,0
15191,1
144375,0
91678,0
68439,0
45209,0
51780,0
28782,1
110124,0
138424,0
45360,0
54153,0
59348,0
8814,1
95586,0
48808,0
139922,0
140034,0
84132,0
124131,0
58005,0
6273,1
134073,0
9793,1
64690,0
142047,0
142947,0
145515,0
55616,0
107154,0
16804,1
40055,1
67153,0
109624,0
23632,1
129733,0
101267,0
12811,1
73162,0
95541,0
60865,0
68038,0
36260,1
68339,0
156769,0
116145,0
79515,0
136409,0
65084,0
78848,0
105820,0
6065,1
55589,0
18331,1
103436,0
124637,0
18745,1
58900,0
105406,0
122291,0
85261,0
73059,0
141460,0
59700,0
117191,0
151827,0
130578,0
69385,0
101516,0
61979,0
100656,0
3207,1
115699,0
85239,0
95717,0
115662,0
135423,0
58770,0
152026,0
149352,0
103233,0
108611,0
44046,1
73961,0
27228,1
34900,1
76490,0
131051,0
61992,0
88719,0
43435,1
56623,0
5938,1
154919,0
1054,1
52677,0
133166,0
147836,0
12184,1
69628,0
157193,0
83944,0
3429,1
131324,0
133633,0
143307,0
72722,0
124600,0
81376,0
102632,0
72063,0
96718,0
126778,0
24937,1
136908,0
70853,0
117097,0
68305,0
5120,1
125692,0
63661,0
151295,0
96780,0
107235,0
41544,1
137244,0
33994,1
6740,1
66322,0
93186,0
74093,0
6369,1
75276,0
150765,0
19866,1
151769,0
66273,0
26137,1
16280,1
114584,0
9618,1
99395,0
154421,0
66673,0
31226,1
119378,0
22783,1
59840,0
125988,0
154917,0
52191,0
89032,0
34121,1
96915,0
70921,0
64857,0
47019,0
12595,1
135616,0
74751,0
430,1
155435,0
40520,1
31880,1
7486,1
48589,0
128215,0
5767,1
157185,0
110860,0
80919,0
101842,0
139722,0
115045,0
77413,0
102277,0
48378,0
51153,0
117312,0
12931,1
149745,0
22183,1
156481,0
124038,0
97244,0
55950,0
73417,0
152657,0
15692,1
2381,1
33248,1
134621,0
85542,0
113414,0
3923,1
37937,1
2536,1
102374,0
27544,1
141225,0
139836,0
47296,0
147663,0
6279,1
125517,0
10871,1
113641,0
124692,0
105096,0
131449,0
76077,0
57436,0
159556,0
71760,0
135208,0
131133,0
61529,0
29409,1
58964,0
28456,1
157801,0
107492,0
158392,0
125010,0
159332,0
157568,0
92083,0
43343,1
142472,0
64367,0
134861,0
79778,0
1065,1
114854,0
68608,0
134535,0
151778,0
129315,0
132710,0
108002,0
8313,1
101727,0
151695,0
51513,0
101950,0
82755,0
26960,1
98570,0
12282,1
94340,0
43236,1
91916,0
4033,1
4436,1
14553,1
5848,1
27350,1
130101,0
54172,0
131568,0
108628,0
27175,1
63167,0
135531,0
147319,0
132754,0
49647,0
64949,0
82940,0
68134,0
84234,0
52695,0
98394,0
34718,1
4080,1
82079,0
126474,0
5898,1
86435,0
60582,0
1540,1
138350,0
76201,0
126214,0
156072,0
76924,0
14763,1
133043,0
120845,0
63876,0
106266,0
148725,0
118588,0
117868,0
106230,0
64380,0
113013,0
16670,1
69205,0
97386,0
66106,0
78436,0
77256,0
150599,0
26560,1
38487,1
19144,1
24734,1
100133,0
80750,0
25420,1
15952,1
115705,0
10931,1
65835,0
10149,1
147389,0
37277,1
8746,1
158750,0
88670,0
154559,0
82630,0
30013,1
104964,0
102143,0
106629,0
101776,0
6526,1
52772,0
132170,0
53863,0
2409,1
53969,0
150946,0
25110,1
152301,0
33345,1
53675,0
56359,0
88742,0
106105,0
130547,0
109128,0
143910,0
53848,0
139059,0
99725,0
124063,0
74690,0
111060,0
38153,1
96426,0
31934,1
133923,0
66179,0
36375,1
29639,1
138814,0
140809,0
112442,0
52340,0
17237,1
116216,0
1772,1
65443,0
148281,0
73156,0
105803,0
81360,0
72748,0
104099,0
58916,0
80972,0
93789,0
114274,0
53879,0
107620,0
109148,0
108357,0
54743,0
58577,0
87620,0
98356,0
115956,0
129130,0
106314,0
119113,0
146903,0
100830,0
59409,0
51741,0
46996,0
49344,0
88579,0
76477,0
56225,0
45324,0
79917,0
122630,0
16194,1
119806,0
139399,0
12482,1
24640,1
31497,1
10668,1
110872,0
58464,0
99891,0
52049,0
112777,0
88721,0
48780,0
132649,0
55581,0
85508,0
99968,0
75125,0
19677,1
114085,0
83507,0
95238,0
99227,0
93388,0
19525,1
75724,0
35237,1
55604,0
71325,0
30394,1
72562,0
61321,0
143898,0
129632,0
108818,0
125331,0
58818,0
74721,0
87682,0
148811,0
144807,0
36135,1
158482,0
139545,0
82363,0
90005,0
157377,0
85769,0
78732,0
25352,1
20346,1
38435,1
116574,0
147760,0
128130,0
120694,0
68821,0
11216,1
91943,0
155552,0
7697,1
17928,1
129522,0
25076,1
66180,0
130139,0
10786,1
76807,0
61945,0
5629,1
100608,0
42209,1
16775,1
79021,0
148268,0
153892,0
25458,1
91697,0
26212,1
4914,1
57542,0
123370,0
81452,0
143338,0
109336,0
64064,0
110839,0
14518,1
56670,0
120347,0
113937,0
48089,0
158000,0
834,1
87063,0
133189,0
22070,1
137281,0
125522,0
126386,0
9455,1
34089,1
37059,1
85476,0
42824,1
14285,1
9510,1
132115,0
109936,0
6751,1
54117,0
81667,0
62276,0
71448,0
117131,0
28967,1
158504,0
40350,1
29844,1
143148,0
144145,0
123007,0
30450,1
12289,1
26982,1
92264,0
139410,0
142065,0
44505,1
68648,0
143360,0
147896,0
75050,0
100000,0
15517,1
88190,0
30807,1
34650,1
7374,1
33424,1
144399,0
139243,0
49064,0
56029,0
15969,1
126041,0
15982,1
137916,0
58755,0
141368,0
71979,0
47501,0
18151,1
46714,0
75354,0
90955,0
146649,0
72232,0
65962,0
120421,0
1463,1
30280,1
118329,0
155849,0
96872,0
89498,0
104034,0
49775,0
42865,1
81763,0
124065,0
107384,0
132764,0
146039,0
24890,1
89363,0
53676,0
79762,0
58297,0
57567,0
41576,1
104412,0
100980,0
50439,0
56777,0
56407,0
32579,1
29812,1
127879,0
99492,0
151342,0
131513,0
11443,1
108739,0
148154,0
93695,0
87848,0
35660,1
96859,0
137318,0
143691,0
151060,0
113157,0
64852,0
156135,0
43499,1
52730,0
4301,1
136808,0
74054,0
91754,0
76204,0
4331,1
22953,1
120970,0
24736,1
94079,0
84044,0
4709,1
53906,0
159507,0
84435,0
121146,0
45349,0
13985,1
76120,0
11372,1
81804,0
61799,0
132670,0
7613,1
89122,0
80130,0
153483,0
25649,1
88088,0
64155,0
155664,0
134632,0
9490,1
158894,0
114664,0
83296,0
645,1
125261,0
59967,0
126013,0
33592,1
144152,0
94539,0
66433,0
116381,0
23524,1
98373,0
24333,1
60129,0
19736,1
74039,0
69395,0
55439,0
10877,1
134063,0
123681,0
57663,0
158020,0
137768,0
13719,1
27708,1
141536,0
94634,0
157235,0
144975,0
76119,0
17945,1
140732,0
104219,0
104410,0
75374,0
9675,1
65266,0
105347,0
125201,0
82571,0
139974,0
117850,0
10900,1
40976,1
109925,0
42909,1
131115,0
56175,0
89977,0
101095,0
116324,0
146098,0
93774,0
114493,0
31027,1
121694,0
83101,0
48173,0
143769,0
124126,0
97739,0
93614,0
141417,0
73893,0
144245,0
1428,1
58929,0
67767,0
52083,0
72731,0
21433,1
69716,0
41488,1
158759,0
151448,0
87767,0
65131,0
140186,0
121051,0
104783,0
75822,0
55688,0
61631,0
21998,1
49876,0
133111,0
145995,0
67483,0
157332,0
120913,0
115498,0
111531,0
76837,0
40070,1
6318,1
8763,1
90131,0
84944,0
5008,1
154024,0
47692,0
118817,0
145066,0
29658,1
151618,0
126849,0
18722,1
128280,0
42217,1
2876,1
75652,0
16742,1
105242,0
92292,0
44110,1
25235,1
116837,0
52659,0
50227,0
159449,0
124874,0
72350,0
149584,0
49761,0
7010,1
70664,0
85578,0
52475,0
79662,0
69986,0
83990,0
84145,0
23001,1
75017,0
22348,1
40160,1
108368,0
107708,0
44022,1
78240,0
79847,0
19701,1
2063,1
4879,1
127271,0
64436,0
128306,0
125199,0
41979,1
36322,1
8662,1
155100,0
55261,0
91176,0
59048,0
85316,0
111993,0
97986,0
146232,0
104418,0
91526,0
61207,0
46215,0
120128,0
109228,0
126724,0
59177,0
1320,1
10951,1
103880,0
40075,1
146722,0
56254,0
155320,0
46447,0
39758,1
5569,1
65471,0
23661,1
86928,0
146143,0
151553,0
157333,0
111285,0
146304,0
112556,0
140223,0
13481,1
116301,0
46272,0
87489,0
121439,0
147738,0
65885,0
142056,0
134264,0
81616,0
47961,0
76166,0
64968,0
40566,1
2435,1
143694,0
53476,0
44024,1
148219,0
52144,0
97663,0
81329,0
86694,0
146600,0
80462,0
58135,0
16647,1
50831,0
59389,0
112159,0
17864,1
132060,0
101362,0
152273,0
67080,0
130775,0
126802,0
79895,0
41256,1
133985,0
153208,0
145848,0
113360,0
104978,0
76976,0
75730,0
130326,0
36833,1
96580,0
143546,0
7023,1
159249,0
91160,0
106674,0
14762,1
53362,0
85106,0
92820,0
102058,0
66329,0
112062,0
23643,1
157912,0
15977,1
80394,0
125519,0
79396,0
95740,0
153841,0
82448,0
7779,1
23662,1
152755,0
119755,0
27519,1
61520,0
56471,0
16443,1
17947,1
87316,0
20917,1
77952,0
159318,0
58995,0
27167,1
21717,1
19974,1
1902,1
19476,1
84123,0
19428,1
30067,1
99345,0
130380,0
28029,1
11641,1
68286,0
84314,0
99970,0
79459,0
58973,0
44516,1
92756,0
88540,0
141707,0
157029,0
5102,1
57665,0
19589,1
19391,1
87329,0
29464,1
4159,1
51023,0
141408,0
135134,0
54787,0
24140,1
113650,0
84088,0
115291,0
96440,0
28587,1
136655,0
75579,0
42019,1
142390,0
11541,1
24478,1
80606,0
69705,0
55071,0
467,1
107791,0
56917,0
50299,0
142757,0
154090,0
156365,0
88211,0
12220,1
77986,0
87285,0
131395,0
117514,0
43694,1
56933,0
4547,1
36556,1
26518,1
99285,0
29875,1
54651,0
77804,0
110080,0
37085,1
151515,0
69481,0
119731,0
83029,0
96873,0
134013,0
16656,1
56992,0
149043,0
42775,1
48911,0
36843,1
53829,0
72694,0
17569,1
128442,0
71725,0
88728,0
135456,0
27490,1
90197,0
104201,0
85448,0
131030,0
28305,1
114290,0
34541,1
151041,0
158713,0
59352,0
38784,1
70934,0
93489,0
66375,0
135332,0
135819,0
85623,0
139671,0
50158,0
81927,0
5437,1
31042,1
2005,1
29384,1
150320,0
77029,0
3006,1
15994,1
136784,0
149240,0
20414,1
49172,0
125673,0
143162,0
7139,1
137443,0
69419,0
138130,0
8739,1
2119,1
94257,0
117052,0
9345,1
145375,0
37116,1
53990,0
28868,1
104856,0
13926,1
27161,1
30684,1
22405,1
45057,1
24792,1
75222,0
65664,0
1096,1
59724,0
86414,0
41634,1
101020,0
93491,0
6334,1
77017,0
118043,0
84661,0
137146,0
48192,0
83957,0
4433,1
47174,0
20628,1
59020,0
38290,1
65409,0
13551,1
70130,0
31105,1
150811,0
32419,1
96152,0
108267,0
91984,0
69652,0
50738,0
128108,0
129211,0
66657,0
109215,0
81619,0
37573,1
126590,0
108674,0
65947,0
53538,0
6676,1
90371,0
82276,0
128519,0
108118,0
99302,0
143288,0
113399,0
38626,1
28590,1
84063,0
79809,0
99546,0
22058,1
43413,1
101706,0
11297,1
15029,1
45917,0
66773,0
136633,0
94856,0
44783,1
47749,0
139030,0
122917,0
142073,0
24298,1
114412,0
51275,0
20816,1
87935,0
87154,0
73435,0
149820,0
86739,0
21886,1
92407,0
118159,0
39393,1
78697,0
158469,0
115096,0
14619,1
93910,0
143855,0
109877,0
76699,0
55292,0
125031,0
30958,1
79710,0
5511,1
148737,0
144360,0
88745,0
123497,0
154288,0
97076,0
113849,0
108375,0
118989,0
33561,1
127740,0
91038,0
48622,0
64319,0
833,1
67112,0
48903,0
40339,1
104770,0
13289,1
80199,0
156062,0
19140,1
24672,1
93744,0
61459,0
136402,0
7850,1
5111,1
85953,0
28843,1
8082,1
67001,0
88632,0
48799,0
132999,0
159689,0
153906,0
57220,0
108516,0
2844,1
9003,1
107817,0
141763,0
148442,0
61951,0
63421,0
37382,1
85089,0
139994,0
34401,1
151784,0
42502,1
71743,0
130941,0
50028,0
26665,1
80539,0
131334,0
66071,0
31349,1
120314,0
115024,0
114502,0
92382,0
35585,1
35595,1
108063,0
44560,1
126929,0
10708,1
130352,0
112049,0
136236,0
151190,0
119660,0
86099,0
56132,0
89964,0
23833,1
81530,0
151209,0
44213,1
52561,0
26239,1
159568,0
25329,1
5834,1
79445,0
31150,1
76376,0
93763,0
105161,0
15221,1
36624,1
120476,0
97982,0
138041,0
61963,0
123858,0
22319,1
19287,1
104997,0
147937,0
13959,1
10012,1
3607,1
144081,0
133971,0
8006,1
67438,0
84567,0
6831,1
156753,0
139779,0
7086,1
104582,0
105646,0
10268,1
85187,0
155219,0
38322,1
83097,0
154714,0
64170,0
1287,1
123374,0
117056,0
151240,0
118314,0
82529,0
148017,0
98409,0
102583,0
132118,0
28219,1
152583,0
50582,0
89169,0
144500,0
139973,0
108468,0
136100,0
148588,0
81345,0
142444,0
135983,0
143530,0
31359,1
49484,0
59566,0
63762,0
77645,0
36855,1
31264,1
19486,1
153367,0
34458,1
31996,1
60167,0
27956,1
105152,0
26563,1
127468,0
83075,0
158835,0
75713,0
48009,0
8492,1
113602,0
135713,0
2321,1
22356,1
75205,0
14347,1
71122,0
26357,1
66701,0
3327,1
16266,1
149526,0
94429,0
137388,0
146362,0
56098,0
60093,0
19987,1
68495,0
42950,1
101657,0
81822,0
52521,0
106107,0
146424,0
119561,0
60965,0
48124,0
40858,1
11099,1
4392,1
323,1
20563,1
27137,1
23180,1
106894,0
109281,0
148768,0
66895,0
8628,1
45713,0
104035,0
35571,1
101235,0
151177,0
91272,0
157109,0
42525,1
93170,0
58036,0
91595,0
87241,0
111141,0
99675,0
30523,1
26803,1
123546,0
99501,0
149230,0
39467,1
158278,0
80127,0
18694,1
124051,0
76620,0
99529,0
42748,1
65004,0
1623,1
56201,0
83627,0
25360,1
40795,1
143369,0
148384,0
50264,0
14094,1
33224,1
71200,0
140197,0
338,1
101822,0
151750,0
44497,1
28425,1
62487,0
76658,0
146841,0
131600,0
111869,0
84163,0
116645,0
108605,0
37456,1
64055,0
159146,0
37567,1
100460,0
92097,0
86738,0
12652,1
27954,1
84733,0
62642,0
59002,0
78435,0
11529,1
69525,0
95296,0
127069,0
94300,0
97854,0
103837,0
4272,1
49550,0
152835,0
67498,0
136768,0
138002,0
2944,1
51197,0
73750,0
105975,0
80431,0
28922,1
54463,0
53634,0
44382,1
94862,0
43781,1
105249,0
102464,0
43800,1
84773,0
6406,1
117649,0
31626,1
121927,0
62335,0
13187,1
74925,0
74757,0
52939,0
12692,1
73829,0
39082,1
125943,0
90360,0
8908,1
72078,0
114197,0
11108,1
50520,0
80514,0
127160,0
111065,0
104029,0
68523,0
4705,1
122928,0
158932,0
120735,0
36966,1
69302,0
136596,0
104602,0
69737,0
101372,0
51611,0
13767,1
126092,0
11285,1
71898,0
120123,0
67086,0
45748,0
2491,1
71243,0
79397,0
47096,0
90693,0
25040,1
157163,0
102257,0
155759,0
98236,0
80969,0
113600,0
149231,0
114282,0
91409,0
96845,0
46656,0
150813,0
128157,0
65211,0
1726,1
95406,0
31415,1
48383,0
117178,0
48396,0
125333,0
30423,1
124910,0
153776,0
22262,1
61846,0
75011,0
78407,0
63710,0
98554,0
121123,0
150677,0
112261,0
2114,1
94140,0
85456,0
81606,0
13229,1
19717,1
29856,1
32921,1
11772,1
57147,0
33574,1
91433,0
25713,1
65418,0
11092,1
40895,1
131399,0
110706,0
153786,0
20086,1
57435,0
132683,0
60234,0
144462,0
85866,0
50347,0
31236,1
43071,1
121419,0
35284,1
58845,0
92932,0
61430,0
95879,0
94159,0
159561,0
154533,0
64448,0
65554,0
140192,0
52987,0
109986,0
122009,0
18471,1
121327,0
91989,0
34710,1
132492,0
134845,0
8283,1
71102,0
2141,1
84113,0
72086,0
85487,0
95022,0
118504,0
21607,1
77502,0
70090,0
152479,0
99491,0
80622,0
138893,0
33405,1
98778,0
100839,0
107601,0
7941,1
86910,0
129026,0
153253,0
78128,0
47582,0
117445,0
48997,0
51598,0
5316,1
117849,0
141099,0
130814,0
44043,1
55828,0
75725,0
33803,1
35073,1
120964,0
91429,0
17072,1
126984,0
88036,0
4289,1
95180,0
113061,0
26103,1
59578,0
157998,0
50836,0
141968,0
48063,0
143871,0
118929,0
42942,1
83689,0
4024,1
25486,1
56508,0
121347,0
57027,0
29260,1
80596,0
66383,0
126367,0
118614,0
112865,0
10402,1
73889,0
105970,0
35583,1
112257,0
136776,0
27093,1
6181,1
123893,0
138593,0
142218,0
24456,1
66959,0
77138,0
50427,0
113805,0
107958,0
21027,1
144783,0
99225,0
53200,0
24873,1
133583,0
105003,0
149580,0
96949,0
52832,0
133352,0
73149,0
62765,0
96812,0
42284,1
109087,0
116475,0
17887,1
46098,0
156233,0
28020,1
99120,0
127927,0
137681,0
56476,0
152871,0
150328,0
115826,0
140306,0
68126,0
156393,0
2929,1
43433,1
140342,0
109635,0
75995,0
32775,1
116342,0
104400,0
145913,0
142276,0
105628,0
66976,0
130999,0
36789,1
23401,1
97146,0
145722,0
46181,0
86453,0
111050,0
122666,0
105040,0
140713,0
64784,0
126450,0
100320,0
144965,0
133109,0
28205,1
149955,0
159725,0
92395,0
108661,0
128880,0
45128,0
62549,0
159219,0
1079,1
31581,1
152337,0
118604,0
145352,0
116382,0
37682,1
15601,1
77849,0
113578,0
89320,0
151999,0
120386,0
64574,0
37446,1
99952,0
44588,1
102921,0
108209,0
126019,0
114536,0
40582,1
126948,0
82903,0
138189,0
117908,0
139752,0
96295,0
13252,1
19019,1
75649,0
103080,0
94317,0
87230,0
54729,0
107571,0
36733,1
62597,0
66961,0
144725,0
44740,1
16698,1
116752,0
13087,1
29681,1
28599,1
100722,0
102111,0
141126,0
85040,0
4427,1
77744,0
30033,1
43428,1
139484,0
32273,1
62584,0
63357,0
128452,0
70516,0
7031,1
120788,0
106818,0
76482,0
109816,0
121734,0
102936,0
121394,0
131369,0
104776,0
138273,0
13133,1
74085,0
105806,0
131289,0
52180,0
137207,0
137614,0
32492,1
145565,0
132832,0
98551,0
35236,1
36486,1
29668,1
121466,0
44226,1
15870,1
85368,0
114729,0
110099,0
4955,1
148254,0
130621,0
155122,0
86631,0
151780,0
79971,0
7966,1
111623,0
27577,1
8655,1
7541,1
144971,0
66234,0
53274,0
108671,0
43804,1
83226,0
135457,0
143482,0
96286,0
34501,1
147618,0
152460,0
35205,1
27550,1
36385,1
2326,1
76836,0
58368,0
124631,0
66803,0
111127,0
24210,1
97644,0
9321,1
45931,0
136251,0
67723,0
107198,0
73920,0
22217,1
20582,1
130851,0
104104,0
129244,0
159675,0
71857,0
23000,1
144512,0
155492,0
70832,0
6014,1
4965,1
35644,1
137243,0
148596,0
34210,1
115352,0
144084,0
94023,0
61193,0
48227,0
32364,1
3873,1
46931,0
97598,0
22182,1
36949,1
57688,0
101580,0
78580,0
49566,0
141546,0
93360,0
94099,0
99885,0
120332,0
7627,1
147765,0
61592,0
21279,1
155697,0
25728,1
105337,0
16646,1
137738,0
93583,0
7477,1
71402,0
120995,0
81767,0
113117,0
100930,0
41903,1
153629,0
157264,0
1132,1
17461,1
65136,0
6883,1
54220,0
60249,0
43946,1
17414,1
64961,0
138653,0
104117,0
153216,0
128729,0
32677,1
65688,0
85791,0
55660,0
42600,1
131463,0
147519,0
53600,0
143857,0
144659,0
105786,0
136839,0
123010,0
132470,0
64230,0
5670,1
107214,0
92824,0
108215,0
112723,0
133685,0
124804,0
32631,1
138054,0
15783,1
151102,0
20008,1
149070,0
155328,0
82994,0
81904,0
54169,0
144191,0
52955,0
76028,0
52965,0
49528,0
137876,0
52534,0
10046,1
104960,0
122439,0
76305,0
80369,0
40264,1
27881,1
87195,0
73556,0
157051,0
142348,0
31287,1
115098,0
23481,1
41101,1
28081,1
84568,0
80470,0
156461,0
65126,0
140007,0
123737,0
151821,0
65646,0
8432,1
13269,1
49646,0
125379,0
97963,0
77787,0
79626,0
142522,0
27753,1
128881,0
123461,0
55113,0
113056,0
4032,1
47453,0
53234,0
96379,0
138056,0
111994,0
50311,0
91494,0
62668,0
152039,0
131176,0
59143,0
115869,0
100121,0
92219,0
125087,0
155004,0
23916,1
120116,0
104195,0
4002,1
95232,0
154378,0
46710,0
132282,0
140301,0
128704,0
47844,0
67152,0
79929,0
76538,0
140118,0
29475,1
101301,0
66971,0
98037,0
152962,0
12057,1
129499,0
8496,1
43494,1
101186,0
131266,0
146090,0
69320,0
14135,1
57839,0
69678,0
82533,0
142761,0
144057,0
77538,0
372,1
113519,0
31803,1
106982,0
10070,1
78333,0
69215,0
151461,0
113983,0
60723,0
55370,0
84959,0
23713,1
22437,1
96141,0
14256,1
77961,0
38873,1
108624,0
67762,0
125874,0
85744,0
153230,0
54999,0
80048,0
19766,1
141413,0
90727,0
49301,0
158476,0
138852,0
22637,1
16269,1
68610,0
47032,0
115264,0
74483,0
110094,0
100870,0
39378,1
33031,1
76312,0
7215,1
11972,1
149268,0
66366,0
83512,0
73912,0
91070,0
65897,0
52134,0
578,1
47944,0
127386,0
129772,0
68015,0
26822,1
49467,0
54177,0
157261,0
149564,0
108378,0
23951,1
15875,1
96690,0
568,1
141128,0
110128,0
9399,1
101117,0
80692,0
155344,0
113077,0
27747,1
64903,0
59137,0
8452,1
117860,0
98274,0
74991,0
144226,0
29084,1
56445,0
55898,0
138055,0
64354,0
47124,0
59204,0
18853,1
151147,0
101882,0
122132,0
112691,0
3038,1
130573,0
123855,0
45535,0
97380,0
51754,0
97969,0
26529,1
960,1
28191,1
119962,0
124796,0
155898,0
12000,1
50199,0
58941,0
152124,0
44380,1
46744,0
156450,0
6079,1
144605,0
21697,1
7300,1
47215,0
135788,0
152196,0
158523,0
6724,1
37817,1
12244,1
53460,0
143209,0
117567,0
90572,0
78004,0
84596,0
116618,0
158657,0
100231,0
71232,0
101507,0
148643,0
104364,0
153766,0
10529,1
155770,0
87897,0
39998,1
69099,0
73065,0
5459,1
108023,0
44743,1
39574,1
123933,0
147182,0
89275,0
67493,0
24424,1
97045,0
118982,0
23494,1
39091,1
45163,0
19651,1
121153,0
86053,0
115727,0
70666,0
96549,0
51370,0
32412,1
9378,1
87158,0
57377,0
87467,0
125034,0
87374,0
127209,0
129304,0
116716,0
29869,1
18122,1
98935,0
46131,0
78282,0
110569,0
121495,0
130283,0
120479,0
19744,1
129230,0
157980,0
19941,1
144837,0
12128,1
15442,1
110647,0
126606,0
37700,1
49470,0
106904,0
36992,1
126460,0
45430,0
143628,0
108494,0
129107,0
95895,0
131841,0
33956,1
102556,0
89288,0
14595,1
43562,1
53761,0
88559,0
98859,0
156249,0
30469,1
96365,0
138169,0
60659,0
87847,0
79572,0
55781,0
21211,1
113552,0
49196,0
84801,0
151723,0
71083,0
15354,1
42486,1
34204,1
537,1
124913,0
28021,1
44536,1
126818,0
143488,0
151668,0
99232,0
56940,0
129599,0
57457,0
86094,0
11314,1
45309,0
48571,0
112051,0
148783,0
21359,1
21579,1
40416,1
113034,0
5271,1
125066,0
33425,1
49923,0
100661,0
124432,0
77048,0
136551,0
145495,0
111399,0
74537,0
25396,1
154875,0
51209,0
128257,0
37445,1
51117,0
5492,1
29571,1
146447,0
30706,1
99418,0
100574,0
156685,0
3628,1
83116,0
76593,0
122277,0
61352,0
120153,0
103738,0
1223,1
104490,0
2590,1
155853,0
88041,0
119267,0
148782,0
159178,0
152053,0
53541,0
135272,0
104530,0
112492,0
65307,0
34051,1
63329,0
81219,0
106329,0
152231,0
12927,1
149310,0
105663,0
47870,0
135695,0
10121,1
152921,0
44406,1
91966,0
14903,1
67291,0
68633,0
100275,0
39459,1
34277,1
100356,0
110005,0
122062,0
42757,1
14776,1
39036,1
55229,0
43644,1
67301,0
55519,0
119489,0
50958,0
87734,0
25512,1
5940,1
2197,1
142645,0
6343,1
115526,0
110336,0
21836,1
98251,0
115708,0
51326,0
21121,1
43915,1
73903,0
111561,0
158522,0
154742,0
143951,0
61851,0
78528,0
30954,1
35675,1
149630,0
98553,0
48446,0
112972,0
88767,0
107747,0
148979,0
21688,1
69769,0
42856,1
7756,1
67357,0
77010,0
101289,0
8067,1
35017,1
4668,1
129618,0
61481,0
87666,0
139309,0
67948,0
17006,1
97661,0
20392,1
12948,1
122590,0
894,1
148513,0
92792,0
155939,0
128284,0
74364,0
56950,0
45725,0
84075,0
76093,0
115814,0
137165,0
89894,0
14028,1
25082,1
70639,0
156122,0
40860,1
55893,0
48877,0
16499,1
149406,0
64828,0
147294,0
6215,1
22252,1
42951,1
23234,1
126707,0
107466,0
28365,1
66616,0
83902,0
3588,1
12806,1
26078,1
44806,1
116745,0
29002,1
109655,0
107503,0
97926,0
121661,0
146120,0
93861,0
90125,0
16430,1
48684,0
57469,0
89452,0
15666,1
66127,0
104876,0
64988,0
18603,1
91073,0
61748,0
159456,0
97470,0
130204,0
131618,0
54296,0
77926,0
37811,1
28194,1
138783,0
47815,0
98281,0
56367,0
52310,0
72905,0
129985,0
26453,1
139830,0
113376,0
59914,0
46985,0
65736,0
98990,0
67649,0
107631,0
36161,1
21952,1
110977,0
106440,0
144346,0
125786,0
44150,1
115244,0
149393,0
95037,0
94231,0
45410,0
87593,0
121255,0
53135,0
110650,0
126951,0
120892,0
156609,0
91780,0
46991,0
150846,0
85509,0
79715,0
96332,0
19854,1
1398,1
112719,0
129847,0
61188,0
46793,0
42196,1
105159,0
55334,0
10577,1
13881,1
79977,0
94595,0
97734,0
39716,1
122472,0
11434,1
132909,0
128435,0
75453,0
105581,0
93081,0
146371,0
3079,1
124221,0
70567,0
2506,1
31590,1
149769,0
124328,0
27637,1
59252,0
123647,0
81646,0
97132,0
123807,0
71970,0
48147,0
31588,1
74301,0
50991,0
140444,0
107637,0
16539,1
50845,0
43203,1
19964,1
86640,0
79085,0
100284,0
115467,0
13911,1
82034,0
40031,1
39293,1
265,1
116541,0
23061,1
80549,0
120069,0
31011,1
97148,0
31009,1
24021,1
127190,0
115329,0
88058,0
72577,0
4376,1
45987,0
23580,1
113919,0
30657,1
62899,0
13762,1
95173,0
46752,0
5027,1
34897,1
136474,0
50121,0
23195,1
125307,0
77571,0
19786,1
62132,0
95969,0
129844,0
84305,0
83324,0
80096,0
106232,0
78917,0
84293,0
152679,0
63991,0
43830,1
159764,0
8782,1
78738,0
79767,0
31072,1
36462,1
92533,0
126641,0
145624,0
44082,1
9653,1
111653,0
72115,0
4954,1
137677,0
1109,1
122989,0
90607,0
85264,0
62068,0
126125,0
30535,1
102493,0
81832,0
89054,0
67196,0
868,1
119483,0
18295,1
37520,1
41912,1
154457,0
143342,0
127335,0
18807,1
40091,1
83474,0
30521,1
49185,0
73732,0
44504,1
45274,0
59984,0
52900,0
156823,0
82140,0
125870,0
2204,1
150898,0
14316,1
36876,1
116192,0
14746,1
149083,0
81514,0
83383,0
132325,0
83431,0
130664,0
136975,0
37095,1
22716,1
12278,1
121695,0
159505,0
4312,1
139293,0
80372,0
118422,0
34500,1
27276,1
153775,0
121994,0
27630,1
57321,0
128548,0
128749,0
75062,0
103989,0
31021,1
140865,0
10213,1
119171,0
156206,0
72959,0
29255,1
77190,0
97685,0
8667,1
43233,1
70842,0
17829,1
118770,0
113656,0
46411,0
143489,0
45186,0
75595,0
67929,0
76181,0
108073,0
136550,0
6015,1
102546,0
132327,0
15957,1
114202,0
62840,0
40745,1
64984,0
77718,0
42933,1
83225,0
28900,1
157763,0
56257,0
5659,1
152969,0
127790,0
59862,0
123032,0
122304,0
98361,0
65198,0
106224,0
26756,1
12754,1
57862,0
66385,0
155806,0
110214,0
55106,0
138552,0
42809,1
60064,0
116691,0
117652,0
33703,1
81607,0
66783,0
83278,0
140560,0
67029,0
122702,0
152298,0
80309,0
105000,0
79121,0
30379,1
39948,1
148383,0
35142,1
40404,1
86470,0
78308,0
79584,0
6950,1
152288,0
36316,1
145539,0
92749,0
98948,0
123965,0
87060,0
50922,0
95331,0
35815,1
157094,0
101107,0
115225,0
47129,0
147686,0
47630,0
83886,0
55361,0
109030,0
77452,0
143636,0
115809,0
6912,1
152832,0
37604,1
12724,1
116352,0
144849,0
74902,0
21872,1
53022,0
1695,1
154065,0
104070,0
119716,0
141399,0
155205,0
116175,0
43305,1
89763,0
154547,0
111301,0
2821,1
41071,1
125369,0
98413,0
96205,0
158053,0
56169,0
27392,1
99825,0
48848,0
5958,1
94012,0
84303,0
128125,0
126148,0
84429,0
108437,0
32315,1
147336,0
97106,0
106250,0
9153,1
40446,1
130466,0
13032,1
124629,0
85861,0
11960,1
31158,1
68220,0
76318,0
57793,0
49940,0
85751,0
9431,1
16057,1
90967,0
80799,0
36017,1
148860,0
143960,0
50813,0
88338,0
59132,0
115745,0
156139,0
95549,0
118356,0
122849,0
26083,1
144899,0
157427,0
9917,1
118653,0
67969,0
132316,0
92477,0
65611,0
113896,0
123536,0
3248,1
150759,0
68089,0
106929,0
88243,0
14722,1
77171,0
137663,0
139478,0
3222,1
77309,0
38850,1
66041,0
38820,1
13980,1
26429,1
157335,0
102047,0
59642,0
16955,1
94566,0
129964,0
126037,0
117414,0
118131,0
41908,1
10737,1
155515,0
22089,1
96774,0
82009,0
48483,0
87110,0
11140,1
100886,0
22591,1
114226,0
52465,0
75517,0
17129,1
55333,0
72145,0
96992,0
135255,0
119671,0
110519,0
145588,0
19560,1
115860,0
136841,0
67481,0
62882,0
98256,0
95756,0
65031,0
101000,0
113409,0
118958,0
33538,1
35844,1
50969,0
108613,0
62758,0
111274,0
80775,0
38361,1
46291,0
136256,0
7493,1
28689,1
30796,1
82047,0
98062,0
125496,0
149908,0
152155,0
30388,1
93675,0
66797,0
3667,1
75824,0
79179,0
1703,1
59965,0
43124,1
126188,0
103813,0
83213,0
147542,0
147247,0
11750,1
56320,0
3803,1
139439,0
37826,1
75162,0
158158,0
48193,0
110276,0
40872,1
6822,1
69365,0
15873,1
85008,0
50355,0
135062,0
84898,0
23882,1
80559,0
60970,0
135942,0
136263,0
17252,1
19966,1
3205,1
116854,0
141878,0
28740,1
102273,0
118689,0
90539,0
52732,0
142567,0
108304,0
19714,1
156822,0
38591,1
59518,0
4278,1
155113,0
17311,1
30242,1
114331,0
51501,0
39649,1
5517,1
104116,0
102452,0
113584,0
61317,0
50593,0
133554,0
118241,0
106027,0
143559,0
88847,0
138092,0
157759,0
137792,0
62336,0
153549,0
43648,1
42723,1
71143,0
122257,0
88027,0
137191,0
137861,0
7401,1
41233,1
67174,0
11379,1
46703,0
103658,0
143878,0
66464,0
132153,0
146601,0
19834,1
152030,0
102640,0
53540,0
10231,1
20978,1
117360,0
51405,0
11890,1
32702,1
126389,0
7625,1
44033,1
88248,0
142398,0
154117,0
12294,1
140509,0
82894,0
14701,1
110630,0
18124,1
131832,0
120191,0
74084,0
95286,0
71403,0
156669,0
50127,0
115010,0
16126,1
111477,0
118664,0
131860,0
92163,0
44936,1
82192,0
44992,1
138994,0
75510,0
100367,0
115499,0
66535,0
136407,0
4314,1
110487,0
84158,0
84872,0
42645,1
123763,0
126987,0
45158,0
150454,0
21562,1
155000,0
15528,1
23534,1
128029,0
130476,0
105846,0
31947,1
112253,0
70368,0
126001,0
74583,0
22985,1
65186,0
77565,0
126553,0
39538,1
115327,0
3830,1
119292,0
105801,0
118598,0
33472,1
42859,1
68974,0
81453,0
73908,0
69851,0
43895,1
10653,1
103934,0
106959,0
21575,1
109880,0
76259,0
95780,0
142853,0
107058,0
129927,0
8607,1
73234,0
124729,0
69854,0
111530,0
138207,0
138460,0
68781,0
22399,1
1376,1
11204,1
66159,0
43048,1
61707,0
46010,0
37731,1
31627,1
118674,0
57307,0
16705,1
106870,0
7571,1
71568,0
31930,1
4537,1
139891,0
87345,0
82399,0
108149,0
153047,0
17429,1
105298,0
157621,0
94803,0
12540,1
26152,1
62150,0
87340,0
77862,0
143602,0
104263,0
158245,0
29269,1
107282,0
122471,0
104487,0
10839,1
34270,1
158112,0
94777,0
108519,0
144941,0
130591,0
10303,1
81923,0
142140,0
68532,0
42415,1
131511,0
28316,1
24548,1
105193,0
98131,0
126810,0
158512,0
127818,0
44138,1
104572,0
146382,0
113441,0
19785,1
113537,0
29913,1
95326,0
132585,0
150680,0
41962,1
8345,1
133781,0
97913,0
83318,0
7038,1
70523,0
72064,0
44119,1
122011,0
61998,0
153134,0
111987,0
119603,0
126083,0
91669,0
34305,1
16359,1
56403,0
125100,0
49917,0
540,1
88701,0
6173,1
22383,1
91779,0
92554,0
52737,0
112743,0
92193,0
120791,0
14512,1
144283,0
123271,0
153482,0
11315,1
146454,0
155387,0
124606,0
149340,0
158621,0
32468,1
151660,0
145745,0
99402,0
3690,1
109631,0
112591,0
39405,1
10936,1
8860,1
134622,0
89632,0
143007,0
57690,0
10510,1
90095,0
71315,0
67322,0
45347,0
148485,0
147134,0
109849,0
95247,0
59004,0
35753,1
63223,0
135317,0
113684,0
7822,1
158961,0
60077,0
26903,1
24664,1
149099,0
21729,1
132248,0
52577,0
51020,0
36506,1
14415,1
59149,0
96616,0
20869,1
157135,0
20273,1
68618,0
153539,0
93080,0
126991,0
134791,0
146853,0
7682,1
38393,1
64928,0
128541,0
56083,0
1081,1
97417,0
25259,1
116813,0
136318,0
155415,0
127226,0
19792,1
139221,0
65167,0
142440,0
65463,0
105928,0
89920,0
84639,0
131582,0
151819,0
117899,0
4625,1
143653,0
90346,0
89728,0
69254,0
46565,0
80722,0
117746,0
1866,1
110787,0
4464,1
130542,0
97500,0
75801,0
76903,0
105700,0
61053,0
22181,1
119754,0
43449,1
119726,0
49696,0
136138,0
2361,1
13791,1
2088,1
106701,0
135677,0
39512,1
67757,0
89948,0
138580,0
2735,1
141075,0
50659,0
12397,1
135506,0
145120,0
7384,1
58255,0
26224,1
65072,0
48030,0
109909,0
76848,0
54957,0
93587,0
24503,1
39438,1
129072,0
142834,0
127855,0
77021,0
138144,0
91289,0
101198,0
40134,1
25114,1
55139,0
101522,0
31702,1
53558,0
66003,0
123211,0
3224,1
114586,0
102260,0
69113,0
48612,0
96929,0
109007,0
47790,0
503,1
112547,0
32927,1
18501,1
27382,1
65582,0
54019,0
75751,0
28349,1
122691,0
125153,0
76005,0
103455,0
137874,0
82960,0
37695,1
104198,0
67407,0
124294,0
12430,1
44246,1
70731,0
66669,0
116690,0
74204,0
25976,1
154454,0
61639,0
157509,0
26603,1
105082,0
10624,1
118132,0
81831,0
3599,1
16868,1
65888,0
137025,0
66531,0
9525,1
155901,0
1425,1
114596,0
121383,0
78112,0
136376,0
114362,0
74286,0
133442,0
62818,0
92989,0
106036,0
67694,0
6490,1
73087,0
157170,0
37366,1
92709,0
159125,0
122748,0
103490,0
292,1
73921,0
64693,0
129317,0
65019,0
64609,0
1728,1
88878,0
88020,0
57011,0
97348,0
25101,1
153573,0
21706,1
129004,0
122510,0
35915,1
13935,1
12399,1
72628,0
89501,0
113138,0
133800,0
49637,0
1473,1
32325,1
67098,0
135745,0
118297,0
105617,0
125275,0
15384,1
80178,0
39146,1
35259,1
51358,0
85452,0
102387,0
58723,0
93537,0
118225,0
28332,1
17321,1
42325,1
53779,0
126399,0
156937,0
85142,0
40571,1
122910,0
38786,1
78174,0
94504,0
16760,1
109351,0
8297,1
17160,1
158861,0
147409,0
41668,1
158177,0
48065,0
38055,1
157935,0
76634,0
39297,1
43341,1
132443,0
121566,0
93874,0
22026,1
54505,0
112242,0
144048,0
27452,1
112095,0
143643,0
155544,0
36884,1
100204,0
41864,1
34461,1
112142,0
33902,1
124654,0
94204,0
107344,0
60536,0
97995,0
73544,0
156423,0
157112,0
68868,0
42461,1
32716,1
19341,1
121741,0
107399,0
51300,0
117794,0
115868,0
43561,1
110649,0
82704,0
49471,0
6671,1
108621,0
159098,0
123387,0
114303,0
130525,0
86106,0
25672,1
118880,0
82933,0
72708,0
98445,0
39673,1
54747,0
72356,0
138244,0
14243,1
22971,1
2747,1
25733,1
31630,1
138049,0
150568,0
86165,0
109649,0
117297,0
28251,1
136028,0
96675,0
152746,0
11699,1
88524,0
99742,0
44873,1
119619,0
87998,0
31567,1
93069,0
148638,0
44542,1
32038,1
76715,0
111501,0
103730,0
1958,1
86319,0
58321,0
15073,1
40054,1
73387,0
15984,1
36298,1
143508,0
144607,0
13247,1
156961,0
26073,1
20594,1
126592,0
44643,1
60352,0
76594,0
37582,1
116542,0
57557,0
49478,0
99835,0
14730,1
82779,0
74007,0
64931,0
106303,0
82242,0
120537,0
34072,1
36942,1
126238,0
87995,0
74936,0
102466,0
154403,0
135591,0
116510,0
127153,0
52620,0
28628,1
106338,0
16029,1
127544,0
36799,1
80583,0
27336,1
130713,0
107677,0
25060,1
18719,1
109903,0
138811,0
55611,0
37470,1
15575,1
151841,0
130453,0
127939,0
118696,0
108952,0
138790,0
42420,1
47438,0
103579,0
139669,0
114221,0
114364,0
29306,1
77711,0
89613,0
6602,1
24412,1
159620,0
151673,0
117464,0
21794,1
150395,0
116028,0
776,1
45833,0
116327,0
89228,0
107010,0
101501,0
76160,0
103243,0
38690,1
82756,0
141835,0
154207,0
113726,0
83420,0
31830,1
99545,0
45801,0
59548,0
143366,0
154995,0
144326,0
12974,1
64585,0
893,1
87375,0
89262,0
34281,1
76413,0
24610,1
141772,0
43086,1
53618,0
131265,0
42870,1
90667,0
152874,0
32516,1
37622,1
90127,0
70042,0
99772,0
74389,0
84659,0
118831,0
28123,1
23257,1
53755,0
58506,0
135450,0
147557,0
25732,1
217,1
38693,1
62708,0
130041,0
45173,0
39475,1
29762,1
106070,0
92611,0
106093,0
124937,0
112631,0
19009,1
69008,0
141493,0
128505,0
58797,0
143290,0
81136,0
15539,1
64020,0
153110,0
10694,1
156005,0
149850,0
93432,0
76002,0
84996,0
21393,1
51867,0
105769,0
115008,0
150271,0
19800,1
105147,0
118514,0
152967,0
111472,0
83268,0
62962,0
9971,1
140330,0
40894,1
17728,1
47390,0
144978,0
13305,1
52220,0
65769,0
86019,0
109653,0
155077,0
83924,0
124430,0
79803,0
143982,0
70721,0
82068,0
11897,1
5260,1
33681,1
140161,0
102262,0
117167,0
69364,0
159277,0
100470,0
126856,0
90350,0
59632,0
116010,0
117921,0
22078,1
22643,1
4006,1
58115,0
137601,0
67952,0
51315,0
59190,0
104747,0
110268,0
126007,0
27062,1
95388,0
9680,1
110976,0
102897,0
52227,0
62719,0
142945,0
6018,1
79374,0
127505,0
117079,0
108678,0
152270,0
33751,1
12337,1
66236,0
29166,1
81674,0
143610,0
15152,1
8935,1
81429,0
111305,0
55564,0
153495,0
35853,1
43713,1
16046,1
36093,1
136205,0
109576,0
74379,0
123916,0
76615,0
152284,0
36796,1
94039,0
31127,1
29638,1
16276,1
8992,1
85194,0
40588,1
103315,0
99053,0
44249,1
93921,0
105167,0
108266,0
53211,0
119269,0
96290,0
75607,0
66809,0
38402,1
90372,0
29420,1
138243,0
68238,0
21360,1
57349,0
47192,0
145932,0
50590,0
66827,0
33906,1
15466,1
62580,0
68540,0
142452,0
66087,0
27639,1
103365,0
110412,0
155253,0
141505,0
51602,0
95079,0
31732,1
2644,1
55730,0
121473,0
116093,0
11064,1
63187,0
158846,0
43208,1
32065,1
108136,0
25490,1
98268,0
85054,0
86329,0
128076,0
24011,1
121972,0
95471,0
23883,1
56578,0
8268,1
123505,0
82842,0
134147,0
86451,0
145685,0
69997,0
31859,1
2899,1
104892,0
11304,1
117719,0
84607,0
75685,0
142944,0
53230,0
138009,0
66260,0
137398,0
3030,1
121158,0
103458,0
17822,1
122555,0
67068,0
25544,1
109203,0
85263,0
153632,0
146156,0
157864,0
92847,0
60485,0
98270,0
1736,1
154697,0
93142,0
39229,1
99598,0
11788,1
62862,0
93467,0
82713,0
155410,0
89685,0
34563,1
114701,0
144351,0
20173,1
125114,0
23708,1
99260,0
127456,0
1855,1
50588,0
135197,0
130019,0
159254,0
49095,0
1122,1
3288,1
11724,1
157742,0
60261,0
63149,0
46442,0
50497,0
110805,0
73711,0
41352,1
127540,0
154797,0
20938,1
50798,0
26585,1
26474,1
78222,0
919,1
75469,0
125460,0
24003,1
50310,0
58289,0
118752,0
38981,1
96278,0
149944,0
110426,0
53770,0
69853,0
147335,0
113311,0
32819,1
63874,0
133187,0
123472,0
140506,0
154887,0
40214,1
34895,1
29156,1
8430,1
18893,1
148446,0
22928,1
99067,0
17659,1
71912,0
159234,0
116613,0
49994,0
69717,0
83636,0
119705,0
121398,0
71050,0
57112,0
127588,0
79881,0
1021,1
6461,1
154515,0
54263,0
46145,0
154920,0
89239,0
7841,1
135357,0
5365,1
91083,0
34605,1
23493,1
81806,0
28589,1
91150,0
6726,1
101984,0
3274,1
103440,0
154576,0
107693,0
97973,0
156020,0
101697,0
3098,1
49683,0
93034,0
100387,0
14011,1
65659,0
75857,0
22478,1
113783,0
65426,0
46476,0
84980,0
12194,1
2187,1
153055,0
23461,1
98491,0
79264,0
100622,0
112173,0
125217,0
46483,0
112765,0
54820,0
141151,0
114887,0
48088,0
41491,1
134056,0
86914,0
95012,0
110068,0
146976,0
109326,0
57827,0
48838,0
34479,1
128882,0
128731,0
33824,1
140567,0
5900,1
56530,0
22931,1
154492,0
32108,1
88469,0
124388,0
153812,0
86732,0
2279,1
103674,0
71095,0
47678,0
68543,0
93697,0
2009,1
102984,0
116020,0
10312,1
2354,1
131875,0
95211,0
95020,0
41555,1
28,1
17432,1
23414,1
57317,0
91271,0
102947,0
82552,0
54037,0
121056,0
154792,0
125401,0
47211,0
23128,1
151920,0
83727,0
132736,0
62541,0
123798,0
66216,0
128622,0
112649,0
45894,0
56045,0
112998,0
7319,1
127911,0
113501,0
60079,0
76546,0
56843,0
41806,1
122873,0
79454,0
108823,0
122605,0
93925,0
88611,0
117942,0
112637,0
49327,0
68629,0
100278,0
130628,0
97010,0
73272,0
102610,0
70018,0
74009,0
46383,0
156401,0
138159,0
98552,0
29764,1
6216,1
114893,0
11547,1
70129,0
80767,0
46333,0
1943,1
95196,0
2100,1
17599,1
34581,1
55462,0
80355,0
92265,0
94483,0
146720,0
90503,0
7862,1
51584,0
157503,0
28359,1
90703,0
120219,0
126318,0
118930,0
46672,0
136767,0
149854,0
112862,0
17027,1
141177,0
99193,0
10054,1
51681,0
27661,1
14926,1
31774,1
88010,0
45709,0
38298,1
65071,0
133011,0
78234,0
71995,0
129968,0
135607,0
159510,0
100481,0
73101,0
12197,1
123745,0
81311,0
81211,0
17814,1
4726,1
26896,1
136960,0
40952,1
65494,0
88782,0
105355,0
106274,0
103735,0
151266,0
87547,0
138693,0
95580,0
97262,0
142593,0
20261,1
16722,1
74158,0
157000,0
56204,0
99919,0
10016,1
144190,0
155396,0
11577,1
137904,0
52791,0
12726,1
41698,1
51807,0
154851,0
106687,0
35552,1
14526,1
47099,0
85266,0
134779,0
57048,0
121921,0
123882,0
138575,0
110682,0
38400,1
28476,1
19056,1
90068,0
107099,0
59230,0
159593,0
133486,0
96533,0
21419,1
120224,0
28650,1
1368,1
43025,1
111055,0
122172,0
121317,0
110534,0
153621,0
136639,0
88995,0
75117,0
72784,0
3676,1
86440,0
147068,0
18147,1
93242,0
23986,1
24289,1
81145,0
52836,0
18480,1
102469,0
64206,0
30728,1
58253,0
93415,0
102128,0
81800,0
2001,1
130605,0
24284,1
138743,0
81438,0
22237,1
5727,1
67692,0
119092,0
92912,0
72836,0
26006,1
37794,1
13951,1
124311,0
125949,0
148387,0
144255,0
84159,0
7219,1
104514,0
60022,0
46393,0
66193,0
113592,0
148108,0
123610,0
33282,1
90680,0
11211,1
28532,1
104071,0
147477,0
91763,0
17468,1
97100,0
145834,0
48618,0
67705,0
24493,1
71045,0
107577,0
65785,0
66869,0
7084,1
127918,0
49498,0
119056,0
118454,0
29923,1
6116,1
4740,1
156482,0
52828,0
127400,0
101497,0
6008,1
84119,0
84193,0
121447,0
103494,0
46986,0
25045,1
106083,0
154003,0
46980,0
146608,0
31606,1
135930,0
119133,0
145409,0
123132,0
28593,1
145736,0
145869,0
87295,0
42650,1
131963,0
54526,0
117946,0
151249,0
94768,0
11038,1
87752,0
7500,1
74422,0
82159,0
130236,0
113837,0
159635,0
70836,0
8498,1
127120,0
52656,0
94783,0
129857,0
149986,0
120884,0
121150,0
126242,0
29444,1
92997,0
102244,0
126068,0
18499,1
27387,1
37542,1
130924,0
13871,1
131718,0
127638,0
129467,0
140247,0
107626,0
58724,0
53716,0
148034,0
141165,0
1761,1
95746,0
156296,0
149374,0
106999,0
32679,1
95654,0
146769,0
68076,0
115289,0
41214,1
1306,1
100916,0
111091,0
83148,0
83127,0
14802,1
75894,0
138770,0
132386,0
87211,0
108841,0
51189,0
143971,0
78594,0
133930,0
44628,1
47876,0
129088,0
61341,0
3262,1
150168,0
129331,0
140173,0
150068,0
32823,1
110050,0
31971,1
141740,0
65778,0
98065,0
106875,0
78450,0
82097,0
130095,0
45658,0
146811,0
14295,1
142688,0
26883,1
50394,0
88518,0
58000,0
43393,1
77318,0
141910,0
137682,0
128336,0
44931,1
106804,0
43061,1
53980,0
135875,0
87157,0
126910,0
111541,0
59354,0
51508,0
11224,1
24743,1
133004,0
131158,0
158499,0
132227,0
98167,0
84204,0
144249,0
120829,0
116816,0
147120,0
65023,0
54829,0
95987,0
151127,0
81058,0
14199,1
7350,1
125906,0
110377,0
37795,1
20846,1
4550,1
100213,0
32050,1
4943,1
75500,0
60999,0
153327,0
131341,0
37068,1
23354,1
18553,1
123533,0
9668,1
152857,0
91462,0
148992,0
56431,0
54304,0
70009,0
86773,0
68869,0
118292,0
35668,1
54188,0
12200,1
100409,0
131033,0
47373,0
103757,0
124215,0
37273,1
59058,0
31488,1
28977,1
98792,0
126744,0
100196,0
70910,0
66409,0
60178,0
144602,0
77146,0
22801,1
2893,1
11580,1
10009,1
77992,0
144519,0
108286,0
44285,1
102097,0
54913,0
83266,0
45344,0
43769,1
79751,0
46468,0
82245,0
89917,0
124675,0
93768,0
116845,0
129537,0
33456,1
115047,0
52696,0
127178,0
16623,1
105840,0
137684,0
123242,0
148101,0
39619,1
90771,0
11381,1
126752,0
19092,1
102516,0
17196,1
63936,0
128271,0
72733,0
4169,1
28706,1
105437,0
76459,0
72230,0
39350,1
62645,0
52609,0
90950,0
112517,0
40165,1
23520,1
91115,0
104230,0
53472,0
48489,0
151281,0
115320,0
141298,0
67990,0
35558,1
141134,0
44868,1
130833,0
29008,1
61349,0
48975,0
135133,0
137319,0
129099,0
85036,0
76977,0
114522,0
114308,0
74231,0
103699,0
107510,0
95257,0
41798,1
114707,0
126690,0
115632,0
19349,1
29282,1
127824,0
57073,0
40322,1
1342,1
149562,0
13049,1
105236,0
55851,0
51917,0
80078,0
141831,0
35713,1
99259,0
29726,1
76567,0
67325,0
122113,0
143660,0
108862,0
92959,0
39030,1
144430,0
3775,1
126604,0
75471,0
75327,0
57804,0
44481,1
131898,0
59672,0
150267,0
149462,0
124062,0
130884,0
19456,1
130989,0
123228,0
34927,1
7402,1
71341,0
135673,0
29425,1
19520,1
13545,1
146924,0
30940,1
24348,1
132303,0
43324,1
47994,0
125825,0
33288,1
5247,1
21375,1
111063,0
28847,1
143306,0
109210,0
12682,1
99191,0
56043,0
14387,1
114856,0
61755,0
123020,0
108275,0
116069,0
27079,1
134583,0
102537,0
89905,0
112108,0
62608,0
26997,1
45928,0
17848,1
38954,1
26039,1
139908,0
69114,0
6700,1
102927,0
136181,0
129950,0
64851,0
37922,1
156872,0
67108,0
106160,0
96020,0
72892,0
137856,0
141743,0
12211,1
80509,0
87861,0
103481,0
37421,1
58892,0
58114,0
57359,0
64918,0
48787,0
47115,0
43989,1
141660,0
36409,1
144341,0
108851,0
46488,0
122497,0
16271,1
142723,0
46716,0
16442,1
12038,1
41052,1
101188,0
56701,0
101412,0
25138,1
36709,1
13490,1
11176,1
112419,0
73080,0
57382,0
64700,0
3744,1
68400,0
105350,0
110213,0
130355,0
140899,0
125433,0
147493,0
116284,0
122363,0
127139,0
66218,0
81327,0
58215,0
25205,1
32759,1
140353,0
127021,0
123971,0
137830,0
27225,1
13468,1
10645,1
102728,0
57463,0
87907,0
46418,0
38841,1
133988,0
144301,0
25524,1
129701,0
141854,0
19473,1
101452,0
73301,0
30378,1
707,1
156159,0
145915,0
44540,1
5687,1
62670,0
43740,1
82361,0
70542,0
150696,0
59717,0
115766,0
104092,0
78648,0
154863,0
15625,1
85358,0
139383,0
30644,1
154953,0
103464,0
42249,1
39321,1
48842,0
68651,0
6601,1
146323,0
139628,0
128163,0
75721,0
54495,0
152372,0
6733,1
25492,1
110536,0
120641,0
46814,0
100377,0
38506,1
103185,0
8453,1
28055,1
54763,0
101082,0
81380,0
5867,1
52668,0
61079,0
130640,0
107015,0
110010,0
34276,1
104701,0
51135,0
109598,0
128191,0
119150,0
99490,0
88691,0
158254,0
11982,1
106795,0
98163,0
49280,0
13065,1
56017,0
89854,0
132539,0
141845,0
139089,0
93808,0
47205,0
114970,0
78671,0
120230,0
131360,0
42149,1
28786,1
75391,0
101255,0
135214,0
27724,1
29662,1
87761,0
68337,0
136930,0
109216,0
76446,0
140053,0
89638,0
18555,1
66637,0
54851,0
132270,0
5424,1
50832,0
19238,1
81614,0
140605,0
157394,0
24505,1
146802,0
38439,1
61931,0
156668,0
124759,0
86862,0
86612,0
108761,0
141561,0
101344,0
5857,1
153931,0
129784,0
33641,1
72704,0
31565,1
105903,0
93736,0
132620,0
66188,0
123788,0
116369,0
137894,0
98061,0
92195,0
108526,0
79041,0
37667,1
63684,0
17093,1
50643,0
138827,0
36637,1
74827,0
60237,0
136931,0
119241,0
74494,0
118177,0
128732,0
27073,1
51141,0
45170,0
72512,0
5270,1
145123,0
51931,0
124316,0
157451,0
130508,0
51305,0
24105,1
16154,1
86908,0
27301,1
150256,0
113568,0
76171,0
27627,1
10256,1
34063,1
47510,0
20218,1
54809,0
5623,1
110613,0
15202,1
552,1
11500,1
132739,0
10527,1
28198,1
149895,0
2994,1
473,1
48781,0
113611,0
7564,1
26574,1
159639,0
59994,0
114793,0
133782,0
121294,0
68091,0
87042,0
29860,1
129144,0
105333,0
59751,0
127668,0
4752,1
26677,1
124630,0
67256,0
19746,1
136556,0
35531,1
130372,0
80889,0
69229,0
101593,0
82412,0
127872,0
15019,1
34123,1
83731,0
29841,1
124699,0
100867,0
5778,1
59539,0
67581,0
122375,0
143664,0
29827,1
136389,0
37505,1
136548,0
36729,1
83907,0
143493,0
50964,0
47719,0
148097,0
92531,0
1469,1
63646,0
89762,0
90345,0
49916,0
24742,1
129958,0
66497,0
101946,0
145963,0
1689,1
43646,1
100998,0
151513,0
8933,1
148054,0
83348,0
136054,0
4397,1
107084,0
24471,1
26478,1
78401,0
146934,0
72256,0
126838,0
111979,0
116961,0
122489,0
52782,0
95578,0
92957,0
13171,1
19646,1
38287,1
8308,1
34795,1
54250,0
79470,0
54755,0
24611,1
7562,1
105851,0
139597,0
122139,0
51639,0
132427,0
125414,0
49066,0
87637,0
106539,0
83179,0
46492,0
98382,0
18706,1
85371,0
130069,0
39460,1
9624,1
20124,1
143706,0
15012,1
11819,1
31864,1
80526,0
15992,1
88501,0
85711,0
33320,1
106693,0
77221,0
82010,0
109301,0
33129,1
124976,0
135394,0
136053,0
20634,1
68045,0
89539,0
98161,0
152852,0
15357,1
134120,0
140037,0
69879,0
77519,0
115949,0
121726,0
52651,0
82656,0
33503,1
85565,0
128443,0
104200,0
43038,1
6032,1
104730,0
24961,1
90303,0
57407,0
145517,0
26566,1
44704,1
97735,0
57363,0
148994,0
150409,0
71225,0
105941,0
279,1
22593,1
142420,0
135348,0
143574,0
52838,0
56595,0
116595,0
149436,0
41883,1
82435,0
91698,0
143399,0
87319,0
95800,0
33550,1
74855,0
51355,0
140933,0
71204,0
27693,1
148107,0
8644,1
157510,0
21588,1
133007,0
35048,1
78572,0
61217,0
124604,0
142163,0
29291,1
107398,0
48072,0
40637,1
46762,0
89679,0
20099,1
50828,0
24973,1
10185,1
129827,0
57180,0
91059,0
65729,0
21443,1
107670,0
107219,0
111161,0
32052,1
39620,1
45481,0
91573,0
95225,0
104772,0
34030,1
71399,0
24245,1
64026,0
130207,0
25650,1
144888,0
21979,1
19147,1
50576,0
34201,1
153108,0
113325,0
147748,0
35671,1
148969,0
57023,0
155152,0
47998,0
101717,0
57060,0
54071,0
144082,0
48102,0
60006,0
105232,0
20721,1
139792,0
96611,0
138762,0
153771,0
27958,1
35440,1
26759,1
62029,0
97457,0
135991,0
74986,0
131003,0
57054,0
124585,0
133959,0
37507,1
152659,0
38577,1
135099,0
27597,1
90409,0
29203,1
125042,0
148053,0
77349,0
112282,0
5190,1
105976,0
46122,0
870,1
90293,0
16802,1
44301,1
47202,0
119403,0
74793,0
106672,0
57528,0
29486,1
48941,0
129124,0
116551,0
131608,0
142050,0
29683,1
145468,0
92246,0
146926,0
84489,0
63191,0
93781,0
29215,1
134468,0
24854,1
137636,0
38067,1
137865,0
76112,0
142507,0
7045,1
74243,0
96882,0
64825,0
118519,0
21278,1
56591,0
30296,1
93002,0
40143,1
157183,0
27603,1
107946,0
65942,0
16726,1
92333,0
2296,1
134490,0
18144,1
16561,1
140684,0
103385,0
21563,1
147342,0
120088,0
31503,1
157076,0
115158,0
21868,1
79588,0
121482,0
114637,0
22002,1
25508,1
114155,0
95255,0
126065,0
43814,1
134380,0
62994,0
60547,0
157590,0
60533,0
154364,0
79166,0
9876,1
5031,1
85177,0
111219,0
49287,0
63703,0
31137,1
65730,0
127534,0
86824,0
111988,0
95978,0
67039,0
121346,0
15278,1
157596,0
102364,0
147751,0
76110,0
112779,0
96572,0
12779,1
15558,1
27007,1
115731,0
91549,0
17655,1
147126,0
26973,1
8322,1
84380,0
20864,1
54489,0
107300,0
28206,1
110727,0
150727,0
32563,1
146052,0
109749,0
139426,0
54391,0
95587,0
84269,0
36776,1
110100,0
85245,0
127515,0
153684,0
120226,0
125539,0
21911,1
65478,0
82558,0
33230,1
5923,1
54031,0
22754,1
74973,0
103547,0
23536,1
123317,0
64877,0
57630,0
151774,0
137871,0
136872,0
127457,0
97788,0
102109,0
102916,0
146700,0
50433,0
145951,0
144202,0
63668,0
114842,0
12653,1
70387,0
137421,0
110369,0
31256,1
23715,1
132694,0
124880,0
59431,0
145497,0
106876,0
57592,0
133587,0
87364,0
122413,0
126977,0
147661,0
105988,0
142814,0
153326,0
154704,0
46758,0
150867,0
37630,1
15545,1
72077,0
119053,0
127185,0
77046,0
39774,1
28395,1
85879,0
29102,1
20207,1
89466,0
70988,0
8779,1
29281,1
37375,1
56274,0
155946,0
51397,0
1979,1
123421,0
86405,0
31148,1
66308,0
31495,1
66603,0
16908,1
46294,0
42958,1
106825,0
130433,0
21788,1
71344,0
12440,1
115485,0
51753,0
121579,0
28865,1
98186,0
52430,0
56108,0
34358,1
135001,0
153560,0
11463,1
113055,0
88166,0
156217,0
87716,0
36330,1
27349,1
13699,1
93378,0
21178,1
81399,0
63774,0
29919,1
109265,0
135050,0
42333,1
52886,0
108689,0
127596,0
90861,0
101523,0
19443,1
75330,0
107406,0
152673,0
101625,0
144858,0
96357,0
101569,0
75832,0
142655,0
156884,0
32241,1
72,1
57518,0
87676,0
29595,1
105136,0
22646,1
136432,0
27231,1
4999,1
16343,1
31580,1
106023,0
14153,1
45521,0
34082,1
44014,1
1512,1
61917,0
157610,0
21994,1
19050,1
104858,0
74968,0
100400,0
88665,0
45315,0
126985,0
64034,0
147851,0
127859,0
551,1
79907,0
62544,0
23043,1
39785,1
94550,0
3086,1
28723,1
46195,0
145811,0
27710,1
41639,1
49388,0
61834,0
84100,0
141421,0
72961,0
48466,0
110076,0
55489,0
55678,0
94413,0
117213,0
105316,0
38678,1
69592,0
1357,1
139487,0
111925,0
46630,0
55621,0
66205,0
53817,0
129419,0
84717,0
104273,0
104798,0
159040,0
55968,0
21770,1
137274,0
126760,0
7376,1
79203,0
45687,0
66257,0
144009,0
37530,1
89321,0
137650,0
140858,0
101685,0
135058,0
50251,0
71321,0
63212,0
134630,0
57598,0
85213,0
139985,0
135605,0
78650,0
37387,1
100036,0
132667,0
97320,0
105297,0
116373,0
69541,0
146619,0
42639,1
140656,0
110185,0
149728,0
138605,0
93438,0
54756,0
145691,0
101554,0
121723,0
15428,1
12528,1
59534,0
19136,1
128495,0
154647,0
97597,0
159721,0
133163,0
154063,0
95524,0
104038,0
101719,0
98242,0
49791,0
57755,0
138107,0
87657,0
117544,0
68723,0
10930,1
115604,0
70319,0
78623,0
78896,0
70532,0
112935,0
85819,0
49773,0
155534,0
145663,0
138633,0
135818,0
92070,0
121121,0
137760,0
88975,0
131816,0
78122,0
52425,0
115967,0
56072,0
97836,0
51162,0
139802,0
39522,1
107124,0
35164,1
152943,0
50702,0
58575,0
11031,1
64446,0
100563,0
48633,0
114283,0
85974,0
101355,0
53429,0
44492,1
73054,0
37697,1
10443,1
145897,0
55855,0
50067,0
141440,0
58652,0
110367,0
116913,0
122056,0
114046,0
121885,0
148777,0
15337,1
400,1
140716,0
53171,0
13193,1
23226,1
49789,0
124897,0
88795,0
97884,0
140970,0
94892,0
100482,0
93454,0
3518,1
145323,0
49044,0
151767,0
154072,0
106826,0
106484,0
8748,1
21657,1
109089,0
102873,0
25988,1
15868,1
72263,0
50062,0
38453,1
57826,0
154740,0
7136,1
28449,1
92609,0
143755,0
29057,1
47566,0
5858,1
52193,0
65308,0
42228,1
22796,1
33746,1
121104,0
79548,0
123034,0
66139,0
73930,0
7043,1
115998,0
113607,0
113359,0
59805,0
114965,0
128699,0
151179,0
71386,0
94873,0
77696,0
99079,0
52591,0
102004,0
34772,1
108257,0
145597,0
7109,1
64390,0
91525,0
34822,1
45995,0
79636,0
144044,0
125705,0
98934,0
31913,1
111742,0
152624,0
146471,0
48220,0
141,1
30446,1
36481,1
119883,0
28670,1
150386,0
72675,0
23755,1
56616,0
114319,0
54673,0
101917,0
48690,0
77747,0
56704,0
74273,0
105653,0
12679,1
85541,0
114979,0
44300,1
62886,0
118435,0
67379,0
71118,0
2382,1
26055,1
86696,0
110724,0
139427,0
104918,0
18618,1
55133,0
103024,0
50482,0
84497,0
146612,0
150785,0
42033,1
122978,0
157111,0
64265,0
126289,0
16327,1
81610,0
78981,0
2951,1
77756,0
14783,1
62570,0
58886,0
70940,0
141406,0
88879,0
96775,0
65578,0
60815,0
126047,0
25394,1
99619,0
97376,0
1045,1
108431,0
155638,0
103284,0
61634,0
123469,0
31077,1
136799,0
70224,0
55895,0
152550,0
18398,1
7298,1
119423,0
142793,0
134481,0
113326,0
120024,0
136294,0
124324,0
12208,1
32684,1
43512,1
1650,1
57444,0
89484,0
147232,0
110205,0
130250,0
67657,0
124134,0
38100,1
32971,1
93607,0
151510,0
20659,1
139665,0
53670,0
91898,0
157400,0
157272,0
101689,0
92306,0
40541,1
9267,1
117735,0
68239,0
122084,0
23729,1
36066,1
70847,0
42391,1
99754,0
80049,0
111939,0
137334,0
135993,0
86149,0
79805,0
57922,0
36341,1
77990,0
14556,1
157587,0
62632,0
72494,0
41649,1
14825,1
86523,0
71489,0
7527,1
61221,0
156185,0
113310,0
30372,1
123494,0
91392,0
78107,0
105007,0
105592,0
5151,1
131576,0
52815,0
83422,0
132246,0
29822,1
73909,0
138613,0
42063,1
90625,0
115335,0
69847,0
101371,0
93436,0
31454,1
144827,0
130961,0
33691,1
107059,0
139871,0
91387,0
108750,0
123693,0
155588,0
131969,0
71162,0
11423,1
36887,1
46274,0
5394,1
106951,0
97672,0
13020,1
28764,1
31364,1
10867,1
111558,0
98973,0
12010,1
49483,0
118779,0
36690,1
112229,0
157061,0
61450,0
139051,0
42424,1
149062,0
123942,0
44351,1
110841,0
61550,0
146064,0
29145,1
95479,0
64528,0
45200,0
12885,1
137448,0
92807,0
148579,0
26779,1
5491,1
83273,0
135527,0
29898,1
33068,1
33610,1
15555,1
153008,0
13336,1
31860,1
95094,0
80518,0
47184,0
110683,0
155450,0
9021,1
33247,1
83417,0
154923,0
40867,1
21294,1
76029,0
133328,0
98651,0
105743,0
101904,0
52240,0
132485,0
63085,0
76523,0
26985,1
4985,1
58109,0
33269,1
152676,0
91138,0
141238,0
9405,1
100179,0
66410,0
63325,0
37884,1
151377,0
75256,0
25957,1
16223,1
139568,0
28048,1
148735,0
38906,1
124362,0
10502,1
47149,0
57948,0
115803,0
152692,0
140332,0
147995,0
10049,1
54046,0
25004,1
90467,0
101229,0
82975,0
25915,1
85042,0
52192,0
39069,1
124419,0
157737,0
29241,1
21682,1
114706,0
120749,0
13784,1
20000,1
101437,0
27507,1
134768,0
56343,0
117725,0
51356,0
74228,0
56425,0
36873,1
48505,0
41974,1
34483,1
17062,1
107156,0
2483,1
46364,0
88486,0
42691,1
9557,1
126089,0
73867,0
72543,0
137854,0
108796,0
51264,0
122281,0
97832,0
53841,0
154578,0
156330,0
4401,1
109962,0
43591,1
66567,0
141461,0
65077,0
13994,1
69441,0
73237,0
92046,0
121804,0
49052,0
143194,0
154878,0
59477,0
26488,1
110797,0
23075,1
89162,0
1444,1
66653,0
127953,0
114529,0
83713,0
103653,0
118073,0
19006,1
5810,1
138318,0
24737,1
123631,0
137267,0
56703,0
17336,1
101963,0
45202,0
50541,0
80150,0
84059,0
12773,1
158597,0
3566,1
28103,1
63233,0
137140,0
99341,0
128371,0
62456,0
70033,0
5487,1
103551,0
119785,0
92916,0
92757,0
143831,0
147893,0
140038,0
147356,0
138632,0
42943,1
108660,0
89970,0
637,1
56417,0
83535,0
17562,1
66910,0
94641,0
19243,1
15104,1
22473,1
41382,1
143696,0
111257,0
123769,0
154825,0
93934,0
134948,0
51797,0
135337,0
61293,0
67954,0
55857,0
137172,0
112731,0
46580,0
110892,0
68307,0
120044,0
47893,0
102829,0
19206,1
66636,0
159498,0
6333,1
122020,0
3331,1
28439,1
149305,0
152049,0
24444,1
80408,0
150583,0
86569,0
42954,1
92909,0
126173,0
135097,0
6027,1
70779,0
73597,0
19862,1
112957,0
127921,0
149190,0
34186,1
3474,1
1120,1
36702,1
29884,1
132424,0
39123,1
3666,1
143934,0
15776,1
104868,0
5627,1
26827,1
79101,0
35501,1
37300,1
44952,1
153297,0
158167,0
155987,0
52768,0
23877,1
20580,1
29730,1
27697,1
77453,0
125909,0
23487,1
97650,0
54310,0
113856,0
107452,0
47589,0
4083,1
33035,1
113627,0
127875,0
19803,1
10317,1
143421,0
89200,0
8942,1
134984,0
77618,0
117223,0
135600,0
5741,1
23961,1
6850,1
133200,0
156495,0
64162,0
63218,0
14046,1
95378,0
147924,0
55316,0
72953,0
119318,0
17851,1
97643,0
67360,0
86367,0
141405,0
30604,1
129791,0
53336,0
145673,0
127656,0
122437,0
75760,0
34632,1
50549,0
62968,0
118339,0
154873,0
129888,0
13675,1
131228,0
152899,0
28269,1
113115,0
101524,0
114533,0
69327,0
24721,1
6476,1
59835,0
4351,1
22095,1
69162,0
16481,1
95149,0
149731,0
146225,0
47118,0
25258,1
137164,0
77263,0
96968,0
41980,1
138897,0
70829,0
94255,0
71830,0
125486,0
11394,1
53703,0
109230,0
126113,0
103192,0
106823,0
117166,0
80600,0
145846,0
71747,0
156811,0
146231,0
87311,0
111356,0
104496,0
149698,0
28000,1
141449,0
156319,0
10815,1
124322,0
94438,0
113672,0
129699,0
19597,1
146026,0
137984,0
141446,0
35466,1
87606,0
42401,1
3348,1
23908,1
47457,0
20053,1
125494,0
92828,0
8596,1
97789,0
134536,0
155159,0
33743,1
152512,0
57117,0
63302,0
143245,0
138267,0
12151,1
10551,1
158892,0
79260,0
76373,0
145579,0
142324,0
35496,1
65289,0
119006,0
142859,0
43537,1
112729,0
10379,1
108629,0
39541,1
35446,1
1527,1
106505,0
81171,0
23716,1
100441,0
143361,0
48648,0
37356,1
153151,0
29559,1
96771,0
45424,0
79817,0
65060,0
149241,0
36522,1
96427,0
73736,0
100446,0
7901,1
59988,0
56034,0
48663,0
131982,0
47801,0
145050,0
8565,1
143302,0
44778,1
85714,0
94681,0
109508,0
94143,0
65429,0
67409,0
110474,0
28990,1
29259,1
140322,0
117780,0
33529,1
144760,0
104458,0
82602,0
151905,0
2955,1
39318,1
30702,1
112112,0
126332,0
148902,0
137071,0
42931,1
22485,1
12159,1
145657,0
149841,0
89303,0
85658,0
14863,1
67475,0
51065,0
54449,0
11207,1
87580,0
18676,1
105684,0
19576,1
17639,1
136254,0
114292,0
45970,0
111098,0
55111,0
159504,0
112485,0
104077,0
14846,1
11393,1
23789,1
113305,0
60091,0
109231,0
8895,1
66420,0
143103,0
97370,0
110693,0
41694,1
142247,0
33249,1
61008,0
63186,0
47921,0
22939,1
56576,0
24841,1
32914,1
47412,0
107916,0
51415,0
76189,0
5419,1
102559,0
53936,0
149658,0
139168,0
144792,0
12614,1
29016,1
105509,0
33077,1
138933,0
124890,0
150963,0
144131,0
106603,0
144921,0
8444,1
151781,0
94122,0
90894,0
117839,0
55356,0
142369,0
7234,1
37044,1
2427,1
138609,0
155972,0
134227,0
23913,1
13052,1
53158,0
110096,0
37272,1
119681,0
54754,0
152454,0
10679,1
34705,1
151285,0
46766,0
137120,0
144856,0
155194,0
157534,0
58034,0
139400,0
7110,1
151867,0
146089,0
114753,0
91319,0
135165,0
99818,0
101623,0
72981,0
31467,1
74987,0
152072,0
38703,1
33634,1
103859,0
114179,0
135672,0
113637,0
28688,1
47650,0
42340,1
74437,0
132177,0
25070,1
99242,0
75069,0
43243,1
89602,0
72369,0
96765,0
79232,0
157315,0
82096,0
85587,0
99372,0
107208,0
155479,0
93649,0
11738,1
75972,0
134014,0
106082,0
8735,1
111457,0
101665,0
89500,0
135712,0
18867,1
107978,0
129835,0
61864,0
80161,0
81635,0
55444,0
1515,1
127543,0
39643,1
50255,0
70849,0
158271,0
116507,0
32836,1
86337,0
50829,0
65343,0
144296,0
158807,0
40774,1
120582,0
101172,0
94276,0
91568,0
154060,0
10221,1
95884,0
79682,0
43958,1
69249,0
64027,0
83163,0
74833,0
88594,0
53296,0
78852,0
24294,1
91384,0
56841,0
158197,0
53834,0
88741,0
77658,0
41250,1
112323,0
154510,0
101078,0
12350,1
41750,1
49688,0
95118,0
8402,1
56332,0
42512,1
53718,0
88442,0
68559,0
113939,0
42111,1
283,1
134821,0
47684,0
156670,0
35227,1
51746,0
153636,0
144395,0
56925,0
57997,0
79525,0
69768,0
120666,0
86660,0
25916,1
108454,0
75655,0
110564,0
21031,1
94321,0
147539,0
117799,0
3984,1
155889,0
49241,0
63949,0
128950,0
70600,0
51432,0
114972,0
148469,0
131905,0
62051,0
19387,1
153642,0
143048,0
97350,0
80019,0
37904,1
132363,0
124912,0
68571,0
157184,0
104681,0
64014,0
93474,0
73177,0
149557,0
25172,1
32550,1
108354,0
137933,0
53344,0
144021,0
36912,1
66969,0
111950,0
91783,0
152207,0
66860,0
104763,0
153194,0
62173,0
58051,0
137791,0
55699,0
67133,0
61485,0
60284,0
46517,0
87190,0
77702,0
128039,0
50753,0
8241,1
142433,0
28770,1
144647,0
155451,0
150011,0
78699,0
8140,1
25435,1
49924,0
36130,1
68255,0
20363,1
82857,0
82061,0
87290,0
100677,0
11717,1
34920,1
130942,0
36072,1
49982,0
82213,0
114773,0
132478,0
88360,0
36695,1
56334,0
53047,0
50281,0
5894,1
33148,1
106110,0
37420,1
75744,0
134595,0
144124,0
5356,1
71070,0
119988,0
147072,0
137816,0
120168,0
114601,0
20352,1
61595,0
11291,1
67298,0
105330,0
74342,0
5376,1
86195,0
110995,0
48888,0
84122,0
129981,0
138289,0
145591,0
38359,1
118740,0
45293,0
80752,0
37619,1
43530,1
143641,0
148312,0
116467,0
32842,1
36920,1
149964,0
60204,0
84766,0
78589,0
98542,0
107616,0
42810,1
92999,0
87886,0
58646,0
59778,0
6564,1
70858,0
118373,0
113789,0
52454,0
124550,0
40359,1
24884,1
13738,1
103068,0
92676,0
130072,0
143193,0
58411,0
3955,1
15641,1
15816,1
114389,0
30184,1
64711,0
455,1
117507,0
78445,0
46707,0
23304,1
137062,0
95707,0
157764,0
91110,0
45830,0
95450,0
102368,0
130186,0
31352,1
71213,0
131569,0
28605,1
144299,0
64563,0
128648,0
29929,1
140792,0
4461,1
67867,0
101150,0
20326,1
118429,0
22787,1
157696,0
123973,0
10084,1
115724,0
132657,0
11118,1
139763,0
128224,0
80154,0
96156,0
135003,0
27271,1
122477,0
49279,0
55423,0
61868,0
57146,0
103366,0
29119,1
2575,1
150196,0
121675,0
1158,1
111941,0
110695,0
97306,0
141686,0
116686,0
107000,0
45266,0
136118,0
58710,0
2116,1
138005,0
141750,0
51447,0
1162,1
4611,1
100880,0
27532,1
137596,0
116392,0
151616,0
78361,0
59079,0
47890,0
3239,1
18104,1
153112,0
47525,0
7039,1
7605,1
120585,0
111696,0
42198,1
44823,1
150352,0
69526,0
141193,0
37902,1
23800,1
40236,1
25972,1
125004,0
153466,0
15918,1
79846,0
137283,0
140662,0
48364,0
121179,0
16000,1
42529,1
128244,0
43982,1
21261,1
76059,0
150520,0
73068,0
102675,0
124597,0
125329,0
47282,0
21050,1
79290,0
112959,0
37204,1
37955,1
158844,0
57959,0
124219,0
21881,1
32152,1
92032,0
103083,0
114369,0
128364,0
155864,0
134215,0
663,1
32924,1
103000,0
159207,0
60458,0
123083,0
151378,0
37357,1
60548,0
20324,1
95761,0
10763,1
59286,0
4441,1
8200,1
129902,0
125180,0
123206,0
35681,1
133251,0
114623,0
10497,1
128765,0
60655,0
30700,1
93209,0
38235,1
100597,0
77298,0
83194,0
32014,1
28189,1
14809,1
143813,0
132847,0
50346,0
124422,0
92632,0
18775,1
42820,1
100981,0
112352,0
92917,0
59986,0
132709,0
45192,0
159316,0
12432,1
148184,0
68662,0
131460,0
6664,1
32449,1
74597,0
50029,0
133225,0
134324,0
91952,0
25533,1
59049,0
91672,0
14630,1
81414,0
72252,0
61498,0
20823,1
34966,1
58303,0
24733,1
6652,1
106865,0
129204,0
136155,0
113952,0
119352,0
103349,0
127193,0
150297,0
17516,1
8162,1
135141,0
19775,1
8726,1
127919,0
14231,1
111963,0
63860,0
154843,0
91550,0
25484,1
20021,1
6251,1
99900,0
83441,0
158909,0
39142,1
72089,0
38395,1
16494,1
45281,0
81761,0
16517,1
132368,0
115553,0
126806,0
42234,1
91486,0
74477,0
66336,0
19097,1
102168,0
107203,0
40038,1
121817,0
116697,0
123946,0
62731,0
131729,0
13439,1
155615,0
158453,0
116298,0
80189,0
134476,0
15743,1
144527,0
87555,0
17735,1
29052,1
36437,1
9270,1
97439,0
49833,0
32824,1
10987,1
32609,1
30921,1
129083,0
23816,1
147599,0
16702,1
139696,0
51366,0
101827,0
123263,0
122217,0
132167,0
34139,1
11876,1
3378,1
58668,0
57204,0
18973,1
50981,0
97864,0
128421,0
91546,0
95224,0
116878,0
64279,0
38391,1
67065,0
2158,1
6256,1
41664,1
39605,1
50010,0
34819,1
69211,0
97620,0
31718,1
71566,0
81810,0
144110,0
9425,1
11617,1
104620,0
147906,0
96108,0
49199,0
83931,0
40522,1
7063,1
126582,0
123316,0
2879,1
59100,0
63937,0
82673,0
97205,0
102263,0
22424,1
152090,0
151172,0
128325,0
68701,0
149787,0
11115,1
26042,1
110040,0
35275,1
31851,1
5371,1
9854,1
14676,1
43078,1
110278,0
115638,0
132093,0
67967,0
137468,0
83054,0
70592,0
90650,0
113583,0
33210,1
98310,0
41303,1
35414,1
10336,1
11106,1
69296,0
9615,1
118403,0
130946,0
147128,0
65158,0
147070,0
26703,1
151199,0
122641,0
18615,1
151435,0
120581,0
145504,0
73328,0
123179,0
65414,0
122496,0
45999,0
8290,1
53511,0
123531,0
54585,0
121755,0
94531,0
3252,1
86493,0
40356,1
121180,0
28981,1
89192,0
108176,0
86709,0
98746,0
105896,0
45997,0
19863,1
112104,0
114175,0
19126,1
99253,0
30580,1
156726,0
31624,1
120278,0
115233,0
99162,0
114377,0
75081,0
12825,1
57215,0
74669,0
149212,0
38478,1
78812,0
116598,0
9956,1
99836,0
56790,0
109664,0
97118,0
114090,0
15739,1
59950,0
110442,0
135568,0
97574,0
90043,0
46149,0
43507,1
105585,0
111649,0
98443,0
94043,0
138904,0
35214,1
28806,1
86003,0
134372,0
76064,0
89680,0
116188,0
86028,0
19657,1
30830,1
131978,0
93702,0
49206,0
38243,1
94560,0
75260,0
128482,0
55245,0
106279,0
159683,0
16325,1
21649,1
102359,0
17167,1
61464,0
33302,1
59915,0
107171,0
66097,0
64860,0
6232,1
36483,1
68246,0
77180,0
110364,0
40386,1
151783,0
25919,1
139288,0
59677,0
35560,1
5323,1
6722,1
74897,0
54611,0
109556,0
88466,0
128258,0
134385,0
29370,1
147124,0
146951,0
121798,0
130515,0
121479,0
42736,1
63391,0
125161,0
143997,0
100901,0
129095,0
4130,1
55977,0
131069,0
81291,0
140669,0
22682,1
154610,0
4243,1
46085,0
105017,0
33771,1
126482,0
4487,1
12015,1
53042,0
62696,0
106880,0
69248,0
229,1
62872,0
32156,1
125078,0
21322,1
35372,1
27918,1
105484,0
4361,1
17521,1
14571,1
71693,0
20258,1
62353,0
101223,0
47511,0
75509,0
8886,1
108668,0
133015,0
91744,0
91239,0
153875,0
87475,0
86030,0
21196,1
123256,0
1063,1
75737,0
23939,1
140725,0
137278,0
121043,0
83183,0
34979,1
9465,1
42046,1
130088,0
102084,0
39940,1
49949,0
44856,1
119949,0
80166,0
6655,1
109789,0
17161,1
145700,0
57241,0
120691,0
21315,1
23617,1
30959,1
31357,1
8395,1
33719,1
142095,0
92566,0
40701,1
28327,1
4149,1
139687,0
41655,1
138031,0
29562,1
117124,0
157706,0
33854,1
21151,1
134356,0
5835,1
57067,0
76089,0
2301,1
109466,0
57245,0
1867,1
20446,1
29414,1
45263,0
81478,0
13233,1
39278,1
137126,0
50993,0
16654,1
65657,0
50277,0
113615,0
157929,0
25255,1
136545,0
150918,0
107211,0
4338,1
54834,0
124057,0
134529,0
14367,1
60990,0
94346,0
150820,0
6648,1
66897,0
64236,0
15322,1
57205,0
60849,0
132866,0
131915,0
96088,0
26668,1
11713,1
153667,0
34234,1
66503,0
25671,1
42293,1
95996,0
44108,1
72534,0
31013,1
136227,0
144911,0
117710,0
47916,0
80637,0
101167,0
27330,1
53073,0
56085,0
122414,0
117879,0
152257,0
28193,1
110088,0
76971,0
96350,0
76099,0
124519,0
44153,1
115441,0
69513,0
130127,0
84081,0
45940,0
93760,0
91279,0
107797,0
39596,1
95335,0
14658,1
25434,1
158073,0
45854,0
26734,1
30762,1
48449,0
91153,0
14035,1
3994,1
47980,0
25074,1
60403,0
125622,0
31838,1
6192,1
56063,0
103116,0
136345,0
139104,0
80624,0
41501,1
52854,0
103097,0
95499,0
79579,0
51419,0
141605,0
89951,0
69475,0
34890,1
7866,1
149449,0
149788,0
56268,0
22834,1
39984,1
18250,1
24134,1
155590,0
156714,0
2085,1
60318,0
138550,0
137647,0
85454,0
60997,0
120181,0
97493,0
70430,0
7591,1
82951,0
159755,0
91472,0
4938,1
6565,1
83837,0
45503,0
54222,0
91707,0
78263,0
35065,1
159161,0
136546,0
34272,1
3781,1
9886,1
126565,0
154608,0
47048,0
14429,1
125583,0
148879,0
71675,0
157757,0
8376,1
50731,0
114984,0
130062,0
24063,1
7433,1
21679,1
129215,0
58418,0
40482,1
30222,1
21134,1
5438,1
124446,0
86932,0
92172,0
37437,1
131000,0
83168,0
66082,0
136021,0
7194,1
56477,0
7580,1
116976,0
74049,0
59643,0
151865,0
141106,0
62497,0
78252,0
64437,0
51428,0
136699,0
2512,1
25927,1
112410,0
76307,0
79343,0
11238,1
28932,1
43106,1
27797,1
64377,0
50393,0
111763,0
97715,0
128643,0
121715,0
145925,0
152016,0
53900,0
71630,0
40158,1
65975,0
131611,0
59427,0
150337,0
150549,0
94528,0
49330,0
152129,0
102910,0
105263,0
150508,0
4680,1
117272,0
107304,0
31966,1
33707,1
6772,1
153898,0
48763,0
130120,0
26422,1
5304,1
94440,0
17687,1
140698,0
132051,0
18241,1
23904,1
155978,0
158842,0
19095,1
117393,0
96982,0
8154,1
30023,1
116406,0
61575,0
107657,0
44190,1
55412,0
126478,0
122271,0
9470,1
49673,0
97678,0
41267,1
118517,0
88223,0
42840,1
40665,1
71221,0
84655,0
64876,0
46798,0
27790,1
139108,0
124616,0
154237,0
147162,0
38977,1
16762,1
139103,0
46659,0
68257,0
19485,1
136177,0
101589,0
100915,0
113924,0
91326,0
9681,1
15612,1
244,1
125416,0
147422,0
37362,1
79294,0
132698,0
58263,0
116322,0
122867,0
70013,0
93173,0
78042,0
109676,0
11323,1
54914,0
8567,1
140645,0
116749,0
24001,1
159191,0
82383,0
26388,1
107470,0
155573,0
113536,0
128875,0
17662,1
157256,0
132329,0
148399,0
159029,0
152575,0
29471,1
37718,1
19138,1
136010,0
79100,0
154386,0
24136,1
101979,0
50561,0
88651,0
94173,0
89130,0
89606,0
36339,1
51467,0
87177,0
32004,1
29433,1
56211,0
139289,0
96811,0
114291,0
54661,0
3320,1
141790,0
45378,0
59118,0
45930,0
134033,0
131761,0
150214,0
86425,0
17934,1
56088,0
82225,0
130134,0
459,1
23011,1
90635,0
66571,0
48678,0
45425,0
51146,0
145315,0
26516,1
55760,0
66348,0
99414,0
89877,0
29452,1
9765,1
109367,0
94109,0
3827,1
48135,0
104660,0
6317,1
29055,1
16781,1
135888,0
12835,1
62751,0
65560,0
69950,0
52585,0
62941,0
17304,1
94512,0
123564,0
109937,0
131859,0
59186,0
46193,0
145038,0
15967,1
136897,0
47848,0
133117,0
20072,1
26047,1
54805,0
113151,0
34887,1
88044,0
73403,0
87392,0
76391,0
152849,0
132323,0
125527,0
150987,0
151385,0
2247,1
99564,0
76693,0
125836,0
156521,0
88428,0
110618,0
16741,1
56842,0
144509,0
91036,0
86604,0
24342,1
4354,1
58743,0
41386,1
114213,0
73160,0
148301,0
103172,0
38979,1
52513,0
77674,0
26642,1
55707,0
76255,0
156404,0
79216,0
153395,0
78850,0
149859,0
36068,1
156443,0
119071,0
157209,0
97592,0
49408,0
67968,0
44517,1
135094,0
150125,0
102547,0
17240,1
9282,1
122570,0
83624,0
106606,0
31691,1
93381,0
20172,1
123988,0
105229,0
46894,0
144973,0
99533,0
77198,0
100653,0
79568,0
22767,1
157027,0
68757,0
6711,1
9678,1
6313,1
1032,1
26842,1
104113,0
104456,0
111481,0
22791,1
149746,0
19088,1
89546,0
66473,0
19404,1
91983,0
50735,0
38936,1
42123,1
136335,0
154432,0
111344,0
53238,0
41616,1
128717,0
24815,1
70356,0
78027,0
128812,0
45529,0
17383,1
10490,1
123448,0
158007,0
41581,1
67,1
4246,1
86452,0
3981,1
120561,0
112670,0
9929,1
49439,0
76899,0
66872,0
15864,1
149686,0
93749,0
117186,0
32462,1
107204,0
139575,0
159304,0
43962,1
21447,1
24454,1
91722,0
107608,0
149648,0
13831,1
144736,0
1803,1
79289,0
85427,0
25367,1
69852,0
149054,0
51822,0
71750,0
35235,1
34675,1
124924,0
78647,0
121867,0
25995,1
152600,0
14254,1
15845,1
123851,0
21448,1
30627,1
159523,0
64536,0
137733,0
89949,0
34508,1
135999,0
96313,0
106235,0
148713,0
116134,0
14075,1
13689,1
123009,0
114218,0
145771,0
51641,0
152125,0
51619,0
26546,1
111128,0
152994,0
15462,1
135922,0
104011,0
40413,1
58087,0
88327,0
98815,0
86299,0
74657,0
159263,0
44378,1
82209,0
27404,1
28338,1
78347,0
61183,0
129715,0
56641,0
134260,0
88531,0
69056,0
92988,0
106615,0
59615,0
75495,0
101001,0
69571,0
128839,0
96204,0
22187,1
86688,0
58759,0
68703,0
157972,0
44956,1
103130,0
56999,0
90676,0
36176,1
12142,1
115339,0
74500,0
54815,0
93207,0
122909,0
101304,0
21698,1
36584,1
11948,1
115916,0
40526,1
142080,0
72259,0
62272,0
70904,0
48854,0
139042,0
42813,1
105901,0
25476,1
124969,0
140293,0
32247,1
143751,0
118922,0
89368,0
47672,0
39656,1
33434,1
21212,1
138847,0
103417,0
705,1
158305,0
152118,0
52851,0
159256,0
70502,0
11913,1
46507,0
61496,0
7004,1
49209,0
10717,1
56929,0
49363,0
53072,0
130470,0
64510,0
87913,0
159641,0
48784,0
158349,0
54476,0
62483,0
23899,1
86915,0
129051,0
107624,0
8079,1
34059,1
126706,0
147413,0
73667,0
86949,0
106166,0
134484,0
121005,0
122300,0
22689,1
32720,1
33709,1
3010,1
23888,1
112025,0
94669,0
28296,1
85812,0
86533,0
128277,0
52997,0
43880,1
132548,0
128841,0
117491,0
158783,0
34866,1
72139,0
9164,1
55976,0
157633,0
38823,1
124769,0
26959,1
28968,1
45934,0
123555,0
158138,0
124356,0
124124,0
159273,0
72976,0
52963,0
50461,0
2384,1
79646,0
94116,0
60794,0
60132,0
143723,0
71897,0
144617,0
105967,0
121035,0
51843,0
45583,0
116617,0
89511,0
92659,0
157110,0
69369,0
141815,0
124251,0
71106,0
41412,1
110189,0
62551,0
73393,0
44647,1
116030,0
29123,1
38206,1
73239,0
2933,1
37413,1
16317,1
97844,0
15261,1
106062,0
39966,1
8350,1
107222,0
91471,0
103684,0
41373,1
54688,0
114201,0
64432,0
13749,1
18503,1
38527,1
52684,0
123719,0
141072,0
94218,0
50708,0
84606,0
42961,1
91206,0
60826,0
9795,1
47570,0
7827,1
66966,0
14797,1
73096,0
5800,1
151322,0
78415,0
146407,0
12181,1
31557,1
132406,0
134721,0
51485,0
107419,0
95169,0
103131,0
91081,0
104965,0
24991,1
8338,1
138335,0
1805,1
118063,0
133219,0
63019,0
104565,0
121648,0
32344,1
91368,0
20424,1
12209,1
56176,0
28366,1
4264,1
16602,1
70143,0
10881,1
54751,0
97680,0
48349,0
120477,0
68961,0
62154,0
143719,0
148747,0
49726,0
119043,0
115205,0
3374,1
49523,0
114798,0
108092,0
87594,0
66203,0
63564,0
29462,1
22417,1
140480,0
40481,1
7807,1
27629,1
140496,0
90257,0
90324,0
58278,0
61787,0
83189,0
77995,0
47161,0
92862,0
152763,0
141560,0
113776,0
146196,0
137339,0
98264,0
55883,0
45464,0
142462,0
77480,0
235,1
50238,0
67920,0
12590,1
121405,0
89058,0
141538,0
88797,0
93192,0
159239,0
76012,0
51707,0
155063,0
1503,1
101664,0
47903,0
16558,1
154349,0
119572,0
99837,0
123753,0
77953,0
47477,0
97188,0
155313,0
30145,1
59088,0
126915,0
153169,0
135599,0
148711,0
83502,0
70410,0
92538,0
5880,1
127423,0
145134,0
92435,0
55201,0
110802,0
54002,0
94211,0
144812,0
131871,0
113854,0
7868,1
713,1
30116,1
60949,0
77378,0
12950,1
60963,0
94418,0
37508,1
122457,0
156629,0
67866,0
93621,0
151039,0
37286,1
111884,0
82555,0
138516,0
82224,0
112738,0
76748,0
73704,0
136109,0
40174,1
155112,0
62875,0
11415,1
46899,0
17675,1
33523,1
92369,0
78343,0
142344,0
247,1
144499,0
89646,0
20613,1
125436,0
16974,1
101839,0
137411,0
58333,0
8950,1
157407,0
69067,0
140095,0
47404,0
112766,0
152225,0
17948,1
83717,0
64244,0
44397,1
52605,0
49145,0
17444,1
26058,1
105566,0
114117,0
92761,0
143429,0
24802,1
145831,0
20388,1
106557,0
28555,1
128438,0
24073,1
123475,0
87417,0
137427,0
57605,0
156641,0
149336,0
119004,0
50438,0
131640,0
9819,1
11173,1
27590,1
151422,0
139642,0
86455,0
47607,0
42793,1
94807,0
77864,0
21472,1
146949,0
93785,0
5608,1
88934,0
41629,1
103003,0
114695,0
96035,0
136467,0
72621,0
109845,0
26300,1
77204,0
99496,0
117948,0
81394,0
76756,0
77144,0
55448,0
85235,0
109322,0
104722,0
85101,0
18636,1
25912,1
138545,0
8592,1
121920,0
116062,0
103685,0
49441,0
103293,0
121505,0
47803,0
7519,1
21740,1
91468,0
101031,0
2028,1
72727,0
110332,0
40825,1
62377,0
76061,0
98143,0
75771,0
13581,1
17350,1
44079,1
147717,0
24620,1
6958,1
32073,1
84821,0
113491,0
126925,0
11459,1
143626,0
4761,1
15164,1
103706,0
98950,0
149536,0
33004,1
71633,0
96098,0
77111,0
146933,0
102482,0
76870,0
1610,1
151494,0
147520,0
44937,1
64087,0
55836,0
142684,0
81752,0
40472,1
23291,1
146905,0
148873,0
114866,0
28682,1
159757,0
143578,0
25769,1
137720,0
53576,0
18031,1
106337,0
111130,0
108146,0
65270,0
4572,1
130976,0
57191,0
50478,0
19845,1
71039,0
84560,0
83337,0
34971,1
72211,0
33143,1
140378,0
58794,0
120843,0
128264,0
29264,1
65215,0
71378,0
58658,0
88889,0
673,1
899,1
64907,0
94785,0
42384,1
54079,0
30538,1
118972,0
21878,1
106567,0
64855,0
39932,1
133065,0
56945,0
27938,1
10481,1
51205,0
30696,1
55888,0
74220,0
914,1
7815,1
157901,0
90995,0
62470,0
97450,0
26852,1
74586,0
78363,0
122147,0
38498,1
147525,0
108567,0
61253,0
98013,0
1582,1
41614,1
21803,1
58920,0
41600,1
113785,0
155854,0
110210,0
32387,1
68180,0
147434,0
97857,0
51915,0
52008,0
68143,0
97223,0
130965,0
86554,0
137505,0
102420,0
109406,0
44568,1
148216,0
18493,1
47731,0
156374,0
73483,0
45622,0
15775,1
75680,0
66621,0
108784,0
154450,0
68258,0
72793,0
17856,1
50230,0
78424,0
35988,1
68745,0
31267,1
1838,1
141796,0
75773,0
22522,1
157588,0
34695,1
22784,1
106158,0
56358,0
124577,0
132789,0
150640,0
135426,0
134670,0
46212,0
45667,0
98796,0
138026,0
13272,1
144536,0
44149,1
112010,0
122498,0
3240,1
88487,0
58525,0
49735,0
16820,1
120122,0
103998,0
63126,0
56834,0
152695,0
79585,0
13316,1
86656,0
7490,1
73791,0
118939,0
51814,0
138980,0
67754,0
12998,1
79554,0
111135,0
113052,0
125898,0
58446,0
63878,0
3617,1
102237,0
36849,1
129032,0
94344,0
41933,1
99095,0
111264,0
7305,1
97150,0
44081,1
48200,0
66411,0
80769,0
66501,0
110246,0
93713,0
139151,0
11351,1
96830,0
102954,0
113484,0
58828,0
80703,0
49910,0
24427,1
121011,0
39898,1
65205,0
73453,0
107258,0
87288,0
152880,0
813,1
137380,0
27371,1
11070,1
102810,0
103200,0
84194,0
123878,0
28498,1
41955,1
30668,1
41300,1
35962,1
16919,1
1083,1
133654,0
131622,0
17751,1
726,1
63858,0
60716,0
137796,0
90217,0
99810,0
107537,0
26513,1
141265,0
57834,0
20159,1
108058,0
70530,0
108054,0
9357,1
35025,1
33926,1
74916,0
41016,1
39243,1
114037,0
139708,0
12416,1
6354,1
30274,1
44045,1
150200,0
90713,0
84014,0
46088,0
36688,1
34724,1
100679,0
138430,0
16701,1
73835,0
22524,1
40417,1
9716,1
49082,0
64364,0
122124,0
93143,0
82644,0
149864,0
74821,0
159217,0
129217,0
84252,0
88677,0
31395,1
96901,0
156316,0
52042,0
146702,0
59369,0
87765,0
21592,1
116354,0
26258,1
47354,0
77739,0
16829,1
95700,0
147826,0
37304,1
78335,0
81419,0
114504,0
13947,1
152122,0
84504,0
44158,1
48852,0
54880,0
156310,0
85345,0
36936,1
133907,0
53490,0
122756,0
75040,0
142319,0
145919,0
118390,0
125453,0
96041,0
146133,0
79087,0
156256,0
105474,0
94770,0
22118,1
61375,0
122365,0
21891,1
15837,1
30398,1
100659,0
44988,1
7687,1
95683,0
17416,1
13999,1
54571,0
55110,0
56481,0
78043,0
86427,0
106195,0
118182,0
66584,0
59977,0
103977,0
7316,1
118112,0
117084,0
25829,1
92881,0
38755,1
10995,1
148111,0
123868,0
65970,0
159631,0
108211,0
128160,0
143092,0
37923,1
81708,0
54114,0
18945,1
120252,0
2749,1
127572,0
14716,1
92460,0
18191,1
123273,0
74333,0
9462,1
45497,0
152302,0
86051,0
74470,0
130823,0
96745,0
132160,0
20306,1
47599,0
146942,0
82608,0
97161,0
154609,0
59136,0
142705,0
32343,1
98192,0
32324,1
120312,0
37971,1
19152,1
5602,1
44020,1
140855,0
129978,0
70406,0
56386,0
90868,0
14068,1
104287,0
82519,0
68854,0
109260,0
35322,1
99620,0
20858,1
61641,0
25061,1
86666,0
85566,0
95455,0
109507,0
50283,0
29766,1
98646,0
68451,0
54078,0
92542,0
128429,0
39445,1
28471,1
20492,1
133257,0
124986,0
42962,1
32229,1
44585,1
65870,0
151605,0
68055,0
59542,0
67447,0
40574,1
120118,0
43020,1
11476,1
158606,0
39615,1
145620,0
29776,1
66947,0
24984,1
99264,0
85909,0
115686,0
152167,0
14901,1
146488,0
133870,0
23239,1
36313,1
85561,0
139515,0
138293,0
48893,0
27717,1
37944,1
149990,0
95197,0
40708,1
142600,0
105455,0
36206,1
48028,0
93019,0
44759,1
100154,0
47885,0
142277,0
84017,0
77912,0
2511,1
154477,0
94933,0
7951,1
20758,1
130489,0
69240,0
53959,0
99542,0
73263,0
153057,0
17850,1
23220,1
61960,0
139391,0
79714,0
113943,0
76329,0
88426,0
131060,0
13410,1
50637,0
56520,0
33075,1
95028,0
140794,0
5184,1
107369,0
30264,1
120111,0
91210,0
28490,1
157547,0
141074,0
8488,1
153265,0
55584,0
4601,1
117400,0
39294,1
70815,0
92204,0
84483,0
37647,1
145965,0
69710,0
25636,1
152888,0
77617,0
153508,0
37934,1
111506,0
59920,0
127936,0
158574,0
29271,1
79894,0
98306,0
4410,1
68081,0
114948,0
100791,0
131385,0
65197,0
90864,0
34614,1
65819,0
154032,0
20636,1
23492,1
58358,0
149664,0
9111,1
16586,1
137576,0
134620,0
113979,0
20680,1
151356,0
14289,1
959,1
113261,0
1190,1
79559,0
118086,0
89248,0
60763,0
118665,0
82033,0
115959,0
54567,0
128294,0
11025,1
18740,1
34769,1
132618,0
139979,0
48794,0
134456,0
20983,1
59606,0
115107,0
43693,1
72987,0
47277,0
96877,0
92784,0
151317,0
77757,0
109781,0
139198,0
39863,1
101102,0
96124,0
11069,1
105400,0
30583,1
7657,1
96709,0
111725,0
39797,1
85899,0
72353,0
5611,1
23160,1
38082,1
65960,0
33525,1
153774,0
3634,1
48619,0
74046,0
139706,0
122563,0
148704,0
116956,0
142232,0
13182,1
120375,0
138016,0
41192,1
48795,0
40623,1
141365,0
106347,0
142792,0
118725,0
155106,0
15058,1
156530,0
4434,1
88108,0
87949,0
45112,0
12112,1
61635,0
132173,0
125015,0
109578,0
130193,0
71669,0
100384,0
24687,1
156963,0
48905,0
125926,0
69121,0
55835,0
127966,0
11212,1
71417,0
81891,0
95026,0
71982,0
32202,1
65930,0
127594,0
93512,0
18062,1
133286,0
17266,1
56796,0
92322,0
76241,0
34439,1
153261,0
32177,1
111815,0
54990,0
36143,1
37990,1
25164,1
96064,0
74553,0
53975,0
106613,0
43653,1
157313,0
110324,0
114932,0
97544,0
17860,1
8170,1
16008,1
143173,0
103669,0
30100,1
46123,0
55108,0
98573,0
103776,0
137688,0
129766,0
11551,1
15253,1
158548,0
48479,0
157331,0
132290,0
19994,1
113718,0
157886,0
87509,0
54062,0
124477,0
38177,1
82335,0
41421,1
8798,1
113622,0
134596,0
99125,0
78846,0
62744,0
57654,0
109181,0
23745,1
111583,0
156896,0
151124,0
83047,0
132071,0
59980,0
31549,1
14693,1
42753,1
138047,0
78984,0
154872,0
133534,0
105727,0
155571,0
27130,1
95393,0
81276,0
135101,0
32349,1
93936,0
3385,1
91197,0
6062,1
72312,0
119736,0
3151,1
78973,0
117204,0
12655,1
96070,0
120097,0
84511,0
44927,1
32853,1
20614,1
158623,0
95528,0
73540,0
110869,0
105239,0
17248,1
49201,0
158725,0
14640,1
36610,1
155400,0
46508,0
133034,0
89974,0
129650,0
121214,0
35460,1
107225,0
56197,0
33988,1
156042,0
66726,0
17546,1
113498,0
1972,1
67765,0
16715,1
78141,0
23538,1
44896,1
130849,0
30626,1
16099,1
12231,1
42450,1
75530,0
5049,1
3192,1
98661,0
64522,0
93050,0
33682,1
128288,0
67941,0
358,1
31716,1
71795,0
66729,0
38644,1
12670,1
90958,0
60880,0
11951,1
68281,0
93516,0
145948,0
66347,0
117238,0
113968,0
153199,0
35524,1
15365,1
142249,0
18602,1
7302,1
95191,0
20006,1
38654,1
153473,0
109741,0
143825,0
50955,0
36699,1
66558,0
89734,0
116815,0
94553,0
28240,1
65992,0
2567,1
110783,0
113247,0
130810,0
42548,1
53354,0
145399,0
43150,1
152094,0
802,1
54278,0
29150,1
26268,1
8501,1
12479,1
114947,0
43306,1
56526,0
156664,0
18750,1
127383,0
90,1
76006,0
71105,0
85673,0
54365,0
16415,1
27608,1
120057,0
88026,0
5240,1
65909,0
3757,1
123291,0
152079,0
92905,0
81627,0
130451,0
84405,0
75021,0
85963,0
74277,0
119590,0
141981,0
94011,0
129227,0
61763,0
11488,1
126705,0
67126,0
24236,1
95822,0
127547,0
27179,1
84746,0
51067,0
65254,0
135451,0
108612,0
102747,0
11708,1
99511,0
126974,0
47900,0
51979,0
136094,0
156752,0
51427,0
86983,0
26662,1
81842,0
79239,0
100978,0
13382,1
101840,0
93189,0
88529,0
33716,1
62684,0
143989,0
155467,0
143529,0
105647,0
54024,0
73245,0
101423,0
110378,0
46797,0
78058,0
85041,0
88983,0
134550,0
85502,0
89718,0
93179,0
99036,0
62830,0
130290,0
147436,0
83358,0
85581,0
81150,0
125958,0
18172,1
45555,0
145729,0
38727,1
153116,0
98371,0
91634,0
80448,0
19712,1
314,1
50369,0
37725,1
89983,0
28130,1
150816,0
59404,0
39099,1
34783,1
15950,1
41113,1
16675,1
48495,0
46683,0
114139,0
22480,1
62505,0
40603,1
153196,0
37260,1
97935,0
128844,0
43274,1
83734,0
143698,0
42328,1
64271,0
47740,0
72038,0
67261,0
26664,1
34686,1
127531,0
5613,1
146782,0
39156,1
105157,0
110349,0
148772,0
27586,1
92079,0
29492,1
41746,1
52117,0
35339,1
147981,0
45704,0
56737,0
145277,0
17889,1
49008,0
18958,1
58398,0
104327,0
4152,1
58095,0
108491,0
131691,0
33040,1
126365,0
105176,0
20174,1
60425,0
2149,1
85767,0
102017,0
35587,1
136115,0
96520,0
6688,1
11571,1
59524,0
142128,0
49155,0
80990,0
55814,0
60914,0
51569,0
146528,0
158818,0
118095,0
2911,1
69954,0
155554,0
72254,0
49737,0
17427,1
21407,1
11806,1
51276,0
134835,0
61277,0
155022,0
1511,1
111177,0
147071,0
116549,0
149315,0
48890,0
50217,0
93478,0
50326,0
73819,0
16204,1
149692,0
8074,1
19274,1
147875,0
157994,0
103394,0
31243,1
10232,1
90724,0
12170,1
41314,1
27047,1
52100,0
126283,0
36520,1
60161,0
125883,0
21745,1
90186,0
35412,1
96773,0
122455,0
113690,0
11135,1
6808,1
65583,0
127883,0
67480,0
7201,1
25920,1
73956,0
24163,1
86103,0
47079,0
127445,0
143066,0
109884,0
148612,0
9799,1
15319,1
135547,0
94422,0
67156,0
145646,0
149703,0
159372,0
131486,0
23917,1
80946,0
12139,1
84992,0
41146,1
8072,1
95909,0
124987,0
133750,0
55821,0
12147,1
87218,0
50323,0
156011,0
21105,1
38534,1
21987,1
82918,0
66731,0
126383,0
34792,1
145097,0
85105,0
94326,0
87809,0
33591,1
94347,0
55900,0
127559,0
151863,0
1056,1
132432,0
154676,0
134275,0
1130,1
83640,0
100183,0
145489,0
10179,1
111004,0
86201,0
114843,0
95072,0
731,1
98669,0
37503,1
132930,0
131780,0
75055,0
72506,0
30213,1
96657,0
121978,0
140984,0
136476,0
125865,0
58417,0
50183,0
66930,0
132514,0
16418,1
142704,0
102694,0
118402,0
19251,1
69265,0
119631,0
124554,0
148620,0
95851,0
12166,1
39372,1
53317,0
102661,0
136559,0
22912,1
150962,0
29623,1
25908,1
29340,1
140535,0
107157,0
118658,0
100536,0
69410,0
139320,0
101160,0
53579,0
68447,0
53009,0
59069,0
122405,0
89351,0
146198,0
59326,0
18976,1
134714,0
62930,0
108726,0
88142,0
146149,0
152221,0
122357,0
75532,0
142457,0
127959,0
99873,0
96337,0
8236,1
66741,0
49297,0
115365,0
155206,0
92508,0
55514,0
64816,0
80770,0
137385,0
85447,0
95315,0
85651,0
131874,0
12331,1
26816,1
110822,0
14987,1
104543,0
137416,0
98866,0
81342,0
2195,1
91764,0
117294,0
85832,0
122313,0
127486,0
112833,0
55395,0
138999,0
80521,0
8114,1
88129,0
63719,0
80602,0
158966,0
25372,1
39894,1
17840,1
135499,0
2173,1
152621,0
61400,0
8502,1
96042,0
86373,0
23953,1
88198,0
118739,0
13389,1
130485,0
147734,0
134026,0
141008,0
47162,0
118342,0
35805,1
62310,0
138568,0
39066,1
139641,0
43851,1
50656,0
32109,1
108196,0
96049,0
110678,0
70239,0
9504,1
123155,0
48513,0
33726,1
138829,0
49324,0
147039,0
6491,1
136889,0
106611,0
156633,0
131022,0
5171,1
60375,0
31723,1
53706,0
12772,1
26177,1
105511,0
93260,0
123036,0
123684,0
24582,1
69482,0
113050,0
105493,0
152127,0
51565,0
123241,0
155336,0
123025,0
153599,0
66031,0
25623,1
62069,0
22077,1
117435,0
95697,0
41485,1
77397,0
48707,0
75030,0
118223,0
141654,0
75352,0
24941,1
28368,1
22318,1
143577,0
136203,0
40980,1
150083,0
77753,0
27930,1
23152,1
141706,0
118318,0
16308,1
117872,0
103805,0
138034,0
40371,1
102130,0
135688,0
90015,0
78437,0
149273,0
6699,1
116205,0
72994,0
47824,0
97056,0
107595,0
114946,0
12175,1
106813,0
36858,1
96969,0
16375,1
81776,0
104665,0
77938,0
4235,1
152159,0
101217,0
86035,0
100840,0
20002,1
83362,0
143742,0
158244,0
59916,0
26805,1
153759,0
69757,0
30544,1
105282,0
121137,0
57573,0
18443,1
77042,0
103625,0
2495,1
11599,1
28150,1
33725,1
30647,1
129628,0
99091,0
149988,0
20924,1
84224,0
109728,0
31569,1
73229,0
82926,0
47146,0
44969,1
124305,0
147459,0
147249,0
138387,0
67028,0
133167,0
47499,0
100731,0
110840,0
65524,0
85024,0
6246,1
156471,0
33433,1
108016,0
80390,0
5172,1
8459,1
20347,1
58028,0
113324,0
48561,0
100968,0
54392,0
111451,0
158604,0
35093,1
111188,0
35714,1
51786,0
144083,0
64045,0
131726,0
93849,0
28463,1
13090,1
21125,1
157810,0
30104,1
56728,0
68350,0
42774,1
126788,0
103946,0
77664,0
95298,0
9145,1
98144,0
56792,0
13651,1
37215,1
7752,1
37674,1
119306,0
103902,0
89069,0
56270,0
9479,1
60957,0
125582,0
71774,0
73255,0
43887,1
125443,0
107433,0
21802,1
47114,0
137584,0
22656,1
114672,0
122700,0
49962,0
82582,0
986,1
158281,0
46118,0
151692,0
52172,0
140304,0
145774,0
24605,1
46916,0
128794,0
22062,1
106316,0
22932,1
79078,0
32689,1
149454,0
36213,1
113951,0
151499,0
121504,0
113850,0
42873,1
136202,0
118997,0
21906,1
82544,0
6989,1
87385,0
19280,1
9771,1
120021,0
53856,0
56248,0
65536,0
63931,0
88532,0
77426,0
77809,0
111266,0
140070,0
4181,1
13499,1
26216,1
98914,0
14586,1
47261,0
104095,0
128786,0
125661,0
124588,0
30697,1
86462,0
82142,0
33986,1
146572,0
145226,0
112684,0
44633,1
43541,1
111687,0
15505,1
36092,1
136751,0
122621,0
49132,0
88169,0
11403,1
151740,0
674,1
115641,0
34196,1
50446,0
1809,1
158901,0
59166,0
84275,0
890,1
116443,0
117355,0
65051,0
62087,0
144898,0
16222,1
77159,0
138327,0
92448,0
157538,0
97257,0
67751,0
377,1
75481,0
30746,1
88982,0
135703,0
121155,0
18203,1
46373,0
73873,0
376,1
143327,0
39854,1
45036,1
63298,0
128799,0
127648,0
71887,0
51701,0
38413,1
75690,0
25853,1
66333,0
33085,1
54762,0
90355,0
149866,0
86880,0
65184,0
126975,0
102472,0
155211,0
14971,1
3720,1
35449,1
108273,0
112390,0
123247,0
89106,0
155927,0
1151,1
5739,1
157150,0
97617,0
132469,0
135082,0
74230,0
83245,0
96556,0
150994,0
139277,0
95344,0
13212,1
138203,0
152326,0
112548,0
34957,1
87151,0
128673,0
150920,0
22371,1
70642,0
78980,0
55266,0
51924,0
117264,0
123040,0
94986,0
127367,0
5135,1
64707,0
128185,0
28050,1
78791,0
11057,1
11333,1
39139,1
84306,0
101586,0
34815,1
21566,1
9176,1
148989,0
49642,0
49421,0
108268,0
99166,0
119611,0
142165,0
44133,1
48735,0
11762,1
63590,0
116960,0
92044,0
20016,1
61163,0
113969,0
91021,0
88573,0
24007,1
97914,0
17859,1
26578,1
58635,0
53023,0
136125,0
40005,1
82921,0
64676,0
141378,0
37639,1
11148,1
18753,1
95089,0
19596,1
38155,1
14226,1
55830,0
125667,0
6627,1
70852,0
22061,1
131181,0
146442,0
45304,0
111388,0
135064,0
56297,0
146352,0
11210,1
146357,0
125088,0
117947,0
101539,0
156074,0
118941,0
108465,0
151654,0
31388,1
138820,0
61239,0
157253,0
102495,0
33608,1
95696,0
158687,0
89205,0
147991,0
103681,0
144314,0
26290,1
101898,0
135343,0
72237,0
70392,0
117129,0
89600,0
74698,0
119604,0
151182,0
107085,0
157658,0
128368,0
98614,0
90250,0
60008,0
116140,0
24371,1
66597,0
57462,0
80379,0
96404,0
48999,0
122107,0
19004,1
92864,0
29513,1
126637,0
81783,0
77224,0
101406,0
96343,0
49932,0
141889,0
21775,1
134554,0
128524,0
35312,1
52133,0
134061,0
110737,0
118979,0
97080,0
127113,0
91657,0
93515,0
70007,0
52166,0
140080,0
143346,0
66786,0
30090,1
143880,0
136147,0
114131,0
46137,0
123306,0
34862,1
120228,0
16605,1
72636,0
113452,0
116625,0
13555,1
73689,0
51228,0
141728,0
154958,0
37538,1
2941,1
54928,0
102055,0
55404,0
79057,0
137275,0
51158,0
115940,0
43464,1
125608,0
54283,0
4218,1
25705,1
159081,0
123122,0
103029,0
98729,0
149716,0
27317,1
57090,0
103915,0
29646,1
45870,0
144516,0
102339,0
106294,0
109738,0
132611,0
113973,0
86957,0
149395,0
72058,0
130970,0
96248,0
46007,0
147005,0
46776,0
9242,1
118368,0
69546,0
134235,0
36413,1
39660,1
54591,0
50807,0
54908,0
152407,0
16958,1
23353,1
41097,1
50835,0
59667,0
104715,0
152570,0
22439,1
104450,0
70470,0
105290,0
44832,1
146256,0
152919,0
144997,0
1103,1
9881,1
95998,0
102575,0
119518,0
148833,0
20496,1
104744,0
152382,0
87133,0
3842,1
115822,0
150321,0
122735,0
132635,0
75308,0
22279,1
159723,0
105336,0
146803,0
107234,0
12957,1
116696,0
65252,0
17874,1
37632,1
104566,0
140521,0
111824,0
128427,0
126584,0
132976,0
132408,0
36723,1
31248,1
153269,0
27889,1
143104,0
40552,1
53259,0
31952,1
103549,0
75173,0
156440,0
43019,1
74125,0
127060,0
55512,0
1318,1
52152,0
87605,0
67210,0
40199,1
129931,0
96733,0
88740,0
59976,0
63525,0
36944,1
121654,0
90664,0
146560,0
44408,1
47431,0
30268,1
146042,0
144059,0
64945,0
72880,0
144707,0
16145,1
71947,0
53577,0
10916,1
119503,0
37777,1
27517,1
44304,1
16745,1
46094,0
137669,0
159213,0
14752,1
102772,0
149814,0
31301,1
134156,0
50801,0
39741,1
105352,0
80790,0
130151,0
141051,0
83556,0
43764,1
63287,0
150206,0
102494,0
145748,0
135192,0
108770,0
129533,0
63362,0
84917,0
9871,1
131471,0
7435,1
45285,0
3176,1
129151,0
16942,1
20897,1
9748,1
59344,0
65849,0
138591,0
85231,0
117438,0
41115,1
146719,0
77432,0
125860,0
95936,0
26375,1
57075,0
54797,0
7381,1
150434,0
53420,0
129667,0
70707,0
100807,0
13380,1
149014,0
4105,1
66148,0
107387,0
483,1
155985,0
70231,0
31955,1
46879,0
78396,0
157191,0
132751,0
110486,0
129129,0
9576,1
20041,1
36407,1
12804,1
51507,0
143637,0
32295,1
31703,1
45292,0
47634,0
142716,0
110910,0
6857,1
148718,0
70416,0
147882,0
100806,0
94268,0
49872,0
87546,0
63321,0
50539,0
119898,0
31196,1
136788,0
78810,0
71701,0
128575,0
22115,1
97808,0
31322,1
37935,1
141771,0
114825,0
21454,1
73196,0
42790,1
1655,1
119656,0
25218,1
40109,1
71090,0
91473,0
123680,0
134573,0
106641,0
114515,0
66942,0
153186,0
89873,0
6448,1
74852,0
123554,0
56427,0
72244,0
79162,0
84327,0
47160,0
132505,0
111581,0
11228,1
10907,1
530,1
97128,0
58366,0
143830,0
135574,0
112612,0
45874,0
7397,1
133263,0
17254,1
145285,0
52498,0
131097,0
59850,0
117291,0
32335,1
99228,0
147132,0
157178,0
99251,0
87366,0
70550,0
118554,0
52661,0
27660,1
126532,0
108700,0
111503,0
59390,0
111380,0
93168,0
43890,1
78290,0
80354,0
61065,0
9642,1
56142,0
87313,0
16405,1
35771,1
18736,1
93590,0
133462,0
126550,0
71078,0
122100,0
110396,0
50195,0
86492,0
52093,0
124186,0
29957,1
36896,1
103673,0
19526,1
128506,0
115322,0
82930,0
145101,0
13709,1
129975,0
118636,0
90906,0
155513,0
24423,1
7393,1
33198,1
100672,0
65065,0
76742,0
6532,1
87324,0
107239,0
98724,0
76965,0
123727,0
73471,0
152767,0
74998,0
77140,0
132731,0
71146,0
143836,0
119928,0
42211,1
10556,1
60346,0
23642,1
21489,1
148614,0
12824,1
111204,0
37364,1
31555,1
26016,1
108387,0
62606,0
87460,0
48082,0
122386,0
24523,1
99234,0
121572,0
96017,0
1113,1
103914,0
131300,0
43707,1
86014,0
58559,0
127583,0
90342,0
20861,1
18171,1
157957,0
83906,0
67367,0
149558,0
62820,0
115525,0
12404,1
104836,0
10000,1
39859,1
44518,1
137051,0
50508,0
36329,1
843,1
82302,0
37994,1
588,1
59506,0
24908,1
26525,1
99340,0
26171,1
20380,1
26108,1
122310,0
113495,0
81029,0
37187,1
68064,0
146333,0
26727,1
102012,0
75815,0
45368,0
104172,0
20999,1
127298,0
70844,0
76929,0
101425,0
158566,0
14940,1
135969,0
158108,0
5619,1
110386,0
108512,0
81024,0
36541,1
82516,0
74327,0
45147,0
130583,0
72400,0
91930,0
58741,0
61663,0
19441,1
47418,0
35111,1
62408,0
157805,0
4327,1
87692,0
20819,1
35754,1
74469,0
151646,0
49022,0
69182,0
37451,1
30380,1
116291,0
127661,0
145534,0
151521,0
145541,0
98601,0
68884,0
82537,0
78400,0
31644,1
59010,0
87409,0
99864,0
124072,0
37733,1
49231,0
96588,0
37351,1
131183,0
143127,0
94000,0
69091,0
57845,0
97740,0
20227,1
70949,0
132347,0
32443,1
8466,1
157770,0
45013,1
140105,0
119987,0
152862,0
94778,0
158619,0
105674,0
89386,0
32363,1
86274,0
128922,0
148572,0
94395,0
37757,1
4021,1
75817,0
35374,1
174,1
23753,1
50387,0
108554,0
119031,0
70775,0
151898,0
126053,0
118898,0
139798,0
140229,0
116571,0
126579,0
129310,0
91195,0
137282,0
118801,0
80323,0
132257,0
141836,0
138670,0
128725,0
68473,0
59536,0
84468,0
139988,0
73907,0
105217,0
143068,0
103342,0
21441,1
79404,0
60765,0
137333,0
73983,0
58987,0
69683,0
9198,1
75718,0
61070,0
155594,0
74070,0
38171,1
121948,0
85522,0
133679,0
1523,1
54753,0
138717,0
14076,1
88844,0
82881,0
141130,0
10261,1
128781,0
88783,0
107508,0
159008,0
33053,1
8153,1
156349,0
154527,0
144503,0
151000,0
74620,0
77607,0
114794,0
116951,0
152579,0
122013,0
50880,0
92466,0
7958,1
109202,0
11694,1
125711,0
112214,0
82463,0
73283,0
1738,1
39579,1
16871,1
31309,1
54371,0
51374,0
43358,1
86015,0
154444,0
136473,0
26790,1
111434,0
82595,0
99916,0
153174,0
50058,0
154944,0
79261,0
50751,0
138100,0
141430,0
39552,1
92107,0
11792,1
42042,1
148709,0
157637,0
6727,1
26329,1
150784,0
122094,0
86034,0
140610,0
135860,0
54953,0
89158,0
17540,1
112082,0
125617,0
20745,1
116744,0
154701,0
41832,1
55880,0
61018,0
137060,0
75161,0
119983,0
137042,0
118392,0
36095,1
23136,1
122140,0
77656,0
35864,1
58689,0
56048,0
39995,1
110972,0
76868,0
79836,0
52142,0
144436,0
46223,0
118313,0
78499,0
18674,1
4193,1
138226,0
111067,0
82132,0
78783,0
30547,1
51379,0
148930,0
42032,1
119405,0
13852,1
111350,0
39657,1
47417,0
121514,0
13460,1
8080,1
122403,0
49128,0
1121,1
10223,1
84646,0
92446,0
25499,1
23026,1
77988,0
61407,0
156287,0
119083,0
19876,1
92519,0
72721,0
132180,0
74300,0
153915,0
23187,1
101125,0
111567,0
128000,0
46261,0
10126,1
35389,1
18755,1
75593,0
23858,1
92573,0
21662,1
56923,0
90035,0
17929,1
90200,0
3257,1
46850,0
81959,0
133402,0
135381,0
139390,0
18186,1
156239,0
84781,0
101302,0
119811,0
109929,0
142177,0
28379,1
111054,0
24283,1
109137,0
3468,1
22930,1
122127,0
150081,0
76624,0
131924,0
100123,0
150715,0
130721,0
29022,1
73299,0
86065,0
154401,0
65677,0
74738,0
21431,1
87674,0
88874,0
90362,0
47332,0
53668,0
148553,0
116689,0
33133,1
84551,0
55062,0
38857,1
147628,0
8703,1
138781,0
120782,0
133604,0
61331,0
121895,0
84905,0
76451,0
106519,0
125355,0
85439,0
34156,1
83354,0
130205,0
138268,0
16992,1
115294,0
156060,0
99614,0
142031,0
91022,0
94996,0
142062,0
87844,0
64389,0
16254,1
52219,0
50356,0
88275,0
119439,0
99820,0
64277,0
107954,0
33812,1
4027,1
156300,0
60196,0
50262,0
104213,0
86577,0
79545,0
83208,0
60714,0
103994,0
142513,0
24985,1
124150,0
73198,0
69646,0
92039,0
51125,0
44372,1
75823,0
3575,1
76768,0
66358,0
15802,1
52888,0
152627,0
110020,0
12890,1
10675,1
145348,0
79377,0
34826,1
150038,0
148601,0
39119,1
16452,1
107012,0
64493,0
1824,1
123662,0
73799,0
21051,1
25132,1
45243,0
6147,1
29457,1
57077,0
5789,1
154131,0
112736,0
189,1
132922,0
41170,1
34341,1
36863,1
76454,0
80679,0
121634,0
127216,0
143063,0
15418,1
48815,0
86132,0
101649,0
120385,0
3247,1
101937,0
147368,0
44762,1
157480,0
116867,0
44510,1
23310,1
14414,1
64989,0
14042,1
11470,1
127858,0
123904,0
116296,0
13139,1
101832,0
136885,0
67289,0
26782,1
60382,0
75468,0
122787,0
157961,0
24402,1
102684,0
144926,0
24300,1
73117,0
96450,0
128019,0
108692,0
135548,0
52378,0
53357,0
74326,0
111379,0
63136,0
131707,0
94952,0
141875,0
22468,1
73981,0
29329,1
125074,0
152306,0
138072,0
139843,0
2709,1
136176,0
139728,0
79334,0
116485,0
55731,0
9496,1
102226,0
35461,1
83103,0
158232,0
141800,0
85569,0
74019,0
18098,1
3812,1
74376,0
13684,1
69712,0
106258,0
146021,0
56280,0
600,1
97686,0
58671,0
13311,1
155848,0
3612,1
47712,0
23523,1
24982,1
158970,0
20657,1
104063,0
86088,0
155961,0
57411,0
76596,0
41047,1
67199,0
142186,0
70414,0
69522,0
133515,0
144450,0
7361,1
50506,0
51711,0
45027,1
71534,0
16171,1
15853,1
30705,1
139419,0
15111,1
45538,0
50301,0
51399,0
84151,0
142978,0
70745,0
104271,0
30839,1
138116,0
138314,0
94997,0
57052,0
64686,0
101930,0
116459,0
152904,0
72810,0
27523,1
121353,0
132658,0
141312,0
53353,0
28840,1
61414,0
20653,1
68684,0
95095,0
25955,1
39151,1
18491,1
125198,0
88305,0
57038,0
42489,1
44476,1
117607,0
136411,0
36052,1
133284,0
9367,1
14645,1
140632,0
134757,0
64030,0
125202,0
91273,0
82825,0
64122,0
61190,0
36030,1
33638,1
47521,0
67999,0
112842,0
30216,1
131865,0
38476,1
146372,0
46836,0
158997,0
97428,0
105419,0
64175,0
156970,0
115879,0
79980,0
22513,1
17315,1
157922,0
17764,1
18092,1
21940,1
89843,0
52614,0
96591,0
54675,0
16229,1
105444,0
105364,0
126295,0
50616,0
44423,1
143737,0
110491,0
139230,0
141027,0
129949,0
38028,1
108125,0
28310,1
18004,1
25752,1
48058,0
80822,0
131410,0
136025,0
114396,0
24878,1
91304,0
93276,0
36033,1
5724,1
133301,0
105423,0
27761,1
137554,0
85394,0
106811,0
137999,0
150626,0
146175,0
83160,0
119231,0
106420,0
34678,1
1408,1
145117,0
150971,0
23324,1
434,1
101194,0
69118,0
60052,0
11703,1
152217,0
101800,0
92949,0
102734,0
146620,0
150226,0
33217,1
152531,0
143067,0
93746,0
14708,1
28986,1
130969,0
27367,1
36155,1
143279,0
148947,0
86324,0
130007,0
118670,0
148678,0
18792,1
154466,0
131163,0
129064,0
144579,0
95267,0
133496,0
127220,0
19064,1
56484,0
150251,0
125173,0
132034,0
95407,0
108205,0
75778,0
130595,0
109886,0
98534,0
126160,0
62464,0
94414,0
146806,0
132523,0
114973,0
58695,0
74578,0
9343,1
75900,0
52918,0
96325,0
81076,0
146867,0
126156,0
109268,0
3467,1
36916,1
143041,0
71593,0
146603,0
60909,0
107437,0
129690,0
62542,0
55758,0
51089,0
39997,1
76683,0
58991,0
28064,1
45029,1
115773,0
63714,0
63535,0
8261,1
134453,0
11560,1
85644,0
145543,0
138741,0
107877,0
119212,0
9319,1
46973,0
87372,0
37663,1
107309,0
141203,0
70200,0
28883,1
103245,0
139181,0
4087,1
84584,0
53804,0
80035,0
68093,0
150275,0
95345,0
110616,0
53024,0
51828,0
100694,0
37428,1
30707,1
14175,1
82031,0
31532,1
32797,1
89527,0
16156,1
34410,1
92031,0
139921,0
43510,1
94445,0
120256,0
8145,1
82569,0
83172,0
102607,0
75418,0
92042,0
34044,1
63342,0
30745,1
155926,0
114675,0
101328,0
61104,0
90895,0
62293,0
118255,0
127723,0
132918,0
159127,0
69700,0
46785,0
118246,0
24885,1
20078,1
32809,1
85723,0
83756,0
23680,1
40093,1
28069,1
44867,1
9959,1
75694,0
34008,1
154294,0
142582,0
38569,1
28819,1
109220,0
28277,1
102059,0
57299,0
120229,0
100939,0
127573,0
88492,0
131095,0
80217,0
91825,0
4306,1
48208,0
39449,1
113197,0
74617,0
94401,0
113905,0
38354,1
58420,0
53791,0
80601,0
130793,0
14771,1
58607,0
29777,1
61198,0
143853,0
108711,0
16083,1
33861,1
106589,0
138163,0
135035,0
148618,0
49056,0
26331,1
125972,0
143522,0
55006,0
96003,0
47235,0
154774,0
88955,0
39335,1
109946,0
57989,0
31143,1
133138,0
156208,0
15228,1
37537,1
37303,1
78189,0
46934,0
147201,0
21241,1
139510,0
140250,0
114656,0
16593,1
35206,1
16797,1
113463,0
138756,0
29698,1
53003,0
120789,0
75670,0
66549,0
68030,0
156883,0
92171,0
16793,1
132590,0
84530,0
123393,0
67371,0
159699,0
85730,0
23784,1
112058,0
142770,0
110749,0
63371,0
124839,0
8925,1
18549,1
34634,1
94815,0
97322,0
52575,0
94877,0
112255,0
81312,0
114641,0
50697,0
94964,0
105395,0
142657,0
61385,0
38219,1
137145,0
142579,0
153301,0
142007,0
70302,0
96697,0
71053,0
31116,1
133699,0
127044,0
111391,0
90698,0
98870,0
43239,1
135644,0
90289,0
99856,0
127350,0
148548,0
155872,0
112433,0
23399,1
90975,0
113982,0
33779,1
159766,0
104556,0
18946,1
97724,0
62090,0
84561,0
65150,0
90021,0
87565,0
11289,1
69846,0
59293,0
135075,0
49038,0
51631,0
143908,0
124156,0
100919,0
73184,0
54621,0
112689,0
65411,0
37097,1
101991,0
95050,0
39754,1
92950,0
148445,0
157367,0
29725,1
19198,1
157022,0
132848,0
75275,0
118994,0
107967,0
16358,1
991,1
118582,0
118029,0
3816,1
55277,0
71074,0
60250,0
128945,0
92866,0
30138,1
117754,0
122729,0
159478,0
10738,1
35614,1
121611,0
138284,0
74842,0
58505,0
50426,0
98351,0
123189,0
134017,0
129770,0
2826,1
24029,1
31319,1
141116,0
94106,0
138030,0
48952,0
73782,0
70543,0
158320,0
54190,0
65858,0
6872,1
28039,1
69413,0
20833,1
49719,0
124391,0
28633,1
92200,0
5715,1
122045,0
116110,0
138035,0
19231,1
74525,0
31175,1
98448,0
103058,0
117612,0
37886,1
68941,0
141031,0
122717,0
22624,1
96931,0
145677,0
135006,0
107455,0
71519,0
26564,1
83136,0
47654,0
20162,1
2922,1
133035,0
110298,0
23119,1
113687,0
56396,0
26746,1
145920,0
75882,0
114416,0
156306,0
23485,1
73310,0
113193,0
96925,0
124882,0
128510,0
100721,0
33712,1
32444,1
74386,0
148886,0
43229,1
310,1
131456,0
94468,0
14198,1
108174,0
124178,0
139867,0
68520,0
102502,0
22758,1
35819,1
158261,0
20974,1
145414,0
52019,0
97463,0
89557,0
33027,1
33209,1
155663,0
40590,1
50343,0
25358,1
25437,1
154244,0
14620,1
13039,1
109707,0
27961,1
149204,0
811,1
83849,0
87261,0
90023,0
4348,1
88156,0
147403,0
156381,0
95827,0
109712,0
21224,1
45465,0
2947,1
23793,1
34099,1
111216,0
66145,0
130307,0
110598,0
21869,1
156965,0
19602,1
23739,1
30692,1
15053,1
16798,1
98451,0
2744,1
11039,1
74598,0
78039,0
125137,0
141373,0
141412,0
137863,0
67280,0
123679,0
138624,0
107606,0
71759,0
24468,1
5656,1
124376,0
9312,1
127023,0
115550,0
13429,1
42034,1
72866,0
98843,0
58859,0
66922,0
67093,0
89278,0
346,1
35287,1
114052,0
135601,0
88871,0
10363,1
100717,0
156868,0
143020,0
37515,1
154280,0
122736,0
33601,1
98086,0
125081,0
3491,1
10856,1
28611,1
41716,1
24853,1
39289,1
131373,0
100152,0
117176,0
48926,0
119766,0
144158,0
43456,1
0,1
94084,0
124791,0
46310,0
3928,1
128116,0
45470,0
158805,0
17545,1
63095,0
40458,1
151860,0
158451,0
96936,0
44771,1
120358,0
96746,0
60176,0
122090,0
41102,1
83156,0
9172,1
78129,0
106910,0
59722,0
104520,0
4765,1
64938,0
84950,0
102758,0
55243,0
47151,0
155027,0
38785,1
15839,1
19079,1
101274,0
96068,0
77449,0
151890,0
65452,0
142106,0
20595,1
144938,0
6187,1
25677,1
2456,1
53960,0
14520,1
115262,0
76074,0
66147,0
3965,1
86104,0
5884,1
102008,0
122639,0
17510,1
21545,1
63675,0
5833,1
131943,0
97570,0
514,1
143081,0
140519,0
143537,0
55572,0
131081,0
83050,0
154794,0
114989,0
130506,0
123803,0
53436,0
39531,1
86370,0
28404,1
14008,1
45076,1
9641,1
133493,0
12155,1
85178,0
87225,0
132452,0
16356,1
115637,0
113457,0
130234,0
99525,0
135793,0
101385,0
39793,1
10739,1
36101,1
101454,0
154637,0
61765,0
12968,1
137000,0
54464,0
107464,0
93230,0
22827,1
64433,0
101808,0
140606,0
125408,0
2177,1
85737,0
14898,1
99106,0
152263,0
3135,1
17114,1
22698,1
44688,1
145750,0
94336,0
6589,1
85875,0
21528,1
72857,0
105984,0
158206,0
38258,1
53425,0
111369,0
26486,1
55529,0
76674,0
106837,0
155195,0
121308,0
25317,1
73675,0
86800,0
39248,1
24968,1
49850,0
40844,1
80318,0
92324,0
69131,0
81906,0
123130,0
144599,0
146176,0
27074,1
66186,0
116812,0
8260,1
24584,1
120283,0
126302,0
50066,0
31757,1
77177,0
117965,0
42237,1
148086,0
11664,1
64114,0
77936,0
78687,0
81867,0
8845,1
52266,0
3512,1
50456,0
118235,0
149653,0
8913,1
79091,0
159342,0
60019,0
108088,0
145228,0
159245,0
16963,1
11521,1
103676,0
16845,1
45213,0
122902,0
67844,0
140384,0
133898,0
72717,0
64959,0
23135,1
61162,0
51086,0
100798,0
97137,0
139701,0
132304,0
51692,0
12660,1
135321,0
76233,0
56960,0
134789,0
4703,1
139503,0
16721,1
68570,0
145241,0
133400,0
152867,0
69779,0
103484,0
72665,0
90424,0
153576,0
99845,0
39614,1
130332,0
148717,0
80247,0
75797,0
101825,0
89326,0
66034,0
48037,0
53180,0
46338,0
115639,0
124487,0
74636,0
158814,0
5028,1
33540,1
60417,0
8578,1
146997,0
108139,0
137973,0
132216,0
80702,0
34823,1
31587,1
9628,1
94264,0
143309,0
118168,0
9637,1
84344,0
86712,0
18260,1
144476,0
138062,0
136162,0
107848,0
138976,0
96121,0
75975,0
139276,0
78704,0
35765,1
149223,0
126797,0
102,1
37149,1
35271,1
31111,1
63225,0
63619,0
61091,0
126184,0
19335,1
58501,0
1224,1
114778,0
49752,0
158500,0
158670,0
71270,0
134413,0
42697,1
134074,0
1882,1
12688,1
125691,0
145929,0
85444,0
130586,0
29186,1
146630,0
62040,0
73173,0
25188,1
91854,0
1202,1
88850,0
51679,0
152260,0
4552,1
48778,0
158645,0
21837,1
99018,0
146526,0
113610,0
81128,0
53504,0
30776,1
81890,0
23722,1
155238,0
135334,0
133552,0
71934,0
2498,1
86036,0
79324,0
155674,0
35220,1
8451,1
29337,1
107103,0
63358,0
15913,1
152585,0
129838,0
3860,1
114055,0
157786,0
56398,0
72913,0
136713,0
121827,0
153727,0
93416,0
157448,0
131566,0
14673,1
151236,0
42414,1
92152,0
67052,0
1863,1
96826,0
138068,0
154221,0
68539,0
6295,1
39634,1
136765,0
77725,0
156278,0
85823,0
97014,0
85118,0
115633,0
28059,1
157028,0
150430,0
85322,0
98004,0
135933,0
52666,0
152042,0
118240,0
5088,1
77951,0
155660,0
27891,1
36971,1
14214,1
143835,0
35406,1
2058,1
84403,0
35005,1
50443,0
23766,1
106884,0
68323,0
10641,1
152666,0
139364,0
72966,0
10736,1
104880,0
143668,0
59939,0
110478,0
124160,0
132782,0
135718,0
14190,1
23565,1
22050,1
26281,1
127755,0
126301,0
27965,1
100663,0
118755,0
74804,0
57121,0
158139,0
99650,0
32418,1
103311,0
95933,0
5374,1
124069,0
81196,0
135299,0
50345,0
73462,0
933,1
143078,0
75171,0
63046,0
127782,0
87486,0
81347,0
65866,0
108565,0
13009,1
13303,1
32899,1
59473,0
89765,0
61272,0
35006,1
9664,1
52053,0
101006,0
13825,1
112910,0
106601,0
20794,1
125669,0
35308,1
49607,0
145027,0
139883,0
23301,1
73874,0
100503,0
9227,1
91540,0
18211,1
11950,1
18030,1
14215,1
68932,0
159109,0
148145,0
4315,1
143439,0
85181,0
38514,1
116641,0
25545,1
35403,1
24696,1
139095,0
133544,0
153343,0
33619,1
105994,0
119237,0
149627,0
98026,0
132640,0
9559,1
98331,0
128606,0
34390,1
159272,0
39852,1
44555,1
128428,0
2752,1
42116,1
131246,0
50733,0
155239,0
75850,0
53430,0
15341,1
124264,0
27946,1
16727,1
119207,0
158976,0
123665,0
70729,0
95132,0
129783,0
136413,0
36901,1
85726,0
141852,0
14498,1
30400,1
53953,0
159487,0
32193,1
82281,0
115220,0
50390,0
103086,0
50458,0
90436,0
87457,0
67415,0
1677,1
98887,0
92129,0
119843,0
31386,1
102145,0
156771,0
17239,1
59103,0
41892,1
99177,0
68550,0
128959,0
81623,0
40224,1
82895,0
39029,1
30061,1
104799,0
38723,1
34278,1
60366,0
12956,1
6839,1
81372,0
153376,0
2852,1
56375,0
156772,0
134647,0
8657,1
108288,0
80117,0
150370,0
17155,1
110531,0
143576,0
52559,0
127461,0
60913,0
104508,0
67933,0
54328,0
81588,0
46502,0
95182,0
157097,0
60209,0
72894,0
71643,0
58888,0
27687,1
131306,0
153564,0
43093,1
10895,1
49630,0
56719,0
154892,0
117296,0
83505,0
23039,1
47760,0
75163,0
15382,1
55986,0
135286,0
129135,0
151048,0
80012,0
148345,0
141634,0
6986,1
109706,0
73528,0
139538,0
34102,1
36475,1
53895,0
38044,1
159194,0
29868,1
137639,0
16016,1
150313,0
37691,1
74371,0
106185,0
142133,0
85191,0
26227,1
124846,0
125028,0
154453,0
4692,1
97889,0
63622,0
93338,0
34674,1
105998,0
151011,0
110102,0
26719,1
11390,1
119597,0
147890,0
158390,0
131162,0
34945,1
4700,1
104379,0
28073,1
42935,1
158531,0
119201,0
56735,0
23221,1
20246,1
10409,1
103189,0
46971,0
98652,0
43696,1
119776,0
77731,0
26495,1
101688,0
29307,1
12438,1
92225,0
93851,0
64368,0
104952,0
129057,0
105393,0
61732,0
58998,0
66765,0
24845,1
13441,1
140711,0
16133,1
84345,0
57785,0
41051,1
48902,0
41279,1
79899,0
69720,0
139660,0
94365,0
91850,0
35505,1
43746,1
93412,0
38952,1
37806,1
36063,1
140582,0
100666,0
65772,0
102949,0
32303,1
119163,0
81971,0
130632,0
150425,0
147095,0
55930,0
68298,0
17529,1
31242,1
105363,0
148300,0
5762,1
107880,0
110081,0
66956,0
75195,0
26330,1
94132,0
51038,0
125514,0
57787,0
45822,0
67310,0
23725,1
137422,0
60044,0
146287,0
152381,0
36042,1
66629,0
126139,0
48736,0
26939,1
80568,0
33365,1
93678,0
124862,0
101941,0
43437,1
110004,0
44630,1
152025,0
83437,0
130812,0
132758,0
52214,0
86327,0
97768,0
34732,1
150160,0
93312,0
66502,0
82286,0
61551,0
10238,1
50492,0
56829,0
69116,0
142998,0
57047,0
28902,1
82968,0
141756,0
21198,1
59442,0
75722,0
72608,0
112610,0
98170,0
104808,0
36895,1
60559,0
70113,0
72326,0
79249,0
9054,1
18037,1
53050,0
82248,0
50563,0
158447,0
99370,0
84689,0
13858,1
3322,1
106789,0
51246,0
130584,0
123239,0
1325,1
132296,0
156910,0
134720,0
149425,0
15820,1
109115,0
130527,0
88522,0
12709,1
8190,1
97344,0
142020,0
9643,1
75706,0
60948,0
43627,1
20735,1
95442,0
91214,0
78176,0
94289,0
37224,1
44900,1
92781,0
118854,0
27688,1
54597,0
86770,0
139956,0
154079,0
87508,0
2717,1
143718,0
68303,0
43765,1
155617,0
75153,0
83749,0
71737,0
46300,0
63406,0
34261,1
149205,0
21371,1
74755,0
147962,0
151664,0
131157,0
141608,0
147749,0
13444,1
20736,1
85062,0
86228,0
91734,0
85495,0
14185,1
136694,0
58011,0
128367,0
95788,0
158937,0
13255,1
143423,0
121902,0
119115,0
61461,0
150402,0
53850,0
3561,1
82944,0
139252,0
67848,0
159386,0
93957,0
142847,0
152384,0
1496,1
121306,0
139683,0
62621,0
33396,1
5620,1
14505,1
34215,1
125773,0
92175,0
101587,0
146087,0
79361,0
39923,1
64765,0
134616,0
116602,0
92356,0
132690,0
127988,0
16750,1
151984,0
141009,0
106584,0
78451,0
97727,0
104326,0
79915,0
137690,0
14051,1
126831,0
147894,0
33475,1
132431,0
46078,0
146282,0
156764,0
144779,0
9068,1
60436,0
145331,0
32668,1
3562,1
91067,0
47685,0
88588,0
30324,1
105699,0
141596,0
112185,0
126023,0
158398,0
95150,0
144588,0
64665,0
122034,0
685,1
21984,1
65355,0
102035,0
141375,0
123511,0
124361,0
119698,0
113643,0
50538,0
157730,0
92947,0
9317,1
122693,0
107803,0
116725,0
124525,0
154167,0
136843,0
18728,1
57624,0
39951,1
34032,1
35124,1
2916,1
119240,0
111548,0
35966,1
77687,0
21025,1
89698,0
59257,0
48484,0
114211,0
143157,0
134874,0
133133,0
97605,0
153750,0
87738,0
132450,0
79765,0
52685,0
126340,0
154395,0
31321,1
98444,0
73674,0
66838,0
41123,1
30118,1
100599,0
90404,0
40798,1
135441,0
10480,1
126373,0
23498,1
69777,0
118790,0
130166,0
13735,1
99020,0
5916,1
139076,0
9600,1
99368,0
85351,0
32548,1
73410,0
64922,0
8526,1
57213,0
2940,1
68468,0
149094,0
53803,0
55727,0
98775,0
44724,1
123830,0
44650,1
29480,1
60851,0
59901,0
61010,0
11494,1
74057,0
140307,0
130274,0
43342,1
103322,0
74265,0
113175,0
46970,0
94093,0
62888,0
95432,0
110440,0
102390,0
149120,0
40326,1
4015,1
30170,1
137501,0
134172,0
18988,1
29907,1
19708,1
51352,0
68679,0
29767,1
10915,1
22005,1
116059,0
119260,0
15366,1
99548,0
112540,0
1889,1
62342,0
141638,0
119155,0
127201,0
93194,0
59436,0
150420,0
45488,0
22385,1
140815,0
864,1
54045,0
53566,0
78468,0
89138,0
27053,1
49780,0
90877,0
146119,0
54499,0
85992,0
51383,0
14276,1
71532,0
133405,0
153518,0
63492,0
96987,0
69837,0
112933,0
133055,0
140588,0
43174,1
3921,1
133107,0
116957,0
136481,0
28067,1
60769,0
74227,0
20190,1
118283,0
57219,0
78026,0
43083,1
53489,0
114278,0
113100,0
130399,0
109392,0
37586,1
110771,0
38976,1
37063,1
110082,0
68616,0
153733,0
11472,1
67125,0
25137,1
86040,0
43485,1
159713,0
103675,0
16936,1
67162,0
30689,1
86668,0
53043,0
96385,0
13970,1
88824,0
22917,1
82336,0
11606,1
151901,0
117187,0
125726,0
83785,0
96740,0
153359,0
110032,0
43556,1
144490,0
133999,0
90694,0
146397,0
42758,1
2327,1
106131,0
56363,0
140338,0
71996,0
27527,1
120710,0
81921,0
125964,0
132131,0
96179,0
89490,0
8134,1
46119,0
21425,1
44370,1
157136,0
70603,0
128320,0
67892,0
52377,0
140873,0
147166,0
99872,0
152972,0
19464,1
60676,0
120176,0
157592,0
12767,1
54044,0
110887,0
138719,0
41543,1
17351,1
144547,0
47821,0
11771,1
142687,0
48706,0
149101,0
90978,0
127150,0
89752,0
57993,0
158102,0
142643,0
131653,0
105610,0
91220,0
132339,0
113737,0
94492,0
80328,0
60484,0
12471,1
53320,0
22517,1
43262,1
15914,1
83547,0
138053,0
116536,0
22937,1
124341,0
57256,0
12016,1
61788,0
40706,1
145766,0
28910,1
78203,0
123825,0
35241,1
132637,0
127772,0
51099,0
93685,0
148159,0
51499,0
82761,0
134564,0
26543,1
95186,0
92728,0
128743,0
1525,1
97440,0
49532,0
85681,0
30961,1
27583,1
71952,0
84737,0
3875,1
114446,0
131958,0
148884,0
79308,0
124549,0
61440,0
36829,1
121583,0
8188,1
108271,0
101605,0
67038,0
129972,0
151226,0
64385,0
74201,0
136024,0
118399,0
1417,1
92005,0
832,1
32880,1
158225,0
11255,1
159124,0
42471,1
91125,0
54201,0
56849,0
60652,0
139178,0
95068,0
62874,0
109469,0
101190,0
139594,0
61544,0
62797,0
142175,0
44772,1
31579,1
89317,0
120887,0
95069,0
138494,0
92982,0
51618,0
98955,0
33284,1
44826,1
156100,0
141199,0
137288,0
74558,0
4430,1
87117,0
19164,1
139465,0
100129,0
26303,1
146363,0
132451,0
117310,0
23771,1
47977,0
147933,0
1152,1
112204,0
31618,1
113944,0
83401,0
50725,0
134050,0
132527,0
148670,0
19723,1
51984,0
119835,0
139107,0
32172,1
147954,0
114135,0
3516,1
29732,1
101796,0
123093,0
3078,1
123633,0
122892,0
40731,1
22866,1
140666,0
24292,1
39878,1
65425,0
83023,0
107333,0
121372,0
46806,0
293,1
17418,1
76829,0
46196,0
120351,0
89425,0
36940,1
145350,0
38855,1
22144,1
158863,0
153263,0
37521,1
45696,0
90662,0
56229,0
116252,0
18069,1
11290,1
133851,0
116921,0
90313,0
157019,0
42603,1
131742,0
18723,1
122193,0
54447,0
40247,1
48748,0
80885,0
30932,1
145008,0
83304,0
109221,0
48158,0
8980,1
95508,0
8669,1
101818,0
62558,0
73115,0
140145,0
153607,0
110890,0
19119,1
45793,0
50268,0
99198,0
66943,0
55755,0
1067,1
156358,0
98297,0
120933,0
147090,0
84516,0
90216,0
31773,1
104787,0
30492,1
80930,0
68225,0
95704,0
106602,0
157319,0
27887,1
130423,0
142883,0
133181,0
114008,0
60519,0
111737,0
11967,1
64133,0
109121,0
13310,1
137395,0
35274,1
46618,0
102555,0
72362,0
28378,1
147367,0
42107,1
31762,1
40575,1
142152,0
154888,0
147872,0
23566,1
8464,1
145382,0
72314,0
85072,0
123212,0
14682,1
146263,0
95626,0
64933,0
93886,0
82798,0
159270,0
22486,1
20342,1
65674,0
142027,0
85111,0
41781,1
129802,0
157325,0
156915,0
18315,1
86775,0
72978,0
703,1
146150,0
108291,0
135988,0
71305,0
88661,0
80005,0
101858,0
79779,0
132763,0
28702,1
146032,0
29036,1
22278,1
93095,0
153440,0
28924,1
27294,1
34670,1
139361,0
10467,1
79364,0
10359,1
10356,1
39519,1
120633,0
37728,1
153793,0
119235,0
43850,1
130243,0
27035,1
154534,0
34365,1
46902,0
129316,0
95805,0
89008,0
144876,0
93482,0
42477,1
25354,1
118003,0
128897,0
49582,0
127632,0
80555,0
28891,1
42291,1
22403,1
7583,1
101735,0
4123,1
133910,0
47031,0
90573,0
131720,0
54207,0
135051,0
103004,0
125924,0
99781,0
74904,0
151112,0
156529,0
107800,0
131325,0
121092,0
70743,0
49449,0
102988,0
110773,0
137079,0
63146,0
66160,0
134734,0
38188,1
94859,0
29000,1
58832,0
79075,0
32263,1
32231,1
110711,0
156928,0
138127,0
79169,0
60322,0
7680,1
112158,0
18869,1
88477,0
150162,0
27543,1
46631,0
108235,0
40557,1
20192,1
36883,1
63784,0
63923,0
65667,0
53077,0
40587,1
114677,0
121536,0
15441,1
89327,0
146735,0
72010,0
119408,0
43126,1
27907,1
58570,0
114000,0
144488,0
66253,0
6290,1
30725,1
153721,0
109438,0
58550,0
53610,0
145469,0
149577,0
22778,1
42684,1
2739,1
121866,0
44184,1
21755,1
141354,0
75348,0
62759,0
68199,0
129694,0
68187,0
155546,0
87282,0
129397,0
5497,1
39019,1
30620,1
7355,1
142536,0
130468,0
9030,1
64267,0
94547,0
32589,1
68823,0
142953,0
83393,0
67881,0
9806,1
64382,0
8944,1
25311,1
53567,0
69685,0
73947,0
143137,0
151065,0
135362,0
84057,0
55728,0
77818,0
130724,0
30553,1
82179,0
6881,1
117889,0
138963,0
120136,0
4088,1
74787,0
6775,1
139213,0
97396,0
97863,0
49352,0
91873,0
51123,0
22987,1
115927,0
139343,0
44579,1
81010,0
157878,0
110853,0
51708,0
67006,0
149928,0
127629,0
71483,0
1116,1
128079,0
17283,1
70125,0
70274,0
116811,0
108237,0
9252,1
30339,1
20451,1
128424,0
45964,0
125490,0
119675,0
13886,1
115568,0
35570,1
43431,1
54970,0
143375,0
129272,0
95138,0
43135,1
132759,0
120595,0
12470,1
71408,0
54068,0
124559,0
81742,0
73399,0
44634,1
32167,1
29799,1
107306,0
87893,0
85314,0
103819,0
159613,0
60219,0
9672,1
51921,0
50818,0
122551,0
156832,0
111885,0
23008,1
36140,1
19158,1
56440,0
145520,0
39763,1
59036,0
24566,1
83563,0
37477,1
123842,0
150144,0
5657,1
135913,0
49094,0
116970,0
146044,0
123691,0
127251,0
148187,0
135501,0
125929,0
11179,1
3980,1
143605,0
100215,0
109538,0
21392,1
146411,0
102634,0
41478,1
56640,0
148795,0
38202,1
25909,1
15893,1
36254,1
108068,0
122486,0
139805,0
28291,1
152758,0
98745,0
123986,0
17094,1
58452,0
111012,0
45042,1
131519,0
137495,0
141088,0
82628,0
38424,1
107755,0
15924,1
130410,0
65315,0
8381,1
29412,1
56589,0
117089,0
103971,0
55955,0
103198,0
63799,0
146962,0
52337,0
137149,0
77175,0
103005,0
113290,0
68264,0
68171,0
81716,0
95748,0
36567,1
109183,0
140497,0
119955,0
8309,1
130936,0
77533,0
5502,1
32944,1
98580,0
66181,0
18249,1
155791,0
147046,0
38917,1
23975,1
101064,0
60552,0
146633,0
70211,0
44430,1
80517,0
16251,1
61033,0
7810,1
93654,0
11695,1
152982,0
154318,0
151443,0
101482,0
60239,0
119371,0
66279,0
16200,1
48814,0
104484,0
133448,0
63430,0
145238,0
9239,1
99700,0
13308,1
106902,0
76188,0
99624,0
105675,0
55547,0
71975,0
68148,0
55484,0
30278,1
78446,0
40918,1
15347,1
27361,1
61824,0
24240,1
124184,0
150415,0
43339,1
128006,0
145660,0
73960,0
144311,0
113211,0
24839,1
107192,0
97803,0
119317,0
69271,0
73085,0
30750,1
2256,1
67478,0
136057,0
142698,0
29387,1
37440,1
51465,0
115722,0
85911,0
58407,0
146425,0
122152,0
74531,0
82434,0
41355,1
101407,0
72381,0
126762,0
153212,0
146499,0
19753,1
108608,0
135613,0
82737,0
127709,0
97031,0
50947,0
78900,0
63591,0
59398,0
65218,0
103701,0
24174,1
22149,1
108382,0
130634,0
6594,1
48731,0
91156,0
22164,1
153233,0
154644,0
113401,0
49629,0
146317,0
40955,1
159503,0
121077,0
50766,0
44196,1
9919,1
148386,0
38792,1
151152,0
153818,0
113599,0
102979,0
45603,0
134518,0
154874,0
19376,1
52824,0
32334,1
113167,0
28518,1
70364,0
143572,0
9423,1
106409,0
100777,0
10809,1
114053,0
29189,1
111689,0
67607,0
135328,0
153834,0
48347,0
72083,0
81651,0
49435,0
91480,0
20133,1
37523,1
120617,0
129878,0
24772,1
14113,1
65133,0
153322,0
91772,0
102727,0
124298,0
118624,0
111899,0
98239,0
43994,1
55953,0
84370,0
42601,1
138467,0
86646,0
148224,0
121596,0
85097,0
124039,0
43346,1
66970,0
22974,1
121658,0
46942,0
141331,0
125303,0
78233,0
11655,1
42359,1
48768,0
91703,0
83688,0
81671,0
89618,0
108314,0
87778,0
142744,0
109060,0
121335,0
54640,0
47657,0
7692,1
78784,0
137473,0
88960,0
72233,0
61201,0
56136,0
120681,0
84000,0
45634,0
120947,0
156880,0
60315,0
141062,0
81260,0
128408,0
16568,1
72900,0
23994,1
44087,1
41794,1
123061,0
39443,1
42007,1
142544,0
126850,0
125828,0
58742,0
89985,0
106044,0
120133,0
117219,0
85702,0
10597,1
75544,0
69088,0
139158,0
53543,0
34028,1
68603,0
16409,1
108231,0
98685,0
91693,0
137714,0
135741,0
100743,0
15247,1
121115,0
102983,0
93445,0
111124,0
554,1
57883,0
109607,0
53992,0
49385,0
85341,0
105822,0
137527,0
51190,0
12400,1
10602,1
92236,0
28046,1
149525,0
66562,0
34864,1
81917,0
121519,0
81507,0
133902,0
47777,0
111618,0
73755,0
76703,0
28375,1
139149,0
31733,1
22739,1
134746,0
71756,0
136724,0
135374,0
20766,1
155852,0
90252,0
2294,1
71133,0
87855,0
3990,1
102232,0
116243,0
11347,1
147359,0
101066,0
138971,0
33122,1
27539,1
39775,1
101626,0
99752,0
93569,0
122205,0
152275,0
158382,0
23017,1
44467,1
134937,0
118294,0
48090,0
62745,0
77736,0
28691,1
31689,1
73045,0
110447,0
113335,0
34747,1
99239,0
22629,1
102906,0
129145,0
93004,0
63709,0
127056,0
89865,0
108558,0
81337,0
31949,1
23579,1
154473,0
109806,0
72794,0
22557,1
116470,0
101129,0
148058,0
16604,1
63927,0
52814,0
87420,0
143443,0
115027,0
81896,0
140183,0
11986,1
155577,0
63514,0
49,1
100781,0
120197,0
8417,1
94916,0
98698,0
92081,0
149509,0
29853,1
64862,0
1440,1
143980,0
32571,1
103304,0
126944,0
126346,0
66074,0
22961,1
40275,1
107898,0
95084,0
56970,0
72203,0
64104,0
90330,0
94505,0
114912,0
150944,0
128425,0
89353,0
11517,1
65637,0
34312,1
123844,0
140697,0
30723,1
73028,0
56412,0
17913,1
154002,0
23778,1
96282,0
139022,0
14249,1
15938,1
15345,1
152374,0
124284,0
33688,1
59474,0
110284,0
13257,1
109555,0
66036,0
8191,1
98380,0
134417,0
66620,0
151303,0
25383,1
135540,0
100902,0
16761,1
130115,0
71452,0
23620,1
150180,0
107490,0
158420,0
113829,0
64815,0
1693,1
65936,0
81995,0
4565,1
22797,1
79332,0
47343,0
129022,0
29832,1
16765,1
41879,1
132369,0
21503,1
23701,1
123471,0
30047,1
3064,1
89270,0
153178,0
132213,0
11231,1
79335,0
22506,1
158123,0
53159,0
92660,0
140280,0
109851,0
135312,0
125640,0
109870,0
53413,0
16982,1
19719,1
85204,0
84278,0
110236,0
120423,0
47012,0
66589,0
39004,1
94889,0
129290,0
43381,1
126277,0
139990,0
42619,1
55628,0
153626,0
25054,1
103567,0
86540,0
150315,0
138798,0
38578,1
46662,0
3515,1
154827,0
6240,1
21817,1
91434,0
108893,0
9001,1
122772,0
92763,0
125068,0
140998,0
75952,0
91203,0
139185,0
114837,0
98389,0
44185,1
83182,0
120442,0
86955,0
53776,0
135535,0
20441,1
16432,1
123181,0
147975,0
52000,0
20820,1
46682,0
154252,0
28803,1
102574,0
83678,0
123395,0
103838,0
143405,0
53264,0
129862,0
330,1
33125,1
37229,1
142040,0
147830,0
25263,1
108009,0
55101,0
118180,0
37112,1
119654,0
144923,0
44957,1
152047,0
116099,0
135957,0
17132,1
39413,1
104209,0
139570,0
157431,0
126779,0
139531,0
76363,0
83140,0
16051,1
99271,0
3630,1
133292,0
153666,0
55050,0
49167,0
76162,0
1080,1
12870,1
86062,0
62873,0
64362,0
46768,0
141898,0
92353,0
39462,1
83039,0
113614,0
131597,0
72137,0
44093,1
42447,1
38049,1
95591,0
29072,1
133001,0
64881,0
6536,1
124161,0
137664,0
143771,0
110353,0
129420,0
21635,1
105098,0
129641,0
32956,1
1265,1
21132,1
34471,1
65673,0
135839,0
40898,1
9506,1
77350,0
135680,0
63000,0
102928,0
50380,0
48455,0
11288,1
123579,0
97135,0
65458,0
146822,0
140639,0
84359,0
4365,1
61964,0
38224,1
137873,0
140908,0
19415,1
87726,0
150123,0
21705,1
60699,0
14115,1
48595,0
96090,0
130405,0
145300,0
111218,0
16944,1
43588,1
158418,0
19674,1
50252,0
54704,0
98201,0
112199,0
38275,1
24875,1
6982,1
70806,0
81087,0
112294,0
9613,1
64651,0
33378,1
44997,1
95779,0
79266,0
150948,0
107334,0
121845,0
69796,0
95907,0
90057,0
65329,0
116743,0
98988,0
135200,0
123539,0
1459,1
132784,0
17824,1
62397,0
129001,0
110053,0
15264,1
1992,1
58473,0
25150,1
94209,0
141120,0
55684,0
120548,0
151476,0
3652,1
133850,0
57851,0
59859,0
102002,0
125734,0
73952,0
152087,0
134762,0
9830,1
64137,0
95972,0
79405,0
27974,1
1261,1
137983,0
112061,0
98107,0
113198,0
3462,1
96414,0
154991,0
8863,1
85151,0
139402,0
109701,0
157348,0
1452,1
15485,1
45056,1
64199,0
140486,0
86791,0
49054,0
136777,0
28238,1
45675,0
103404,0
83464,0
65499,0
51425,0
76327,0
102774,0
16952,1
141316,0
141410,0
24156,1
139817,0
132409,0
47845,0
102858,0
136305,0
147453,0
37012,1
16197,1
1588,1
142821,0
65363,0
80950,0
115413,0
137138,0
26134,1
23274,1
148020,0
1194,1
134032,0
117274,0
98742,0
100951,0
53629,0
122351,0
103727,0
129797,0
126493,0
73724,0
80532,0
120412,0
9338,1
102037,0
59591,0
126452,0
125829,0
133280,0
33072,1
11340,1
27715,1
56767,0
69763,0
91582,0
119521,0
138736,0
143858,0
81175,0
10169,1
35926,1
138231,0
148150,0
60839,0
66403,0
130018,0
155884,0
90634,0
29583,1
7251,1
131626,0
9447,1
17001,1
45707,0
3500,1
62691,0
111035,0
119907,0
38913,1
106746,0
30248,1
8400,1
144604,0
128848,0
97295,0
61152,0
53995,0
39346,1
103734,0
87969,0
505,1
153686,0
89761,0
136313,0
47705,0
127606,0
79835,0
75728,0
90205,0
158407,0
127324,0
45665,0
70378,0
146048,0
31198,1
93951,0
1174,1
56846,0
157756,0
151588,0
146713,0
17225,1
129954,0
128472,0
45143,0
65393,0
146481,0
102138,0
76317,0
21983,1
127227,0
155197,0
60927,0
27828,1
80070,0
141734,0
87736,0
142048,0
121686,0
146022,0
49799,0
56534,0
157023,0
103517,0
107911,0
22576,1
16250,1
49764,0
100223,0
89896,0
21047,1
113964,0
79022,0
144998,0
61894,0
152680,0
103164,0
137415,0
25697,1
9988,1
20355,1
67451,0
104828,0
2451,1
13056,1
13328,1
10011,1
83078,0
82561,0
144369,0
36031,1
91768,0
31740,1
122367,0
80200,0
46813,0
83143,0
91649,0
4399,1
100195,0
145654,0
92099,0
90122,0
49010,0
24648,1
101040,0
52138,0
157772,0
29393,1
73357,0
114417,0
116420,0
81700,0
102802,0
83921,0
78099,0
45804,0
45184,0
33026,1
18699,1
34456,1
78922,0
141698,0
45784,0
27726,1
132477,0
81805,0
32942,1
61020,0
47723,0
34976,1
87518,0
83707,0
12697,1
44891,1
148840,0
103743,0
91528,0
121701,0
93018,0
99777,0
131913,0
30391,1
2183,1
59992,0
5410,1
139369,0
63011,0
131716,0
155902,0
48440,0
50977,0
11438,1
21526,1
134244,0
71619,0
54876,0
115512,0
90281,0
112588,0
11684,1
9419,1
139627,0
56859,0
65025,0
51905,0
67139,0
18323,1
22414,1
58826,0
133847,0
142295,0
106914,0
125888,0
82589,0
20490,1
87301,0
74187,0
15435,1
30543,1
94087,0
141524,0
72320,0
148686,0
24867,1
102570,0
47481,0
78456,0
35528,1
23115,1
90227,0
49674,0
53531,0
55208,0
3907,1
27585,1
98137,0
118425,0
124734,0
111814,0
9671,1
142092,0
118269,0
84300,0
32935,1
158829,0
96304,0
107633,0
113886,0
109637,0
41325,1
158345,0
7325,1
29788,1
40422,1
69036,0
63156,0
5157,1
23250,1
122730,0
4230,1
26593,1
77260,0
32013,1
4610,1
25620,1
89517,0
116111,0
109623,0
108463,0
10193,1
72581,0
14517,1
110778,0
63787,0
58633,0
98381,0
116295,0
88128,0
50342,0
66438,0
85198,0
84264,0
45921,0
61613,0
77681,0
57742,0
96669,0
24115,1
116286,0
91498,0
85538,0
10432,1
42036,1
20542,1
44883,1
95695,0
119226,0
7377,1
32982,1
30621,1
115872,0
151293,0
77589,0
39121,1
91189,0
13469,1
157914,0
322,1
91354,0
23627,1
17218,1
59788,0
49609,0
66079,0
105224,0
71201,0
106640,0
87162,0
60938,0
59657,0
110039,0
63871,0
26293,1
17642,1
127009,0
12091,1
43706,1
132013,0
121475,0
48242,0
33980,1
8302,1
62164,0
81996,0
63094,0
55256,0
10327,1
48341,0
48497,0
97371,0
22529,1
137100,0
70165,0
16157,1
34512,1
86258,0
150623,0
29540,1
102592,0
11261,1
152719,0
109044,0
39291,1
43790,1
123525,0
107462,0
129377,0
82872,0
79476,0
69840,0
101216,0
109725,0
92552,0
74638,0
44077,1
113250,0
132332,0
34161,1
91798,0
61632,0
8358,1
140819,0
70,1
132391,0
42418,1
158862,0
37624,1
148798,0
37267,1
156345,0
13457,1
98159,0
38305,1
46445,0
140670,0
133666,0
45049,1
118431,0
7168,1
32665,1
7918,1
150330,0
20568,1
84710,0
29781,1
134758,0
59871,0
104084,0
39021,1
68453,0
147699,0
33616,1
141012,0
1476,1
110266,0
106234,0
62130,0
145879,0
49077,0
71343,0
155657,0
158630,0
24446,1
138249,0
6853,1
38245,1
55677,0
104568,0
74218,0
116565,0
55003,0
30873,1
72973,0
81430,0
71212,0
29977,1
46800,0
82837,0
2430,1
126000,0
99480,0
39174,1
6976,1
124438,0
13777,1
3352,1
116116,0
41943,1
27054,1
57709,0
139593,0
137881,0
78943,0
121188,0
14178,1
13405,1
133449,0
118809,0
57314,0
30805,1
110164,0
119672,0
97252,0
58484,0
88914,0
156051,0
86725,0
107029,0
65506,0
139895,0
120277,0
71153,0
10240,1
103437,0
146703,0
121942,0
124861,0
2469,1
90034,0
83098,0
54609,0
1392,1
76097,0
74871,0
120467,0
49382,0
17458,1
85346,0
17059,1
135722,0
116287,0
136160,0
47486,0
93440,0
38246,1
35958,1
136968,0
125215,0
15004,1
140699,0
10331,1
24563,1
10389,1
54069,0
109944,0
14241,1
151535,0
62528,0
86779,0
31258,1
48722,0
2746,1
28035,1
43316,1
485,1
88075,0
113591,0
80015,0
146856,0
28606,1
68169,0
67436,0
70132,0
90512,0
151314,0
117325,0
57789,0
23213,1
94380,0
145397,0
27535,1
115789,0
18726,1
44732,1
11522,1
108684,0
149620,0
138255,0
119278,0
119895,0
52231,0
138419,0
71207,0
9622,1
123138,0
34973,1
76182,0
29436,1
81308,0
116738,0
14104,1
64856,0
23964,1
67612,0
126803,0
102569,0
86091,0
75858,0
3728,1
130930,0
67237,0
33034,1
659,1
106527,0
117062,0
23949,1
86933,0
67260,0
35630,1
62957,0
53292,0
38663,1
83104,0
6609,1
159020,0
14759,1
153310,0
49891,0
86970,0
159438,0
66222,0
33443,1
93950,0
135996,0
4207,1
151799,0
11604,1
36748,1
121881,0
149442,0
150048,0
144674,0
2912,1
67243,0
109784,0
80105,0
109742,0
19619,1
4345,1
83618,0
40346,1
90574,0
156272,0
65312,0
79785,0
115609,0
34922,1
11061,1
151717,0
26686,1
71019,0
61248,0
114992,0
70382,0
140841,0
93616,0
12886,1
98395,0
130817,0
15637,1
139134,0
110629,0
75739,0
42306,1
126094,0
48610,0
67908,0
88539,0
82897,0
31468,1
156402,0
103773,0
66311,0
109916,0
154961,0
144223,0
108539,0
142700,0
19821,1
83558,0
118640,0
156592,0
121399,0
79772,0
47218,0
85582,0
88289,0
10308,1
124132,0
41828,1
44537,1
129722,0
30499,1
137406,0
52223,0
74880,0
35656,1
42709,1
113208,0
65082,0
132373,0
47150,0
51469,0
83643,0
154068,0
84741,0
103980,0
29793,1
73905,0
23289,1
128009,0
137774,0
142449,0
101490,0
44965,1
154720,0
118529,0
152717,0
143270,0
71427,0
69621,0
26415,1
72538,0
39400,1
54410,0
41859,1
103377,0
117926,0
18898,1
11592,1
80106,0
148990,0
33098,1
7258,1
27389,1
3718,1
102252,0
113076,0
127944,0
57107,0
6239,1
147470,0
127241,0
109509,0
4462,1
99244,0
81979,0
35379,1
73601,0
30611,1
154172,0
59329,0
111023,0
59987,0
117967,0
124659,0
7205,1
48330,0
142213,0
29133,1
35122,1
130971,0
7178,1
59380,0
18210,1
92964,0
19483,1
137176,0
141527,0
149888,0
83976,0
100101,0
15964,1
20919,1
104638,0
116964,0
126684,0
151858,0
55580,0
155109,0
117474,0
151818,0
58540,0
117486,0
92811,0
42398,1
89366,0
98831,0
128914,0
19378,1
59374,0
99552,0
141564,0
147819,0
114078,0
52128,0
56497,0
151239,0
30102,1
65594,0
133670,0
21898,1
132179,0
97819,0
56288,0
101071,0
128463,0
132864,0
112667,0
159235,0
159105,0
130681,0
134694,0
87764,0
70035,0
104033,0
113378,0
31744,1
94232,0
1642,1
95844,0
138562,0
116466,0
143866,0
119126,0
2754,1
130497,0
84133,0
2418,1
132415,0
1801,1
14343,1
70859,0
158428,0
57209,0
157456,0
119499,0
90777,0
107060,0
100009,0
1335,1
26190,1
131093,0
155803,0
70131,0
48283,0
34290,1
51219,0
10795,1
133198,0
127786,0
1278,1
52688,0
98607,0
85801,0
108397,0
137538,0
59483,0
97846,0
55465,0
69679,0
1154,1
71250,0
10927,1
155969,0
117433,0
1100,1
24380,1
44787,1
118470,0
144593,0
61346,0
46586,0
64019,0
144379,0
83687,0
35833,1
65406,0
148422,0
34292,1
37786,1
47964,0
148981,0
13986,1
51798,0
41280,1
82784,0
27801,1
14299,1
32666,1
54326,0
86378,0
134754,0
64505,0
92198,0
36225,1
28297,1
110904,0
68707,0
19063,1
45922,0
148126,0
106312,0
113953,0
83871,0
97357,0
48038,0
147213,0
51052,0
124546,0
89660,0
120924,0
66241,0
60186,0
129677,0
47775,0
55739,0
123375,0
130379,0
27514,1
33701,1
130734,0
101148,0
103598,0
36417,1
93550,0
108493,0
17197,1
111411,0
36741,1
6017,1
89141,0
29704,1
21426,1
125194,0
159261,0
64296,0
48179,0
80756,0
146359,0
96941,0
159319,0
22769,1
79807,0
37158,1
98913,0
130300,0
148447,0
95482,0
119323,0
27146,1
108362,0
120171,0
18809,1
28907,1
115003,0
17323,1
33164,1
55417,0
141673,0
119195,0
8176,1
121940,0
149341,0
102667,0
107394,0
64080,0
104342,0
112835,0
155090,0
62116,0
49740,0
139143,0
74696,0
34723,1
86669,0
150422,0
64905,0
153262,0
72170,0
87747,0
65706,0
126016,0
11976,1
126384,0
90888,0
107828,0
147305,0
126725,0
45621,0
138464,0
157234,0
61095,0
128385,0
158685,0
89197,0
18818,1
98391,0
137819,0
108432,0
75821,0
70146,0
106485,0
116746,0
5533,1
103278,0
109126,0
41993,1
47580,0
130103,0
126233,0
40394,1
21690,1
152645,0
153363,0
42358,1
135012,0
99035,0
131693,0
83522,0
156162,0
142434,0
40720,1
73865,0
63625,0
132096,0
102296,0
74820,0
48538,0
80687,0
95396,0
104061,0
52771,0
101906,0
16069,1
69838,0
148830,0
132362,0
150077,0
140454,0
112888,0
101884,0
26404,1
74796,0
94162,0
50610,0
27941,1
152557,0
55759,0
102726,0
118407,0
150414,0
100189,0
17016,1
130834,0
113032,0
80881,0
6157,1
40155,1
99108,0
115012,0
158981,0
56366,0
27024,1
78294,0
1008,1
64229,0
154519,0
135267,0
3543,1
140978,0
27658,1
154,1
94261,0
7684,1
15645,1
117863,0
50148,0
90542,0
151429,0
153752,0
145930,0
75140,0
140767,0
16461,1
130845,0
86495,0
116585,0
133964,0
2417,1
137986,0
97936,0
18576,1
65696,0
128431,0
132350,0
20765,1
103560,0
151014,0
44889,1
62739,0
122775,0
77830,0
15040,1
10170,1
78182,0
128287,0
75819,0
93430,0
3208,1
57358,0
121365,0
119350,0
137570,0
123984,0
91739,0
156794,0
65559,0
118022,0
87407,0
127422,0
84054,0
20958,1
100506,0
133269,0
86648,0
3097,1
139267,0
5345,1
89855,0
141548,0
90264,0
139997,0
17263,1
32168,1
79743,0
129412,0
14779,1
120626,0
87401,0
103961,0
107579,0
72011,0
157281,0
85855,0
101331,0
23393,1
91386,0
5498,1
93308,0
104515,0
97868,0
126483,0
68251,0
18983,1
50601,0
126110,0
147695,0
130787,0
93688,0
60292,0
63751,0
14973,1
45385,0
18594,1
65465,0
7287,1
130346,0
80357,0
48332,0
16582,1
38207,1
46049,0
64826,0
43159,1
151562,0
104102,0
135154,0
56468,0
159702,0
90047,0
118268,0
52719,0
94311,0
140402,0
150977,0
76540,0
72904,0
39131,1
132342,0
140089,0
133197,0
104142,0
100810,0
87773,0
13633,1
19021,1
92976,0
64808,0
100609,0
83597,0
88770,0
13278,1
96087,0
143943,0
77720,0
9140,1
116824,0
9181,1
55850,0
34700,1
152249,0
46096,0
80022,0
53165,0
137269,0
95347,0
112322,0
83396,0
15559,1
150119,0
79838,0
60512,0
72780,0
139458,0
77632,0
116065,0
30024,1
140707,0
88793,0
96930,0
115275,0
51996,0
88754,0
5179,1
89431,0
106436,0
153873,0
25893,1
35780,1
67359,0
90341,0
122863,0
55815,0
25273,1
154594,0
91187,0
71908,0
93369,0
135721,0
147909,0
135803,0
34478,1
86248,0
55695,0
31696,1
67097,0
20327,1
36009,1
156842,0
97525,0
159462,0
111643,0
153725,0
127436,0
29011,1
84288,0
93831,0
95457,0
27063,1
16966,1
130002,0
23454,1
11509,1
70728,0
43594,1
38968,1
56060,0
33874,1
27488,1
117699,0
30969,1
111491,0
70809,0
145278,0
127576,0
158641,0
23009,1
126453,0
65519,0
143646,0
21593,1
5477,1
127483,0
36621,1
133651,0
57340,0
27926,1
73138,0
74644,0
114216,0
47516,0
61398,0
104849,0
136526,0
93718,0
123764,0
15806,1
156834,0
118345,0
77055,0
56309,0
83094,0
6136,1
50852,0
82359,0
99999,0
88578,0
155676,0
116630,0
52842,0
56844,0
117303,0
104970,0
40852,1
118202,0
77280,0
46395,0
17912,1
17250,1
2532,1
23069,1
71339,0
124838,0
153879,0
109104,0
32585,1
100361,0
158029,0
22335,1
41902,1
151907,0
85049,0
133943,0
31823,1
123902,0
157714,0
152900,0
61517,0
154332,0
125991,0
30039,1
138495,0
56840,0
127999,0
115150,0
1185,1
56831,0
139563,0
41334,1
54435,0
140854,0
27447,1
145460,0
85586,0
110836,0
135182,0
17758,1
79382,0
36963,1
123496,0
33686,1
56355,0
70571,0
69047,0
2345,1
20799,1
152028,0
69374,0
8697,1
48550,0
41801,1
60271,0
65944,0
126644,0
85679,0
53544,0
77689,0
92616,0
134459,0
121498,0
28121,1
131555,0
21531,1
91157,0
75073,0
54757,0
106410,0
3629,1
29377,1
92027,0
113633,0
91492,0
64149,0
134410,0
105517,0
115203,0
13640,1
106447,0
17277,1
80759,0
13323,1
39047,1
5052,1
137225,0
10934,1
24916,1
139045,0
117455,0
67756,0
27365,1
145391,0
10275,1
23286,1
90174,0
101300,0
143005,0
147321,0
61465,0
18813,1
76509,0
66790,0
18776,1
61001,0
99671,0
6338,1
85803,0
57908,0
52764,0
65194,0
99444,0
151331,0
117225,0
71900,0
17672,1
73931,0
141205,0
5429,1
23127,1
34545,1
62787,0
122783,0
26720,1
137054,0
58140,0
111526,0
90326,0
94287,0
48744,0
88875,0
52263,0
38061,1
121074,0
18235,1
19118,1
43807,1
12217,1
95059,0
27602,1
95034,0
11011,1
81697,0
54936,0
136864,0
120330,0
97182,0
85494,0
33554,1
48095,0
82729,0
69255,0
138972,0
114365,0
155025,0
96489,0
37162,1
69536,0
50153,0
8685,1
31345,1
10853,1
2113,1
152052,0
39075,1
158264,0
149208,0
2900,1
154859,0
62273,0
13342,1
55203,0
126341,0
18886,1
31498,1
10276,1
134706,0
107768,0
28610,1
109036,0
2021,1
51043,0
68967,0
139393,0
158994,0
156241,0
104122,0
102808,0
135191,0
57477,0
150970,0
56143,0
36700,1
121288,0
63571,0
45386,0
20782,1
1553,1
35507,1
28459,1
66917,0
61351,0
121469,0
111935,0
95039,0
10001,1
120430,0
122799,0
43263,1
96544,0
57159,0
60201,0
73917,0
153701,0
130955,0
146604,0
18420,1
10682,1
106692,0
17047,1
34021,1
48837,0
70757,0
83515,0
107726,0
103361,0
132254,0
156740,0
32427,1
110712,0
117075,0
70919,0
67784,0
105654,0
92278,0
26972,1
6384,1
155904,0
116953,0
156967,0
119173,0
82814,0
44460,1
155707,0
118821,0
135586,0
141466,0
119781,0
31367,1
29529,1
33673,1
62560,0
60482,0
65153,0
125876,0
53787,0
51359,0
45847,0
155592,0
69871,0
45235,0
108723,0
31829,1
119800,0
24769,1
62992,0
118207,0
104402,0
91969,0
102840,0
62196,0
132281,0
89290,0
31237,1
27216,1
128529,0
24581,1
45389,0
21327,1
14109,1
22420,1
42738,1
47098,0
20003,1
7678,1
143250,0
149512,0
100881,0
96189,0
94932,0
7652,1
123332,0
90116,0
52364,0
62402,0
26099,1
38839,1
153803,0
10571,1
8157,1
118404,0
74027,0
111077,0
47553,0
109200,0
44765,1
66354,0
141737,0
74375,0
10474,1
98408,0
152185,0
142566,0
11870,1
116647,0
30704,1
124518,0
150535,0
52005,0
38443,1
119143,0
33497,1
109242,0
25603,1
72371,0
57602,0
38329,1
109523,0
151291,0
145437,0
52961,0
139082,0
28660,1
139853,0
35221,1
47408,0
15355,1
94038,0
58898,0
19435,1
14411,1
60908,0
139818,0
76405,0
93379,0
59030,0
139926,0
156687,0
158924,0
37650,1
27292,1
20718,1
9791,1
116940,0
149737,0
33950,1
116170,0
19881,1
48962,0
62643,0
54712,0
108538,0
65107,0
77135,0
96945,0
135800,0
124163,0
68653,0
152067,0
31817,1
141425,0
117403,0
135691,0
121574,0
146521,0
89111,0
85731,0
74950,0
24827,1
14677,1
45146,0
148666,0
66504,0
57445,0
72770,0
97662,0
40253,1
140409,0
121792,0
38827,1
129625,0
89330,0
57102,0
25356,1
74841,0
80313,0
31506,1
2708,1
101320,0
150848,0
5913,1
138417,0
19940,1
116932,0
58445,0
59768,0
23905,1
82219,0
32808,1
120865,0
96510,0
109620,0
56914,0
67206,0
46702,0
90096,0
60531,0
135306,0
34386,1
139929,0
87510,0
55420,0
28012,1
156013,0
67877,0
83600,0
16811,1
79234,0
26666,1
113746,0
56493,0
1494,1
13079,1
73980,0
150049,0
121215,0
58526,0
146439,0
17,1
12076,1
31231,1
158011,0
127933,0
147483,0
46889,0
34038,1
103089,0
44143,1
24218,1
96599,0
125077,0
48452,0
70196,0
61394,0
74653,0
131001,0
159182,0
357,1
116363,0
55274,0
80935,0
123324,0
37870,1
98375,0
16020,1
46939,0
25151,1
115191,0
7497,1
37138,1
124459,0
117222,0
9045,1
70694,0
138906,0
43661,1
18036,1
29265,1
55685,0
129294,0
126271,0
132747,0
22723,1
43266,1
155092,0
3947,1
9954,1
69499,0
61421,0
69404,0
120675,0
112327,0
5064,1
113120,0
127469,0
116891,0
2562,1
98692,0
61716,0
3776,1
15579,1
65233,0
14399,1
25085,1
138450,0
38765,1
92422,0
35673,1
105548,0
127346,0
31400,1
71784,0
5369,1
136842,0
52123,0
11704,1
93700,0
142467,0
152683,0
100222,0
111031,0
124992,0
29470,1
129683,0
45262,0
8791,1
44484,1
16011,1
151989,0
44795,1
96768,0
147917,0
19331,1
67118,0
5250,1
16333,1
20953,1
59802,0
158350,0
23718,1
128153,0
35327,1
148543,0
141195,0
79759,0
135575,0
78892,0
65438,0
78773,0
133744,0
15633,1
19002,1
19697,1
53772,0
68639,0
42081,1
65342,0
85635,0
156770,0
51781,0
154612,0
72606,0
91787,0
64666,0
151576,0
67466,0
134358,0
88288,0
128172,0
109094,0
96642,0
37701,1
153012,0
63978,0
92071,0
128362,0
127332,0
126157,0
22023,1
63050,0
49479,0
28284,1
96747,0
90001,0
97354,0
130683,0
38603,1
63992,0
105695,0
149453,0
53625,0
3935,1
99460,0
20533,1
46141,0
104860,0
149288,0
40196,1
76049,0
4368,1
66077,0
56198,0
21480,1
90221,0
130759,0
101517,0
153791,0
37686,1
54288,0
133390,0
119249,0
121941,0
16535,1
36174,1
40007,1
64276,0
3494,1
40197,1
93811,0
42707,1
148468,0
154706,0
37385,1
136081,0
156325,0
24483,1
61510,0
14685,1
9078,1
10207,1
60020,0
144718,0
114662,0
56926,0
87245,0
55178,0
21296,1
118415,0
98790,0
147025,0
111126,0
104987,0
126615,0
157576,0
63057,0
29089,1
94733,0
137137,0
71224,0
114788,0
102403,0
106283,0
2323,1
117220,0
96721,0
96115,0
8627,1
121198,0
3810,1
131494,0
116129,0
64029,0
119343,0
2280,1
90852,0
21073,1
28109,1
44569,1
90756,0
129458,0
86758,0
5481,1
16068,1
41230,1
36627,1
59290,0
21921,1
132106,0
75429,0
101325,0
87624,0
14629,1
105122,0
57198,0
141432,0
82869,0
87551,0
155823,0
24668,1
71525,0
7183,1
141933,0
38423,1
103357,0
50655,0
108413,0
93508,0
34631,1
140464,0
113533,0
93841,0
7174,1
62041,0
62863,0
8411,1
90605,0
47952,0
111720,0
106561,0
94828,0
37714,1
155151,0
49659,0
143764,0
146412,0
69070,0
109166,0
27621,1
799,1
120297,0
133986,0
108482,0
3898,1
23086,1
13395,1
3005,1
54386,0
101741,0
152096,0
129873,0
53730,0
44238,1
82821,0
126105,0
32947,1
71939,0
7539,1
131960,0
153004,0
100678,0
119851,0
128689,0
69019,0
102416,0
68133,0
7373,1
110664,0
91685,0
124680,0
35911,1
117994,0
135715,0
103869,0
84925,0
131638,0
123721,0
25788,1
44357,1
54793,0
2689,1
132108,0
132945,0
49125,0
11309,1
24370,1
30457,1
138711,0
15371,1
149973,0
104130,0
106705,0
27739,1
130082,0
123690,0
17621,1
17983,1
159356,0
91028,0
85782,0
9773,1
34682,1
54181,0
145287,0
113420,0
138022,0
110150,0
59530,0
8923,1
112236,0
51941,0
10969,1
30764,1
111637,0
12963,1
105571,0
130896,0
128252,0
17653,1
139762,0
94091,0
15544,1
19453,1
5663,1
55940,0
126464,0
101564,0
11859,1
138950,0
99072,0
44156,1
6592,1
42862,1
60953,0
135199,0
33789,1
45124,0
123214,0
134034,0
128310,0
4101,1
79517,0
8874,1
85550,0
77919,0
133803,0
150333,0
76290,0
31036,1
76645,0
26377,1
153374,0
108234,0
82908,0
19679,1
82481,0
113140,0
123328,0
110967,0
4711,1
48821,0
33740,1
85357,0
96951,0
105288,0
64948,0
63775,0
48461,0
51555,0
37172,1
102754,0
132241,0
120258,0
61606,0
31640,1
63061,0
116608,0
64012,0
157174,0
159231,0
55247,0
6579,1
97899,0
121709,0
2403,1
63250,0
131544,0
40648,1
130714,0
140116,0
141326,0
21456,1
52592,0
109477,0
70788,0
100730,0
102517,0
47765,0
112372,0
44063,1
63766,0
83485,0
6531,1
70453,0
25938,1
138216,0
44736,1
10053,1
102601,0
121831,0
27430,1
98182,0
38421,1
16513,1
123268,0
123056,0
82237,0
76133,0
126042,0
30849,1
16534,1
25619,1
67376,0
1552,1
83161,0
119645,0
116447,0
94635,0
109407,0
82540,0
108563,0
106507,0
70101,0
31001,1
15222,1
138577,0
47741,0
21141,1
138796,0
106896,0
71560,0
45614,0
69170,0
105681,0
22213,1
41194,1
89006,0
42773,1
93769,0
59217,0
24699,1
33219,1
117010,0
58076,0
51736,0
142774,0
21977,1
37306,1
27773,1
135786,0
156666,0
95773,0
156057,0
131220,0
120569,0
4366,1
117518,0
126757,0
95668,0
114726,0
118295,0
127361,0
29676,1
28861,1
105757,0
98210,0
93390,0
61445,0
79992,0
143708,0
100226,0
41784,1
31020,1
85172,0
112674,0
25176,1
144895,0
103870,0
8991,1
1412,1
143444,0
60738,0
154439,0
111015,0
118681,0
32301,1
116387,0
70769,0
96401,0
127708,0
61562,0
138274,0
46174,0
11318,1
43056,1
131185,0
61653,0
68128,0
124237,0
45609,0
29283,1
54791,0
30021,1
115007,0
22854,1
46853,0
147235,0
62414,0
57351,0
68092,0
86558,0
15274,1
27802,1
153380,0
39647,1
110033,0
136534,0
47583,0
40231,1
26916,1
155718,0
158608,0
35395,1
146328,0
64043,0
153524,0
134517,0
128254,0
104907,0
110406,0
126765,0
122627,0
38782,1
3149,1
106761,0
64478,0
61703,0
60789,0
94452,0
47784,0
139182,0
33774,1
8800,1
150142,0
132019,0
55941,0
52314,0
42053,1
113898,0
140564,0
52834,0
53574,0
107926,0
25984,1
33207,1
28352,1
78768,0
116667,0
67928,0
117927,0
107487,0
132496,0
9626,1
20265,1
134075,0
46246,0
115260,0
102275,0
38058,1
91858,0
75825,0
158667,0
158781,0
119543,0
134801,0
14849,1
152865,0
90137,0
10857,1
69843,0
13482,1
38138,1
37024,1
27732,1
28420,1
70846,0
78371,0
17766,1
100898,0
129553,0
114645,0
69451,0
99151,0
137349,0
88085,0
101863,0
140835,0
124613,0
125483,0
27177,1
150307,0
58023,0
30688,1
69220,0
157928,0
39592,1
66015,0
111681,0
34300,1
105817,0
155899,0
2475,1
17526,1
13611,1
25640,1
108869,0
141529,0
147746,0
18079,1
33930,1
54484,0
84707,0
148064,0
155737,0
106287,0
148652,0
29321,1
66248,0
96442,0
134138,0
10851,1
87001,0
134197,0
142747,0
45956,0
11715,1
119753,0
45437,0
125449,0
144773,0
31584,1
55436,0
154756,0
53689,0
90847,0
52978,0
18129,1
146627,0
83048,0
14780,1
90193,0
148871,0
139189,0
93141,0
22,1
137950,0
126863,0
48263,0
132607,0
114393,0
65746,0
6996,1
121876,0
140638,0
138544,0
154933,0
136742,0
23040,1
100097,0
107540,0
59308,0
85837,0
155880,0
97166,0
156926,0
76533,0
149969,0
128095,0
4497,1
71713,0
103558,0
69310,0
26008,1
155734,0
83557,0
35131,1
54441,0
13358,1
105279,0
71472,0
74135,0
86511,0
59104,0
40229,1
113019,0
93651,0
104227,0
8988,1
126713,0
58945,0
9706,1
129191,0
109373,0
56125,0
155474,0
144330,0
127004,0
57719,0
19396,1
112064,0
14099,1
78052,0
31289,1
156082,0
147390,0
95025,0
125699,0
65373,0
11233,1
48608,0
105126,0
28119,1
37189,1
84812,0
131025,0
121767,0
55915,0
90009,0
32506,1
68739,0
137313,0
49997,0
152696,0
15066,1
117371,0
17996,1
37924,1
13026,1
25192,1
102408,0
148018,0
43414,1
111422,0
90991,0
64085,0
16264,1
31637,1
18931,1
41959,1
115033,0
18686,1
63444,0
135205,0
122181,0
104663,0
18120,1
151364,0
104610,0
58388,0
25174,1
31207,1
52139,0
16885,1
155284,0
150735,0
95818,0
158810,0
159083,0
14522,1
124999,0
60615,0
42668,1
70431,0
62623,0
78600,0
71137,0
128419,0
154027,0
38949,1
44748,1
87542,0
120938,0
80008,0
51985,0
108953,0
7566,1
123128,0
138952,0
86468,0
139595,0
76771,0
158257,0
102682,0
131575,0
8672,1
83518,0
79426,0
72040,0
87073,0
89398,0
146342,0
91961,0
155024,0
16314,1
59310,0
63903,0
127878,0
79994,0
55979,0
57162,0
143505,0
54830,0
153900,0
73955,0
1290,1
71084,0
21689,1
60818,0
121471,0
12820,1
87317,0
130535,0
132991,0
152614,0
35242,1
143478,0
25850,1
53412,0
95834,0
5461,1
37510,1
134499,0
153051,0
73411,0
147614,0
56629,0
97479,0
104129,0
109526,0
125445,0
35246,1
130429,0
63062,0
120579,0
139653,0
48276,0
33048,1
154142,0
23175,1
9882,1
152060,0
61231,0
99003,0
26670,1
117909,0
90377,0
45724,0
120257,0
14617,1
132315,0
12880,1
86175,0
116833,0
18741,1
60708,0
115942,0
159636,0
50084,0
26611,1
73439,0
105638,0
68652,0
73313,0
80607,0
85990,0
89428,0
156055,0
8253,1
78341,0
40606,1
54724,0
108922,0
107176,0
79342,0
36438,1
59062,0
64430,0
51212,0
100633,0
67950,0
68195,0
151145,0
117818,0
17791,1
78160,0
124771,0
12961,1
96893,0
138225,0
89378,0
65314,0
96241,0
339,1
152399,0
36399,1
156049,0
46125,0
34970,1
92753,0
107213,0
17938,1
34264,1
92954,0
75170,0
117281,0
124437,0
1123,1
148866,0
18986,1
81861,0
40769,1
36363,1
64001,0
145747,0
14106,1
140651,0
156705,0
27826,1
105636,0
139854,0
47550,0
127031,0
28541,1
60373,0
58748,0
85659,0
103324,0
76086,0
151949,0
97898,0
76679,0
139275,0
72883,0
142292,0
132889,0
6848,1
56391,0
101518,0
108663,0
140859,0
16127,1
23684,1
115523,0
157391,0
139807,0
81257,0
100570,0
68309,0
87854,0
87435,0
5475,1
92062,0
119487,0
132111,0
99456,0
114096,0
67659,0
126783,0
41141,1
153081,0
77901,0
23171,1
83434,0
120748,0
114067,0
25349,1
159171,0
136913,0
113369,0
71990,0
43910,1
129384,0
144287,0
77692,0
103855,0
10153,1
153106,0
137679,0
80237,0
99930,0
12230,1
17075,1
19315,1
64662,0
129671,0
138479,0
80827,0
69305,0
24974,1
90898,0
146891,0
20365,1
129932,0
7242,1
75115,0
138213,0
91488,0
45211,0
50077,0
145016,0
94659,0
12324,1
131048,0
155376,0
136898,0
4803,1
32969,1
63364,0
49060,0
35653,1
106538,0
152088,0
55269,0
123604,0
134314,0
146894,0
126888,0
18614,1
50315,0
90904,0
56137,0
139725,0
48638,0
7449,1
13372,1
72205,0
89134,0
123382,0
113989,0
96395,0
103937,0
22469,1
51309,0
120679,0
138563,0
139971,0
74156,0
150217,0
60427,0
3603,1
8515,1
7544,1
102500,0
134146,0
112381,0
16437,1
70529,0
153283,0
124778,0
53371,0
39664,1
44243,1
33335,1
54711,0
17217,1
150544,0
151232,0
47134,0
116609,0
39032,1
29274,1
42493,1
41560,1
134168,0
110837,0
86542,0
121279,0
12646,1
49967,0
71626,0
98677,0
134999,0
129952,0
18175,1
43457,1
60689,0
7708,1
87533,0
114451,0
23896,1
115030,0
84849,0
14738,1
85519,0
138713,0
54209,0
113638,0
113059,0
148390,0
103927,0
52300,0
101500,0
91062,0
17119,1
127934,0
84930,0
69035,0
120619,0
119373,0
62689,0
115975,0
50354,0
98734,0
73290,0
115676,0
49184,0
7408,1
69992,0
55327,0
119357,0
123660,0
100875,0
141244,0
132684,0
147809,0
129355,0
24994,1
148238,0
134955,0
85383,0
94428,0
147426,0
49163,0
100833,0
60372,0
100505,0
59146,0
117456,0
86844,0
22853,1
38441,1
155314,0
97094,0
33201,1
88266,0
92580,0
143699,0
90626,0
34527,1
115651,0
30998,1
110071,0
50383,0
80529,0
70709,0
60437,0
5885,1
38326,1
27668,1
11363,1
93055,0
152553,0
18761,1
136295,0
91026,0
96072,0
50648,0
152106,0
29028,1
144756,0
95747,0
157005,0
151967,0
72223,0
13874,1
11413,1
154841,0
41359,1
99245,0
63197,0
38749,1
76565,0
76455,0
131649,0
4290,1
145589,0
142372,0
22433,1
144729,0
125557,0
99709,0
156396,0
136148,0
73389,0
151088,0
14785,1
157496,0
31945,1
81000,0
74032,0
70148,0
8418,1
130564,0
125444,0
48335,0
119578,0
129300,0
15269,1
36955,1
14681,1
47933,0
81736,0
91658,0
132645,0
10601,1
26707,1
18570,1
32015,1
98499,0
86351,0
143226,0
33255,1
29990,1
145933,0
30084,1
143512,0
57218,0
25036,1
103195,0
46767,0
23158,1
30671,1
81534,0
124195,0
104839,0
54059,0
68480,0
59752,0
77713,0
118094,0
76288,0
86128,0
104486,0
81309,0
51505,0
144193,0
82177,0
41924,1
57379,0
31533,1
81423,0
113020,0
128714,0
37037,1
1524,1
150982,0
95121,0
154683,0
107109,0
104917,0
95657,0
10315,1
126437,0
158008,0
7068,1
16490,1
159253,0
117523,0
127123,0
34594,1
144257,0
59622,0
27736,1
59766,0
48386,0
19518,1
11282,1
51136,0
8744,1
109077,0
121036,0
117365,0
23371,1
21299,1
15948,1
78747,0
92730,0
11662,1
118395,0
67331,0
60410,0
54551,0
102023,0
57364,0
93658,0
2609,1
146195,0
42558,1
149172,0
123062,0
147442,0
13186,1
62789,0
159592,0
148574,0
96465,0
105995,0
14416,1
3364,1
39188,1
71585,0
159405,0
119448,0
31809,1
121414,0
26676,1
57646,0
92021,0
9184,1
120048,0
24200,1
27145,1
70471,0
91366,0
70614,0
53021,0
154709,0
57028,0
85104,0
147147,0
150133,0
16012,1
156946,0
143701,0
123612,0
8622,1
20911,1
37766,1
46501,0
144484,0
68471,0
80938,0
86560,0
23331,1
53002,0
23445,1
101210,0
4829,1
73480,0
65441,0
110179,0
16290,1
80259,0
95038,0
125996,0
124766,0
116208,0
13154,1
136394,0
92835,0
74395,0
125728,0
26102,1
74451,0
122962,0
40586,1
134429,0
66252,0
121564,0
6311,1
159168,0
106578,0
91380,0
154763,0
42653,1
134831,0
155341,0
144970,0
24144,1
58375,0
82487,0
135428,0
36336,1
34470,1
129298,0
122981,0
56114,0
128611,0
59335,0
106026,0
101855,0
128093,0
154893,0
142117,0
5701,1
84409,0
88256,0
82887,0
83844,0
124858,0
106393,0
105452,0
31176,1
129046,0
157760,0
68082,0
88467,0
124813,0
117654,0
130076,0
39105,1
107188,0
73606,0
81857,0
34376,1
21787,1
57798,0
137544,0
101087,0
142256,0
7040,1
31953,1
115661,0
106213,0
37140,1
77066,0
49362,0
66544,0
29980,1
23638,1
123537,0
7088,1
133683,0
152704,0
146870,0
23100,1
19388,1
133080,0
141182,0
90824,0
73660,0
133500,0
56499,0
93577,0
94696,0
27504,1
88599,0
103151,0
89315,0
124013,0
93351,0
108360,0
60087,0
134634,0
41593,1
70379,0
37092,1
82094,0
8489,1
76572,0
101133,0
109233,0
43736,1
36037,1
124479,0
93731,0
119165,0
147430,0
143052,0
102619,0
2402,1
104697,0
93810,0
53366,0
1810,1
111119,0
42949,1
88059,0
2143,1
94186,0
20874,1
41989,1
99685,0
77107,0
22152,1
18729,1
157085,0
11457,1
95272,0
103983,0
27098,1
89628,0
109869,0
108011,0
114047,0
132503,0
51676,0
140989,0
126284,0
94124,0
106032,0
5989,1
83997,0
136204,0
149668,0
122287,0
49671,0
105261,0
108715,0
18768,1
9957,1
89506,0
41675,1
110662,0
48122,0
141206,0
70755,0
18900,1
48078,0
44405,1
2203,1
17282,1
63198,0
81280,0
11303,1
54260,0
105744,0
91200,0
13794,1
19743,1
38960,1
125694,0
115189,0
105021,0
97069,0
11827,1
122640,0
53746,0
50926,0
34487,1
47929,0
155521,0
117859,0
35735,1
110460,0
35514,1
14582,1
13488,1
77261,0
1352,1
5143,1
1218,1
91092,0
52074,0
138786,0
12737,1
62123,0
104662,0
56538,0
134575,0
80017,0
107734,0
109138,0
156131,0
143098,0
73900,0
107730,0
63262,0
144871,0
87391,0
29395,1
84085,0
28086,1
55313,0
52297,0
11616,1
104204,0
94616,0
3957,1
141579,0
24340,1
97145,0
77932,0
47030,0
58046,0
156257,0
67340,0
18126,1
88310,0
52627,0
99522,0
79958,0
141633,0
153000,0
84512,0
81817,0
129695,0
41140,1
109049,0
70747,0
125516,0
90914,0
4084,1
16594,1
116232,0
135437,0
28370,1
77872,0
152603,0
74611,0
64370,0
40131,1
50129,0
25821,1
73688,0
115300,0
107117,0
101913,0
125831,0
19827,1
157490,0
117377,0
84079,0
49263,0
37751,1
80184,0
102308,0
3811,1
105870,0
41069,1
72152,0
52844,0
116244,0
142436,0
52393,0
28787,1
2000,1
108616,0
22448,1
132931,0
99086,0
12687,1
15726,1
43883,1
133000,0
33907,1
65137,0
46698,0
77094,0
106856,0
75915,0
36970,1
112773,0
58692,0
14425,1
145478,0
130304,0
32353,1
59985,0
108673,0
153286,0
123879,0
153167,0
63291,0
146273,0
53690,0
91234,0
91408,0
111488,0
133954,0
31792,1
136331,0
79199,0
7440,1
33341,1
125330,0
61425,0
44485,1
68576,0
51628,0
141033,0
115843,0
49557,0
51686,0
53040,0
3708,1
12288,1
13670,1
75747,0
31173,1
152748,0
64140,0
52141,0
125549,0
119391,0
51198,0
14166,1
31514,1
101994,0
148013,0
61530,0
43667,1
126187,0
94150,0
136753,0
139037,0
6993,1
13319,1
68232,0
60884,0
111450,0
110555,0
148140,0
80565,0
150243,0
49004,0
67796,0
84395,0
150232,0
5839,1
56941,0
116019,0
96047,0
63740,0
26660,1
97020,0
96046,0
8353,1
7548,1
150276,0
27189,1
137665,0
94456,0
61301,0
88930,0
35994,1
127644,0
107695,0
102391,0
40782,1
110066,0
146758,0
141307,0
25982,1
154861,0
123518,0
52689,0
121794,0
31863,1
78372,0
69738,0
108284,0
119432,0
62265,0
55099,0
132264,0
34514,1
69043,0
144100,0
58268,0
29619,1
73748,0
62089,0
115083,0
95633,0
123365,0
154984,0
13110,1
132583,0
8554,1
41492,1
15170,1
146980,0
111249,0
148855,0
98250,0
140717,0
157054,0
88498,0
3882,1
147543,0
91846,0
29779,1
140919,0
123353,0
157821,0
12893,1
137075,0
74283,0
64447,0
150561,0
135582,0
125802,0
137321,0
157715,0
59959,0
20845,1
68061,0
1403,1
131160,0
119,1
103731,0
19540,1
138220,0
91074,0
96476,0
10948,1
14314,1
27914,1
136142,0
110320,0
42487,1
116260,0
91586,0
107760,0
111167,0
35865,1
36659,1
92894,0
79590,0
99632,0
111694,0
117563,0
148924,0
50210,0
26656,1
28344,1
143210,0
101964,0
36753,1
64622,0
134892,0
47925,0
111747,0
82467,0
130050,0
111780,0
65794,0
318,1
126759,0
118175,0
111751,0
112345,0
104761,0
56724,0
74004,0
129373,0
137239,0
153728,0
31408,1
2812,1
146122,0
139305,0
37565,1
84631,0
94656,0
58728,0
24500,1
107915,0
133468,0
113219,0
28145,1
141296,0
12249,1
46392,0
79659,0
69375,0
92527,0
81598,0
49034,0
156701,0
76874,0
131830,0
115698,0
113876,0
64246,0
130611,0
47864,0
106369,0
126046,0
70834,0
8226,1
40873,1
43685,1
92024,0
18391,1
146236,0
85269,0
65018,0
52471,0
70616,0
148361,0
12845,1
85810,0
100194,0
133792,0
158532,0
29523,1
76159,0
30310,1
124805,0
42998,1
61082,0
40354,1
31212,1
19436,1
159415,0
156860,0
40936,1
32723,1
129702,0
38072,1
91045,0
123477,0
14004,1
111239,0
68008,0
36846,1
101862,0
142005,0
153381,0
65723,0
7673,1
134426,0
9221,1
110520,0
139355,0
24829,1
136492,0
20514,1
9982,1
67084,0
139902,0
59341,0
84851,0
75280,0
26435,1
124302,0
53267,0
36929,1
131504,0
117524,0
138139,0
99199,0
70094,0
124026,0
122995,0
44769,1
21048,1
65573,0
3094,1
16808,1
103965,0
136951,0
3966,1
98659,0
84875,0
8841,1
97301,0
32104,1
20215,1
24975,1
119333,0
94067,0
133431,0
136282,0
62476,0
33633,1
46480,0
19489,1
24698,1
571,1
31629,1
109961,0
111912,0
108455,0
141066,0
20145,1
101721,0
50187,0
149752,0
141888,0
80598,0
158589,0
21530,1
17137,1
28876,1
97211,0
5706,1
34033,1
44218,1
39689,1
122012,0
22159,1
35931,1
75288,0
71376,0
131073,0
99612,0
30186,1
95812,0
75158,0
86549,0
152648,0
9530,1
85727,0
1204,1
67609,0
91041,0
65141,0
134400,0
76236,0
27503,1
46412,0
70948,0
36786,1
122948,0
34568,1
7842,1
94978,0
153403,0
88958,0
137534,0
142226,0
142675,0
39339,1
17495,1
73315,0
87870,0
271,1
117047,0
115190,0
99803,0
53591,0
131223,0
124180,0
59656,0
126031,0
4295,1
14993,1
128552,0
76415,0
19860,1
147770,0
84579,0
123976,0
124476,0
68293,0
92093,0
119584,0
141362,0
132459,0
153340,0
22519,1
142279,0
96917,0
141867,0
18113,1
159095,0
15484,1
136907,0
94128,0
104068,0
25956,1
19117,1
7959,1
104844,0
115183,0
104990,0
69463,0
107227,0
90551,0
6820,1
133300,0
85478,0
104094,0
25618,1
118710,0
145081,0
23068,1
4865,1
17736,1
138260,0
54691,0
26695,1
46655,0
28573,1
155818,0
135338,0
25719,1
130314,0
47464,0
155373,0
16806,1
125980,0
71309,0
48939,0
13313,1
156983,0
149280,0
136502,0
156211,0
89438,0
101709,0
69595,0
126603,0
102713,0
2507,1
121031,0
112846,0
72030,0
137066,0
122725,0
99064,0
104216,0
138517,0
110751,0
48070,0
47549,0
4724,1
118548,0
127211,0
29407,1
117423,0
17892,1
128776,0
30733,1
52655,0
155634,0
151610,0
56365,0
46542,0
74671,0
77398,0
109360,0
2465,1
39374,1
19137,1
62071,0
17286,1
49668,0
26537,1
129407,0
85416,0
94377,0
127434,0
90206,0
110499,0
143563,0
70327,0
156799,0
108844,0
58687,0
97143,0
45039,1
144364,0
149798,0
148804,0
39270,1
114720,0
77058,0
123436,0
152928,0
12725,1
3188,1
120507,0
74628,0
153132,0
99988,0
110963,0
126248,0
20706,1
100083,0
157133,0
75148,0
105793,0
64679,0
26743,1
55132,0
115142,0
4512,1
133421,0
152674,0
47805,0
118563,0
60836,0
7575,1
2346,1
116872,0
67333,0
38608,1
73425,0
133924,0
126438,0
150367,0
151972,0
41808,1
90613,0
64075,0
122475,0
60906,0
98142,0
91922,0
73486,0
91301,0
68858,0
59105,0
110971,0
41462,1
59593,0
93613,0
106543,0
137073,0
31240,1
107007,0
3545,1
55358,0
83972,0
99443,0
127352,0
156262,0
97939,0
43183,1
137365,0
76599,0
50417,0
13877,1
149631,0
45522,0
101875,0
154646,0
124510,0
94436,0
27992,1
83854,0
140884,0
63520,0
22701,1
122696,0
70031,0
26935,1
13213,1
156784,0
100308,0
134983,0
73362,0
148515,0
123508,0
50622,0
159133,0
141496,0
146767,0
50034,0
32305,1
140117,0
142199,0
17596,1
62726,0
7052,1
100386,0
44561,1
3299,1
119617,0
112515,0
84315,0
99320,0
36145,1
65586,0
158960,0
16763,1
106945,0
41971,1
103710,0
145713,0
78148,0
10720,1
11206,1
126358,0
141353,0
151538,0
14778,1
88516,0
156582,0
24983,1
20474,1
148152,0
100800,0
98956,0
33760,1
31927,1
47993,0
654,1
42557,1
89744,0
118912,0
97088,0
93802,0
33937,1
136234,0
8926,1
127187,0
40869,1
125960,0
87769,0
57466,0
10417,1
96336,0
128248,0
52912,0
23245,1
70722,0
68626,0
27240,1
18532,1
133883,0
129354,0
153033,0
55897,0
67986,0
106715,0
79717,0
78995,0
9010,1
158988,0
27563,1
129005,0
73280,0
52552,0
76661,0
135296,0
126963,0
51795,0
34740,1
132110,0
122334,0
15046,1
92038,0
60732,0
205,1
156807,0
49491,0
100145,0
41424,1
87894,0
93251,0
42643,1
100201,0
106892,0
140921,0
87914,0
21964,1
63585,0
78081,0
121859,0
95754,0
51595,0
35813,1
114816,0
158422,0
100252,0
27888,1
37998,1
131949,0
76719,0
64421,0
17808,1
107607,0
64150,0
110451,0
109177,0
134157,0
6107,1
52942,0
101980,0
109592,0
67149,0
29989,1
43629,1
6695,1
37431,1
38447,1
66042,0
15588,1
44128,1
121516,0
115794,0
127530,0
140494,0
118011,0
13942,1
152058,0
37746,1
151343,0
18387,1
9396,1
3137,1
145443,0
11078,1
142520,0
88978,0
155086,0
143388,0
156613,0
4903,1
148112,0
21335,1
103079,0
65955,0
7563,1
106846,0
149189,0
154021,0
85257,0
154934,0
42366,1
43990,1
3736,1
109813,0
104705,0
31935,1
37175,1
152528,0
81595,0
59368,0
111615,0
121204,0
52897,0
151024,0
85886,0
24506,1
70253,0
21943,1
100408,0
76576,0
85732,0
109982,0
88245,0
16812,1
102431,0
79483,0
134236,0
73341,0
108374,0
4828,1
56408,0
10538,1
124568,0
155538,0
71779,0
112811,0
100874,0
107879,0
122780,0
30407,1
65390,0
145605,0
44627,1
2969,1
156924,0
149549,0
20394,1
27964,1
64898,0
155621,0
138774,0
47615,0
98933,0
100073,0
145798,0
151566,0
62695,0
137977,0
72407,0
143837,0
93891,0
113021,0
80271,0
30930,1
151109,0
141377,0
100411,0
85708,0
130555,0
140579,0
37936,1
134819,0
59196,0
37192,1
22908,1
18473,1
36044,1
101782,0
43928,1
11383,1
63696,0
40715,1
129959,0
7051,1
101857,0
94307,0
63471,0
83841,0
80176,0
143400,0
133213,0
133222,0
26694,1
60268,0
16473,1
104245,0
135497,0
144304,0
17159,1
114578,0
137352,0
113557,0
89945,0
148880,0
81930,0
65620,0
123069,0
45059,1
52178,0
48643,0
94817,0
142654,0
101762,0
134836,0
9160,1
157842,0
140752,0
17980,1
74248,0
119326,0
56554,0
113541,0
109052,0
68482,0
154096,0
116903,0
152070,0
153184,0
23178,1
50710,0
98067,0
76992,0
2476,1
114931,0
46937,0
86279,0
105218,0
45433,0
4574,1
17932,1
113017,0
139624,0
44421,1
36012,1
29450,1
149879,0
61101,0
53605,0
65424,0
19683,1
78805,0
10945,1
88456,0
101469,0
143500,0
46995,0
80209,0
68592,0
110540,0
418,1
44849,1
136507,0
121964,0
155087,0
101705,0
145644,0
129840,0
26030,1
120305,0
33308,1
148517,0
130821,0
9278,1
101382,0
58806,0
62530,0
121096,0
154025,0
23571,1
91612,0
27879,1
145259,0
67011,0
117417,0
76562,0
144126,0
59836,0
45256,0
147857,0
71832,0
34049,1
135475,0
87743,0
140517,0
65825,0
1171,1
51298,0
141876,0
9337,1
2897,1
157069,0
54249,0
48472,0
112782,0
152545,0
100492,0
110049,0
4294,1
154778,0
94329,0
103677,0
147799,0
71351,0
78463,0
127375,0
57812,0
53756,0
10844,1
63829,0
50614,0
22556,1
131178,0
86902,0
17538,1
115677,0
111849,0
19166,1
130386,0
103145,0
146104,0
16907,1
52823,0
27743,1
114102,0
22351,1
114993,0
84939,0
63049,0
91533,0
47093,0
55661,0
17357,1
134166,0
94915,0
32147,1
2907,1
141311,0
17204,1
34834,1
53821,0
113400,0
23073,1
13282,1
108178,0
99019,0
114487,0
34490,1
109171,0
109070,0
70467,0
2263,1
10570,1
27847,1
8001,1
91260,0
75638,0
85854,0
114724,0
50306,0
149903,0
93463,0
85709,0
25368,1
38869,1
53,1
40675,1
14544,1
129248,0
82271,0
88684,0
21632,1
3478,1
84073,0
90891,0
109895,0
140279,0
151464,0
153688,0
142059,0
155307,0
13785,1
154329,0
127104,0
32656,1
143236,0
107432,0
65990,0
87588,0
104630,0
159502,0
49085,0
95521,0
139638,0
104777,0
119739,0
59333,0
96346,0
1051,1
94144,0
63201,0
66826,0
39026,1
142581,0
134716,0
53781,0
131058,0
99206,0
112919,0
32085,1
33449,1
105831,0
15554,1
16475,1
4816,1
40903,1
64952,0
32827,1
118899,0
32096,1
122110,0
119116,0
39204,1
122712,0
20877,1
49713,0
84553,0
117029,0
62881,0
60360,0
60247,0
152473,0
35309,1
30612,1
155487,0
113478,0
81340,0
3203,1
39876,1
138874,0
125809,0
15685,1
138437,0
132449,0
92254,0
73977,0
154702,0
153387,0
46073,0
43732,1
92073,0
122544,0
153389,0
24474,1
72781,0
59165,0
97676,0
91597,0
45856,0
82006,0
80876,0
103930,0
99759,0
155688,0
12156,1
142364,0
67268,0
143115,0
124694,0
70301,0
144704,0
130108,0
48275,0
77600,0
142783,0
49669,0
153823,0
106284,0
80350,0
122656,0
151908,0
2452,1
16193,1
117440,0
70821,0
70015,0
114569,0
127838,0
55459,0
83514,0
154462,0
96296,0
29656,1
155610,0
92813,0
111862,0
144404,0
118406,0
63488,0
151847,0
120833,0
89552,0
85430,0
73848,0
152559,0
41749,1
23032,1
102615,0
72656,0
85009,0
12413,1
88261,0
56120,0
10225,1
38371,1
138817,0
146831,0
380,1
133312,0
115519,0
22349,1
30967,1
85011,0
154344,0
45190,0
1566,1
119583,0
97553,0
99031,0
50771,0
15535,1
86496,0
96187,0
131560,0
30983,1
131418,0
32318,1
91894,0
10729,1
23495,1
27993,1
34542,1
6444,1
70641,0
2443,1
130005,0
92584,0
31874,1
111547,0
5387,1
81094,0
65489,0
48924,0
19500,1
107874,0
115546,0
106864,0
142293,0
84517,0
139886,0
38921,1
103943,0
154986,0
53037,0
47353,0
36684,1
147752,0
68940,0
64307,0
127085,0
59811,0
44346,1
63911,0
110941,0
79130,0
15183,1
123811,0
94888,0
92454,0
110238,0
140411,0
78571,0
53899,0
87635,0
126168,0
25144,1
124025,0
146954,0
120523,0
39581,1
77049,0
121740,0
128568,0
40544,1
85028,0
10879,1
62373,0
21993,1
13734,1
72834,0
33806,1
93292,0
56990,0
41120,1
150149,0
31722,1
6757,1
98879,0
131329,0
70221,0
9143,1
34610,1
113580,0
119856,0
40249,1
136300,0
149681,0
100513,0
33625,1
41786,1
72080,0
134603,0
22515,1
17340,1
67608,0
33557,1
143875,0
102962,0
33114,1
28114,1
88016,0
1664,1
130425,0
71644,0
103463,0
60617,0
95114,0
144038,0
98343,0
149122,0
132934,0
21568,1
4978,1
52872,0
88024,0
53054,0
6620,1
93528,0
24465,1
47275,0
13018,1
62944,0
121284,0
122889,0
101667,0
151970,0
83262,0
136417,0
15737,1
117244,0
66944,0
102952,0
34090,1
35939,1
64237,0
98779,0
91627,0
157694,0
82206,0
93490,0
150094,0
65319,0
113998,0
107839,0
142864,0
54381,0
49359,0
99105,0
156621,0
39815,1
65567,0
85512,0
135985,0
20500,1
36242,1
150350,0
39484,1
116527,0
17010,1
123159,0
2360,1
147474,0
151348,0
133383,0
138611,0
129592,0
40368,1
93553,0
60156,0
123897,0
142999,0
97260,0
26470,1
104366,0
38121,1
32930,1
148724,0
128333,0
124764,0
142033,0
28107,1
61686,0
144435,0
118769,0
152029,0
96661,0
81467,0
99208,0
103683,0
77362,0
119828,0
80269,0
99484,0
31300,1
152839,0
85252,0
31050,1
124211,0
111599,0
157898,0
104625,0
6376,1
65110,0
112733,0
71809,0
74864,0
65965,0
143765,0
50494,0
7453,1
29711,1
13810,1
56722,0
145089,0
12110,1
131773,0
35617,1
50287,0
110595,0
121323,0
119796,0
71808,0
107141,0
138351,0
25298,1
135964,0
50937,0
119034,0
17597,1
12161,1
59457,0
75699,0
104881,0
71671,0
801,1
13235,1
12206,1
2984,1
20438,1
14999,1
37599,1
115115,0
20752,1
17106,1
7499,1
105083,0
96172,0
60083,0
115941,0
125299,0
94056,0
129833,0
2503,1
124357,0
7317,1
150471,0
59776,0
28779,1
96792,0
18280,1
147541,0
4375,1
44874,1
76714,0
10533,1
104427,0
129824,0
96044,0
67388,0
129885,0
113752,0
29969,1
50501,0
51173,0
139803,0
64333,0
78726,0
23770,1
125211,0
36924,1
69967,0
119281,0
102789,0
18414,1
51054,0
76328,0
88213,0
110592,0
21558,1
77730,0
100111,0
9012,1
32153,1
8352,1
102200,0
99587,0
90873,0
105790,0
62496,0
96940,0
139296,0
2163,1
84437,0
97043,0
136349,0
47948,0
32803,1
17933,1
80124,0
28760,1
33884,1
135861,0
149809,0
24492,1
105296,0
54677,0
112752,0
47405,0
89525,0
118053,0
99914,0
149459,0
128098,0
103729,0
66096,0
151806,0
35982,1
100768,0
36539,1
80850,0
75431,0
63548,0
30412,1
135870,0
103584,0
31877,1
8407,1
151721,0
75310,0
28301,1
56237,0
47823,0
150995,0
4786,1
30624,1
75505,0
154582,0
154699,0
97255,0
82067,0
81581,0
28356,1
96552,0
90433,0
109798,0
78300,0
99704,0
129190,0
14454,1
41394,1
32690,1
39760,1
113365,0
66682,0
102654,0
116614,0
133230,0
53693,0
109661,0
10558,1
150636,0
9177,1
109544,0
94333,0
154990,0
34393,1
132441,0
47217,0
152103,0
107465,0
138221,0
82928,0
140069,0
29383,1
95815,0
12373,1
66814,0
153032,0
65401,0
153350,0
82000,0
10536,1
47369,0
143163,0
17587,1
79945,0
62472,0
9014,1
2642,1
20811,1
122368,0
54504,0
80032,0
19375,1
55810,0
117978,0
67352,0
115948,0
45875,0
125232,0
26507,1
143059,0
76608,0
616,1
153456,0
2995,1
157010,0
43379,1
118966,0
119838,0
95892,0
24384,1
3608,1
93809,0
74890,0
127860,0
35768,1
47251,0
119213,0
18786,1
7933,1
19782,1
98710,0
153788,0
85784,0
92696,0
134107,0
96625,0
2108,1
65178,0
23804,1
141246,0
145367,0
10523,1
87146,0
1933,1
45276,0
116338,0
46738,0
131170,0
107964,0
53778,0
98397,0
52436,0
64015,0
156999,0
88991,0
54654,0
89277,0
70147,0
152332,0
32342,1
122503,0
119270,0
89820,0
10715,1
38181,1
18027,1
84843,0
116826,0
17443,1
115878,0
14440,1
42429,1
81222,0
139077,0
90691,0
58431,0
57355,0
58608,0
70120,0
136365,0
137216,0
70655,0
123862,0
78106,0
119764,0
58097,0
28465,1
138310,0
93997,0
5460,1
132783,0
44216,1
88407,0
89474,0
120529,0
46981,0
130565,0
101575,0
115171,0
84855,0
138439,0
114997,0
121271,0
113278,0
65798,0
84473,0
47258,0
8598,1
35479,1
127836,0
59040,0
55649,0
148645,0
103600,0
55052,0
90274,0
28591,1
8009,1
47697,0
15751,1
26596,1
103447,0
67628,0
50007,0
77311,0
3031,1
92636,0
55939,0
150581,0
145065,0
19154,1
118629,0
80512,0
130187,0
138949,0
141523,0
105805,0
38568,1
143995,0
48998,0
52132,0
121142,0
115851,0
3402,1
130913,0
7101,1
103346,0
88241,0
130572,0
32531,1
12684,1
89050,0
28213,1
31004,1
50522,0
132008,0
140245,0
13413,1
64892,0
52635,0
100831,0
71646,0
123304,0
63215,0
55220,0
139552,0
85609,0
1336,1
36421,1
136787,0
109785,0
29151,1
23227,1
51658,0
91478,0
20950,1
48938,0
46818,0
65012,0
104659,0
20502,1
32913,1
4185,1
3339,1
10218,1
112343,0
99903,0
5398,1
33997,1
37312,1
139524,0
153345,0
84388,0
102510,0
45089,0
100104,0
84404,0
136876,0
133374,0
143647,0
78814,0
6623,1
108461,0
153195,0
143817,0
61205,0
26106,1
111029,0
62490,0
158889,0
119062,0
66255,0
37748,1
31633,1
87015,0
81813,0
46730,0
43157,1
117615,0
9058,1
14176,1
2196,1
19424,1
88605,0
135772,0
21015,1
87219,0
62613,0
140624,0
135959,0
155017,0
40340,1
137632,0
121389,0
94473,0
159138,0
138828,0
28088,1
42482,1
129309,0
115831,0
7579,1
143947,0
150238,0
112927,0
65176,0
30487,1
64527,0
152775,0
115561,0
69734,0
132501,0
154304,0
132103,0
122553,0
140823,0
86252,0
104460,0
85674,0
116733,0
90518,0
6211,1
157551,0
132331,0
2743,1
6821,1
116178,0
115037,0
74222,0
32983,1
105390,0
119075,0
158168,0
43122,1
95608,0
128340,0
68773,0
104176,0
107546,0
55145,0
17433,1
124270,0
74585,0
158140,0
63695,0
32974,1
81669,0
108942,0
53636,0
2370,1
47783,0
647,1
34653,1
114805,0
98572,0
65421,0
65766,0
79722,0
141186,0
19808,1
139651,0
51434,0
30693,1
104711,0
142082,0
6791,1
132890,0
112435,0
38931,1
78970,0
142662,0
1600,1
25430,1
133503,0
42017,1
145697,0
147828,0
46727,0
85274,0
50765,0
143281,0
1289,1
63194,0
89444,0
54414,0
80175,0
20109,1
79128,0
60149,0
62062,0
6736,1
119661,0
109942,0
69509,0
33420,1
60827,0
66896,0
22726,1
130776,0
31922,1
18373,1
33504,1
148391,0
66496,0
80443,0
98817,0
81745,0
126673,0
110227,0
42435,1
3182,1
156059,0
105555,0
36935,1
2229,1
133674,0
24504,1
63540,0
157181,0
131201,0
61897,0
69780,0
57375,0
79436,0
68470,0
4723,1
132668,0
85883,0
42016,1
40336,1
139194,0
50099,0
118937,0
22712,1
54135,0
23328,1
24450,1
2154,1
51418,0
36071,1
131454,0
97947,0
27222,1
148569,0
113158,0
20129,1
17607,1
154791,0
129539,0
150269,0
20543,1
92033,0
15062,1
144272,0
43640,1
83222,0
153749,0
119225,0
117248,0
132410,0
49422,0
96963,0
133334,0
91097,0
22551,1
62615,0
67921,0
158409,0
34283,1
16342,1
111606,0
112550,0
89175,0
91425,0
5817,1
79455,0
61509,0
125412,0
93048,0
4889,1
25947,1
121547,0
7644,1
80837,0
137789,0
136289,0
139747,0
70504,0
42194,1
102171,0
17280,1
87530,0
148055,0
14016,1
87808,0
154013,0
96944,0
31694,1
108338,0
49515,0
98981,0
63539,0
50842,0
124556,0
57945,0
29411,1
44264,1
79213,0
54446,0
95903,0
8348,1
104824,0
64120,0
87793,0
18805,1
148217,0
35728,1
59624,0
151341,0
148385,0
134297,0
89447,0
112858,0
120515,0
30592,1
122155,0
146341,0
111617,0
66360,0
32394,1
8293,1
135354,0
87556,0
18259,1
27677,1
133715,0
11123,1
41296,1
113439,0
14329,1
93266,0
145723,0
142234,0
65276,0
43445,1
76805,0
100991,0
125842,0
26374,1
84211,0
84936,0
3724,1
135333,0
104812,0
93094,0
111292,0
94725,0
11277,1
116121,0
108298,0
89460,0
70011,0
10638,1
35085,1
1746,1
92197,0
16467,1
50646,0
98654,0
123400,0
74439,0
46801,0
19383,1
68996,0
95226,0
153856,0
125364,0
140392,0
31760,1
19327,1
101230,0
97869,0
54218,0
75389,0
103662,0
98482,0
155338,0
60863,0
74015,0
9100,1
151719,0
26713,1
158454,0
113232,0
156444,0
39458,1
87986,0
42199,1
149180,0
46052,0
31113,1
136157,0
52292,0
51854,0
2144,1
150399,0
22487,1
86637,0
99171,0
141859,0
7976,1
142192,0
87656,0
141039,0
68302,0
141816,0
23651,1
53754,0
71909,0
154115,0
128603,0
105788,0
124199,0
129686,0
49326,0
70485,0
44396,1
90994,0
5108,1
50996,0
112627,0
59685,0
21130,1
136865,0
22419,1
57110,0
8231,1
90386,0
61995,0
61164,0
12859,1
42776,1
34626,1
65669,0
138990,0
54555,0
2992,1
6991,1
73146,0
73522,0
104569,0
118549,0
42999,1
99586,0
31679,1
27667,1
57739,0
49843,0
31787,1
84261,0
150453,0
46838,0
61774,0
111632,0
92418,0
41950,1
49448,0
102573,0
34595,1
125065,0
145956,0
78951,0
89590,0
98152,0
120992,0
93576,0
53954,0
20412,1
51789,0
65744,0
62771,0
34507,1
89547,0
128920,0
9454,1
116130,0
98894,0
95791,0
46245,0
150960,0
34224,1
2797,1
54282,0
40711,1
21254,1
142353,0
126746,0
138784,0
157911,0
53076,0
10477,1
143467,0
62711,0
54148,0
123532,0
150457,0
59727,0
13836,1
36418,1
83338,0
81974,0
153191,0
125368,0
95303,0
103843,0
135732,0
36680,1
34369,1
99806,0
121986,0
79050,0
72828,0
38633,1
124860,0
77807,0
148887,0
46608,0
57438,0
44996,1
138836,0
32009,1
82239,0
59222,0
79897,0
21521,1
11573,1
42901,1
66784,0
74416,0
20043,1
36612,1
46739,0
63089,0
21692,1
97389,0
134037,0
67864,0
50317,0
94188,0
95953,0
43375,1
106972,0
100556,0
119577,0
87127,0
101271,0
95102,0
63993,0
61792,0
148647,0
25519,1
303,1
25392,1
146252,0
123290,0
117704,0
118493,0
117250,0
83760,0
76224,0
158378,0
67188,0
11991,1
110882,0
159525,0
120000,0
159305,0
46926,0
68554,0
16503,1
69433,0
113205,0
23649,1
28568,1
75217,0
93336,0
112630,0
34621,1
144073,0
38141,1
71061,0
81500,0
96443,0
69804,0
155574,0
35550,1
62794,0
102597,0
41374,1
29807,1
73913,0
157921,0
153437,0
92523,0
137469,0
33684,1
19334,1
115217,0
112072,0
56921,0
83378,0
115082,0
102898,0
150856,0
26362,1
56447,0
130147,0
17923,1
131509,0
44689,1
36404,1
4028,1
58543,0
141517,0
17076,1
145826,0
144434,0
89599,0
64223,0
30934,1
92625,0
130223,0
148260,0
76433,0
16434,1
59147,0
5263,1
150379,0
19635,1
43368,1
22738,1
76161,0
14885,1
144881,0
118341,0
149518,0
129222,0
52496,0
55285,0
122173,0
1055,1
14967,1
130691,0
99176,0
25761,1
85175,0
100401,0
152918,0
110036,0
81420,0
68811,0
40712,1
45250,0
21034,1
90002,0
120424,0
11807,1
99250,0
85954,0
32867,1
27999,1
122344,0
85813,0
154482,0
93366,0
69425,0
4523,1
147849,0
113679,0
66715,0
121465,0
47879,0
109782,0
153348,0
151068,0
80961,0
116234,0
142609,0
3213,1
126114,0
114002,0
126406,0
113106,0
131529,0
66225,0
57593,0
13690,1
31695,1
114082,0
102022,0
144482,0
81950,0
100268,0
54644,0
121341,0
452,1
142043,0
154219,0
94449,0
73047,0
50805,0
147904,0
75682,0
100011,0
116049,0
57869,0
51102,0
106149,0
84046,0
98156,0
137061,0
10439,1
102803,0
2563,1
121254,0
75344,0
72027,0
13454,1
12794,1
38645,1
152694,0
33819,1
14381,1
117602,0
158310,0
71461,0
146723,0
15945,1
140029,0
117049,0
91469,0
147990,0
135670,0
50696,0
39510,1
119708,0
99987,0
106918,0
48978,0
144991,0
112721,0
65788,0
139027,0
79519,0
26857,1
67429,0
398,1
105173,0
33448,1
90624,0
13192,1
9200,1
5194,1
142023,0
14151,1
119601,0
153207,0
43278,1
151800,0
108093,0
40900,1
1666,1
36511,1
26970,1
60304,0
154368,0
151445,0
20868,1
109250,0
113740,0
139385,0
92262,0
79109,0
119018,0
67995,0
70261,0
83467,0
122963,0
157789,0
116087,0
80260,0
86006,0
119869,0
37551,1
36822,1
148461,0
20642,1
94545,0
82616,0
108758,0
15723,1
44386,1
118243,0
139392,0
81524,0
100030,0
31676,1
131259,0
18105,1
72855,0
122565,0
79665,0
148708,0
59898,0
69550,0
5819,1
85084,0
76539,0
102456,0
19508,1
44861,1
89919,0
89801,0
138821,0
25910,1
139879,0
20013,1
49319,0
137921,0
28811,1
139834,0
39232,1
81317,0
97874,0
5331,1
27809,1
106618,0
96010,0
138866,0
94069,0
11482,1
30770,1
107872,0
156459,0
148296,0
156791,0
20989,1
28852,1
96080,0
29912,1
92649,0
125568,0
31661,1
26071,1
27486,1
79327,0
93243,0
25897,1
137109,0
139940,0
1104,1
91801,0
93193,0
67600,0
51718,0
27438,1
3337,1
69052,0
159402,0
153428,0
142663,0
69333,0
15230,1
111426,0
55258,0
32209,1
36050,1
35868,1
17855,1
14044,1
64517,0
72426,0
82107,0
113742,0
131702,0
149704,0
52935,0
90764,0
112530,0
145819,0
46034,0
91297,0
97897,0
36379,1
13046,1
76904,0
4471,1
95431,0
125668,0
143797,0
52611,0
135862,0
100407,0
24255,1
157795,0
143611,0
110154,0
24887,1
81711,0
83672,0
136940,0
138491,0
15665,1
96686,0
8044,1
92207,0
130773,0
118567,0
100531,0
64761,0
154135,0
89434,0
1400,1
39957,1
39830,1
73923,0
47122,0
114975,0
36502,1
124291,0
152328,0
99697,0
83543,0
7701,1
135088,0
83719,0
8504,1
103846,0
90686,0
63450,0
79976,0
69904,0
67487,0
21564,1
4888,1
61062,0
14139,1
138108,0
48197,0
41413,1
53186,0
156219,0
64071,0
14742,1
87876,0
131421,0
38230,1
56485,0
42313,1
83864,0
76494,0
102847,0
65402,0
79040,0
137784,0
100399,0
968,1
72972,0
148929,0
39313,1
140634,0
31318,1
148510,0
143558,0
99978,0
93380,0
133601,0
42634,1
56084,0
151620,0
126164,0
148316,0
142754,0
131374,0
46189,0
132650,0
19884,1
116407,0
87039,0
87380,0
32981,1
28944,1
141011,0
53220,0
9768,1
49456,0
80960,0
30057,1
121762,0
129643,0
128433,0
104949,0
114876,0
84185,0
57857,0
46775,0
79854,0
78110,0
138042,0
140433,0
120602,0
19008,1
58639,0
105491,0
30101,1
14543,1
62815,0
32061,1
105626,0
125394,0
79010,0
40103,1
137409,0
27119,1
2949,1
155033,0
129595,0
69075,0
3166,1
35502,1
73452,0
142393,0
25884,1
71967,0
120010,0
82932,0
246,1
71846,0
53199,0
65374,0
74664,0
120041,0
76769,0
14991,1
90614,0
1338,1
63333,0
68167,0
91813,0
24979,1
69649,0
21432,1
18845,1
96672,0
145911,0
8166,1
9029,1
78789,0
26592,1
28893,1
77485,0
78151,0
11442,1
111957,0
58437,0
78937,0
43420,1
135116,0
1406,1
104313,0
119114,0
18762,1
111730,0
33413,1
146687,0
50617,0
11045,1
121743,0
40021,1
153203,0
146458,0
46865,0
154054,0
109328,0
139851,0
70365,0
86072,0
2292,1
135776,0
103158,0
103011,0
13267,1
123015,0
158446,0
56966,0
58469,0
99503,0
117022,0
118374,0
8909,1
46747,0
70951,0
79770,0
124470,0
15900,1
125854,0
25063,1
95497,0
46296,0
118502,0
67107,0
92124,0
91503,0
117642,0
64656,0
44646,1
91521,0
25134,1
149983,0
101237,0
8408,1
15499,1
7399,1
29771,1
138349,0
63470,0
145258,0
32207,1
56653,0
121491,0
118996,0
136062,0
94591,0
117894,0
93190,0
109943,0
141358,0
33507,1
150743,0
97815,0
30661,1
93096,0
103429,0
120387,0
146576,0
71107,0
103691,0
151637,0
80067,0
90968,0
31290,1
47366,0
147444,0
134318,0
67132,0
60179,0
62431,0
88418,0
137246,0
28945,1
7820,1
67053,0
148848,0
62599,0
50463,0
34846,1
61984,0
42876,1
48813,0
138025,0
117917,0
28582,1
14064,1
136328,0
119500,0
126074,0
67247,0
159160,0
51596,0
141575,0
135186,0
118540,0
104675,0
24337,1
59210,0
118881,0
128852,0
155966,0
20609,1
43938,1
133630,0
6625,1
87899,0
75457,0
142172,0
57721,0
710,1
42532,1
45797,0
31064,1
83962,0
44254,1
28699,1
94951,0
53854,0
137354,0
148996,0
13188,1
138489,0
105732,0
49513,0
83546,0
72359,0
66894,0
158478,0
58552,0
72433,0
143365,0
132197,0
49861,0
94628,0
159658,0
12613,1
115166,0
117875,0
83696,0
74269,0
154524,0
38449,1
157993,0
47758,0
54725,0
31814,1
117575,0
112871,0
157436,0
3915,1
32371,1
111619,0
28880,1
64460,0
80751,0
95755,0
72720,0
118732,0
117671,0
5697,1
110657,0
30634,1
23287,1
152868,0
5722,1
24642,1
1920,1
113445,0
113985,0
53089,0
144238,0
94097,0
147589,0
43519,1
119824,0
17440,1
120797,0
16500,1
56333,0
112197,0
52775,0
152369,0
85435,0
90344,0
65568,0
66936,0
154865,0
101886,0
95966,0
16128,1
63777,0
51120,0
151944,0
93604,0
4020,1
39282,1
127195,0
120327,0
53797,0
12020,1
148681,0
85568,0
19232,1
31344,1
116718,0
124646,0
75565,0
1485,1
81900,0
156699,0
98106,0
30956,1
21226,1
93868,0
16596,1
103399,0
56915,0
76571,0
151222,0
37977,1
51600,0
10111,1
108194,0
86956,0
152807,0
72373,0
127707,0
63178,0
31302,1
91061,0
3060,1
90292,0
109147,0
66782,0
121093,0
28551,1
35510,1
155394,0
144250,0
146851,0
95320,0
152015,0
137453,0
143766,0
143782,0
70794,0
10676,1
43564,1
148642,0
52797,0
56954,0
102911,0
31010,1
146157,0
131491,0
58800,0
118289,0
87302,0
62389,0
21346,1
47934,0
110083,0
103009,0
38372,1
88247,0
119266,0
149687,0
54547,0
81203,0
76563,0
59883,0
56314,0
141732,0
78256,0
89712,0
77213,0
109340,0
109921,0
2496,1
69503,0
33200,1
97513,0
82161,0
79120,0
3358,1
31614,1
15085,1
130509,0
108969,0
124414,0
99684,0
152048,0
71815,0
31669,1
158171,0
67635,0
103903,0
14043,1
114511,0
144252,0
47445,0
98565,0
45585,0
67209,0
53188,0
108876,0
44834,1
116257,0
136868,0
156354,0
96358,0
134065,0
119711,0
135360,0
38614,1
20621,1
123899,0
85459,0
77572,0
126852,0
128090,0
6659,1
4197,1
117854,0
2253,1
78460,0
148665,0
32834,1
14001,1
50900,0
48041,0
49922,0
91602,0
117085,0
42426,1
125097,0
28923,1
23909,1
9979,1
57188,0
2751,1
36537,1
94534,0
106521,0
138059,0
99577,0
2583,1
62833,0
63028,0
48400,0
4384,1
149971,0
11706,1
62432,0
97839,0
22455,1
111105,0
122392,0
4201,1
146255,0
127101,0
152716,0
72613,0
1919,1
91761,0
58918,0
41796,1
43189,1
61504,0
90790,0
125006,0
46680,0
91328,0
91454,0
78212,0
103207,0
158627,0
147510,0
113156,0
95727,0
152163,0
62435,0
28679,1
28095,1
29397,1
42192,1
156299,0
116213,0
74589,0
94511,0
80807,0
124272,0
154864,0
87631,0
103108,0
13426,1
112258,0
144775,0
82728,0
128374,0
91240,0
3361,1
141433,0
111540,0
143462,0
153965,0
57201,0
140918,0
89556,0
48266,0
122061,0
60881,0
103750,0
50488,0
151400,0
66066,0
29063,1
156347,0
116333,0
90612,0
7050,1
39311,1
73396,0
120432,0
89720,0
137002,0
7152,1
158115,0
30205,1
108603,0
65774,0
25268,1
114049,0
99168,0
84350,0
119059,0
6799,1
122280,0
40507,1
82408,0
41873,1
65100,0
87522,0
70135,0
63143,0
104939,0
66761,0
3529,1
106624,0
55018,0
69841,0
137790,0
88233,0
96490,0
121969,0
151292,0
119413,0
75980,0
157879,0
102337,0
9991,1
114737,0
59050,0
150156,0
69193,0
107613,0
26817,1
148132,0
120019,0
46650,0
109376,0
37151,1
91769,0
136518,0
69350,0
113435,0
97580,0
150298,0
52964,0
49886,0
80956,0
49845,0
90983,0
71753,0
300,1
46876,0
1876,1
155070,0
14063,1
38865,1
129530,0
8356,1
92227,0
82221,0
127095,0
110848,0
61856,0
20252,1
7048,1
18116,1
159480,0
67091,0
70932,0
20829,1
129621,0
149405,0
79615,0
117680,0
37865,1
150933,0
110638,0
112164,0
7737,1
124742,0
129603,0
76781,0
54248,0
25447,1
74739,0
51990,0
25748,1
12447,1
66086,0
60075,0
40682,1
81129,0
127005,0
35454,1
155322,0
73568,0
14085,1
7409,1
138048,0
127906,0
42556,1
70518,0
123187,0
115865,0
52383,0
157125,0
136136,0
11086,1
73784,0
130315,0
99220,0
110120,0
112413,0
26924,1
101248,0
94823,0
2557,1
23270,1
155245,0
36114,1
81125,0
74373,0
49061,0
140534,0
1311,1
35874,1
62839,0
124449,0
89345,0
71687,0
32401,1
84747,0
5298,1
43986,1
46486,0
74128,0
48775,0
118933,0
60287,0
133188,0
80162,0
128536,0
98076,0
88412,0
42900,1
147439,0
151563,0
66136,0
55932,0
148068,0
124380,0
84467,0
123718,0
124168,0
38286,1
58906,0
78216,0
113191,0
141314,0
116365,0
96958,0
21515,1
56357,0
98967,0
84410,0
5367,1
143149,0
17784,1
71154,0
54598,0
30850,1
141866,0
132977,0
80011,0
4005,1
120378,0
149063,0
30019,1
17619,1
40533,1
99185,0
30112,1
34553,1
13588,1
151575,0
21214,1
58961,0
64156,0
40293,1
35306,1
71839,0
146529,0
79924,0
51964,0
95140,0
116251,0
12298,1
117570,0
32230,1
156493,0
81250,0
136012,0
29477,1
99708,0
83605,0
46399,0
120706,0
83406,0
74118,0
159559,0
62348,0
54047,0
147318,0
135879,0
21070,1
151686,0
8956,1
11844,1
92914,0
39060,1
63288,0
121272,0
68359,0
96477,0
22244,1
32654,1
679,1
32447,1
135743,0
30810,1
97342,0
13059,1
6578,1
141868,0
118810,0
96522,0
86355,0
115884,0
82795,0
154388,0
48320,0
21156,1
23394,1
26941,1
158628,0
156338,0
95836,0
3167,1
114194,0
151339,0
148809,0
36171,1
128584,0
134338,0
15141,1
153166,0
52555,0
63617,0
99797,0
128600,0
10770,1
31393,1
98071,0
91599,0
148770,0
96560,0
33190,1
105807,0
5970,1
57474,0
46326,0
154026,0
128468,0
111894,0
153170,0
130220,0
24463,1
146211,0
147467,0
55744,0
110580,0
15436,1
74937,0
24726,1
36738,1
64614,0
122595,0
146726,0
81424,0
85942,0
40425,1
73785,0
50441,0
116606,0
40252,1
135345,0
38871,1
23282,1
124940,0
118100,0
115210,0
135494,0
146153,0
129131,0
54952,0
153634,0
116655,0
45264,0
22849,1
175,1
123967,0
80574,0
108059,0
38918,1
33731,1
134467,0
42364,1
97285,0
62471,0
132828,0
120906,0
11836,1
6828,1
101077,0
153628,0
82080,0
81645,0
114338,0
59453,0
48704,0
16511,1
145082,0
89493,0
107625,0
60696,0
36764,1
35495,1
118065,0
46946,0
88411,0
53069,0
109170,0
142772,0
79487,0
64428,0
156113,0
138789,0
117601,0
43347,1
61746,0
98584,0
130490,0
108400,0
29408,1
10019,1
27779,1
124444,0
135151,0
82967,0
124466,0
146670,0
123000,0
64780,0
144549,0
120499,0
42207,1
91124,0
98075,0
28228,1
71559,0
65032,0
34579,1
30285,1
137294,0
136063,0
24274,1
116684,0
79170,0
82817,0
42605,1
29879,1
138918,0
5346,1
46032,0
25763,1
58013,0
42458,1
84236,0
55461,0
80363,0
73559,0
32179,1
75164,0
53551,0
68330,0
145230,0
93571,0
119414,0
122216,0
73408,0
35175,1
152181,0
86874,0
145075,0
109378,0
90419,0
119392,0
137299,0
24565,1
110379,0
41184,1
73429,0
13143,1
90180,0
9898,1
146637,0
135037,0
83319,0
97231,0
12849,1
152639,0
45744,0
38997,1
114129,0
77999,0
77910,0
40658,1
141635,0
119374,0
140404,0
26138,1
121339,0
78085,0
79018,0
107660,0
104541,0
36282,1
115438,0
30995,1
143203,0
14954,1
26299,1
56165,0
68491,0
68818,0
139897,0
25844,1
111401,0
151983,0
131884,0
51296,0
129279,0
89183,0
24401,1
74811,0
149697,0
25424,1
91677,0
53431,0
22328,1
19547,1
137532,0
82794,0
68374,0
68715,0
128366,0
58583,0
150652,0
50442,0
70408,0
150874,0
99450,0
141540,0
11073,1
115388,0
125683,0
156817,0
128974,0
9174,1
128567,0
12418,1
129849,0
62234,0
74288,0
92955,0
92230,0
99569,0
8184,1
35015,1
11440,1
107589,0
82086,0
40157,1
94352,0
155514,0
136490,0
70944,0
9052,1
89775,0
65273,0
61429,0
80338,0
95268,0
60929,0
85373,0
157016,0
26037,1
72385,0
84433,0
158489,0
42416,1
6064,1
130977,0
103661,0
94227,0
83198,0
11569,1
115032,0
108476,0
85013,0
62195,0
14985,1
154546,0
76298,0
96193,0
140276,0
151500,0
97292,0
88490,0
133826,0
18291,1
82867,0
92658,0
40766,1
105578,0
74505,0
117381,0
60581,0
92556,0
119882,0
104914,0
85762,0
146334,0
101573,0
141599,0
106177,0
49367,0
74387,0
132121,0
139331,0
63743,0
138955,0
109289,0
133787,0
53172,0
122991,0
49504,0
112615,0
94726,0
159426,0
137284,0
115287,0
93331,0
52170,0
83022,0
34729,1
92858,0
6208,1
115470,0
66485,0
57532,0
158914,0
150239,0
48868,0
5573,1
15834,1
139904,0
125736,0
18403,1
49901,0
8829,1
62647,0
36570,1
3159,1
121875,0
9639,1
67946,0
123847,0
29047,1
34531,1
54641,0
69963,0
106575,0
6842,1
110736,0
100969,0
116411,0
63093,0
35702,1
41383,1
92069,0
120978,0
122031,0
76761,0
21424,1
123162,0
156222,0
115104,0
7314,1
90410,0
140344,0
79711,0
111801,0
13639,1
30910,1
3511,1
19320,1
3697,1
74001,0
59274,0
23530,1
28467,1
38074,1
158269,0
136852,0
27703,1
158154,0
116418,0
30760,1
132781,0
111679,0
118412,0
148818,0
35208,1
1626,1
142504,0
6129,1
116522,0
145234,0
61003,0
37003,1
60430,0
47895,0
9500,1
95554,0
101823,0
12562,1
73821,0
159770,0
144022,0
14007,1
14707,1
154415,0
43199,1
132143,0
27942,1
50472,0
49308,0
129627,0
2268,1
134161,0
2189,1
15927,1
60686,0
98994,0
112713,0
139084,0
128378,0
128365,0
152715,0
87369,0
59334,0
110217,0
76984,0
148720,0
104278,0
145167,0
129638,0
144085,0
152910,0
127643,0
11778,1
148482,0
59941,0
119591,0
147432,0
75487,0
31223,1
50723,0
145876,0
41459,1
23892,1
154758,0
81388,0
45924,0
34738,1
9997,1
97449,0
103643,0
140685,0
103660,0
26376,1
10175,1
147806,0
50866,0
153520,0
136048,0
130249,0
132001,0
54318,0
8233,1
39978,1
144457,0
42762,1
55107,0
63545,0
21251,1
126264,0
12040,1
120149,0
30405,1
56351,0
128316,0
20090,1
23688,1
13206,1
26194,1
58682,0
51588,0
61890,0
20693,1
133586,0
128503,0
129538,0
116258,0
97317,0
13979,1
118750,0
114944,0
61614,0
11454,1
20447,1
28680,1
123466,0
144907,0
48940,0
130035,0
102457,0
14862,1
64626,0
8463,1
68817,0
150440,0
81515,0
53101,0
120615,0
123022,0
73615,0
105435,0
146947,0
4993,1
30231,1
29175,1
10631,1
37702,1
55597,0
96370,0
133183,0
141617,0
16968,1
146884,0
89230,0
130438,0
121195,0
123470,0
68402,0
90203,0
117912,0
133976,0
68311,0
62191,0
79832,0
94262,0
43014,1
71049,0
107739,0
7344,1
16655,1
21111,1
102593,0
134,1
117127,0
81324,0
77844,0
151611,0
132117,0
55782,0
71751,0
36969,1
137947,0
9597,1
135759,0
73024,0
125286,0
122447,0
39748,1
149747,0
65493,0
125919,0
8062,1
103033,0
154780,0
94366,0
62324,0
37426,1
58992,0
155569,0
154296,0
112616,0
2228,1
16230,1
86652,0
23732,1
8797,1
98479,0
129531,0
57753,0
114878,0
92551,0
42948,1
62139,0
25047,1
25582,1
98812,0
103921,0
23912,1
10741,1
65555,0
100545,0
75083,0
34946,1
91109,0
157182,0
76855,0
45741,0
18518,1
90236,0
39422,1
155026,0
24310,1
129998,0
150268,0
10758,1
47818,0
84436,0
26844,1
38659,1
69612,0
40395,1
111661,0
63584,0
143890,0
98752,0
143821,0
39027,1
151327,0
1166,1
143100,0
13430,1
72938,0
60015,0
121333,0
23432,1
112545,0
66607,0
78181,0
51085,0
28146,1
6359,1
65109,0
18629,1
148264,0
84824,0
6261,1
157083,0
31576,1
154577,0
77568,0
21010,1
62937,0
39594,1
129003,0
130305,0
37178,1
33966,1
99027,0
53983,0
4337,1
135120,0
7985,1
50349,0
123688,0
125480,0
86376,0
140447,0
26332,1
153305,0
68819,0
127502,0
70892,0
97752,0
144867,0
65561,0
73053,0
123,1
54109,0
31188,1
133192,0
147268,0
153956,0
84272,0
2090,1
99766,0
74083,0
115318,0
36874,1
13434,1
109393,0
99528,0
16463,1
128204,0
21636,1
50863,0
97200,0
115893,0
34449,1
113606,0
152322,0
123342,0
43382,1
145680,0
126956,0
84695,0
62269,0
120043,0
33753,1
62857,0
83728,0
30804,1
74594,0
42578,1
115762,0
99980,0
96516,0
100462,0
117180,0
97104,0
73223,0
76831,0
58389,0
93937,0
71155,0
51026,0
83711,0
37749,1
125123,0
615,1
52535,0
129893,0
151707,0
19318,1
92936,0
42127,1
95675,0
131422,0
45689,0
41191,1
126124,0
123199,0
17011,1
89916,0
73864,0
138682,0
51504,0
98536,0
60886,0
117772,0
56802,0
42520,1
76341,0
30370,1
19678,1
66844,0
642,1
141042,0
56665,0
94167,0
104403,0
41399,1
32890,1
139766,0
80741,0
135799,0
96713,0
115355,0
153743,0
125544,0
2110,1
107144,0
143354,0
132886,0
19953,1
45576,0
110583,0
125220,0
38379,1
9958,1
33486,1
70801,0
50791,0
57750,0
88259,0
137323,0
143635,0
52584,0
150662,0
119137,0
101807,0
87703,0
14488,1
98969,0
142479,0
125722,0
60787,0
53843,0
48134,0
72052,0
104906,0
26084,1
28630,1
131347,0
83500,0
117519,0
103238,0
148370,0
102917,0
19179,1
153842,0
58594,0
128805,0
47517,0
125813,0
140196,0
13141,1
119960,0
119485,0
10784,1
42501,1
113486,0
129780,0
96276,0
57160,0
153202,0
91696,0
58999,0
36564,1
113734,0
81815,0
7965,1
144317,0
62835,0
28596,1
155171,0
79076,0
34640,1
52776,0
157934,0
30530,1
16462,1
133102,0
69722,0
36241,1
22381,1
72343,0
134793,0
50705,0
149151,0
74573,0
135074,0
69823,0
131911,0
81746,0
152487,0
41645,1
46681,0
15701,1
20185,1
76350,0
110001,0
42425,1
43581,1
26228,1
25604,1
83298,0
62374,0
101441,0
138114,0
116288,0
105916,0
9570,1
102285,0
3622,1
156862,0
9619,1
135232,0
42564,1
126320,0
153094,0
92892,0
78471,0
157858,0
79684,0
120485,0
12215,1
31683,1
134649,0
57301,0
154642,0
39794,1
154700,0
124309,0
128889,0
140475,0
103712,0
136959,0
12669,1
136823,0
78803,0
128825,0
121044,0
148236,0
63543,0
20775,1
79313,0
1208,1
71160,0
58556,0
123826,0
114626,0
69155,0
48434,0
40842,1
125772,0
30247,1
55531,0
145843,0
65164,0
116185,0
68094,0
18658,1
14663,1
55747,0
96302,0
66719,0
94774,0
136577,0
100109,0
58719,0
76101,0
80543,0
55761,0
93403,0
95582,0
150247,0
49938,0
53674,0
104382,0
111709,0
36301,1
151642,0
40332,1
121553,0
137644,0
145301,0
26292,1
68213,0
109547,0
41583,1
132592,0
66925,0
158607,0
120996,0
90312,0
91980,0
155866,0
87386,0
43021,1
115923,0
121814,0
131011,0
55509,0
88582,0
131330,0
79933,0
76275,0
7797,1
144569,0
35450,1
102924,0
83209,0
128309,0
85145,0
35716,1
76664,0
117492,0
112422,0
109096,0
51802,0
27524,1
145385,0
120565,0
31620,1
5973,1
26187,1
1676,1
63271,0
45165,0
70241,0
112084,0
53116,0
50421,0
6738,1
135899,0
14195,1
134268,0
132202,0
132987,0
94895,0
83387,0
85399,0
97049,0
61175,0
14126,1
16989,1
156201,0
152361,0
117367,0
106128,0
44034,1
42303,1
31906,1
81547,0
56155,0
104893,0
101757,0
95299,0
47287,0
82586,0
61139,0
94982,0
147779,0
41287,1
132733,0
37372,1
122970,0
80908,0
35576,1
116035,0
119855,0
64641,0
78696,0
83620,0
106897,0
100660,0
104731,0
58245,0
123308,0
33194,1
6277,1
18223,1
86365,0
12466,1
30392,1
38523,1
111284,0
158921,0
74546,0
74050,0
75186,0
27314,1
84237,0
7896,1
70460,0
76232,0
137464,0
122773,0
103885,0
121410,0
78056,0
42214,1
41104,1
68299,0
129868,0
64203,0
131966,0
85000,0
109246,0
1028,1
14565,1
158804,0
107882,0
86740,0
102045,0
46222,0
107365,0
154828,0
21430,1
117674,0
132823,0
82766,0
88390,0
103767,0
73986,0
126861,0
92301,0
23923,1
102830,0
104983,0
135982,0
65672,0
70634,0
5385,1
130162,0
148721,0
123698,0
98576,0
18065,1
151213,0
118338,0
42114,1
69141,0
77716,0
29442,1
124021,0
116380,0
36466,1
26724,1
46810,0
66698,0
120361,0
86897,0
66309,0
6463,1
36252,1
132570,0
156034,0
123264,0
76081,0
23760,1
128902,0
58003,0
156902,0
84866,0
114006,0
93017,0
82669,0
75108,0
110181,0
73134,0
121773,0
63151,0
147373,0
70062,0
79236,0
15020,1
82442,0
147118,0
104127,0
91422,0
122148,0
106488,0
5255,1
14224,1
19591,1
145177,0
94622,0
68427,0
124403,0
136609,0
148870,0
15176,1
115296,0
71639,0
39827,1
109411,0
121952,0
77698,0
48581,0
2958,1
85085,0
135084,0
82073,0
49379,0
16110,1
3333,1
64383,0
16270,1
75684,0
1579,1
122089,0
109656,0
57376,0
110212,0
113814,0
150709,0
79214,0
13703,1
91699,0
137316,0
56611,0
50594,0
45717,0
117203,0
151175,0
128931,0
52136,0
30565,1
53593,0
77303,0
134571,0
140054,0
94363,0
47378,0
126442,0
37776,1
136113,0
131669,0
142064,0
2414,1
157889,0
121954,0
70896,0
88160,0
130404,0
8355,1
89520,0
131574,0
52416,0
98617,0
62730,0
8329,1
98673,0
79240,0
77946,0
146799,0
109756,0
113838,0
10171,1
17110,1
152843,0
76025,0
88189,0
72982,0
76473,0
122851,0
142422,0
82456,0
69727,0
83091,0
89800,0
158388,0
123151,0
21884,1
112795,0
60859,0
78420,0
10709,1
156989,0
3365,1
159276,0
110371,0
49092,0
42606,1
69654,0
156954,0
19363,1
130117,0
57928,0
25596,1
7171,1
34370,1
36939,1
79384,0
26823,1
108143,0
108944,0
112002,0
123682,0
138303,0
127926,0
116,1
56968,0
86813,0
94376,0
145408,0
129221,0
121462,0
25754,1
41735,1
51492,0
152957,0
131075,0
13816,1
146592,0
31646,1
47585,0
131661,0
50017,0
159113,0
96787,0
122306,0
110498,0
83231,0
57270,0
109860,0
103090,0
45648,0
60324,0
144737,0
23511,1
149910,0
158941,0
118634,0
120612,0
131539,0
62660,0
108829,0
125978,0
119081,0
20781,1
100610,0
75981,0
100169,0
129149,0
1927,1
85003,0
140817,0
159527,0
137497,0
6455,1
71011,0
79292,0
62870,0
138158,0
157650,0
24394,1
29635,1
131273,0
60879,0
59085,0
114547,0
97332,0
83576,0
23960,1
71357,0
50222,0
21821,1
153452,0
151718,0
135937,0
30463,1
66448,0
89661,0
47529,0
100909,0
61611,0
79793,0
2527,1
157140,0
61460,0
89999,0
94163,0
141334,0
81871,0
137481,0
132741,0
33052,1
44580,1
100949,0
114570,0
61947,0
109922,0
34221,1
68588,0
71128,0
145928,0
104706,0
130042,0
13406,1
6,1
139590,0
25158,1
110944,0
110965,0
92846,0
58058,0
108541,0
39755,1
112434,0
155903,0
60301,0
155784,0
66435,0
73899,0
42543,1
145407,0
23637,1
133322,0
93884,0
148882,0
86205,0
52781,0
67887,0
12448,1
117302,0
65800,0
20266,1
153227,0
32106,1
16819,1
28874,1
95357,0
142241,0
73371,0
23064,1
94721,0
155992,0
84488,0
103962,0
24141,1
72489,0
32483,1
123558,0
41921,1
136672,0
114870,0
11557,1
156351,0
22145,1
59780,0
119786,0
114640,0
72349,0
104043,0
129069,0
55534,0
61067,0
22155,1
105477,0
31598,1
56636,0
62707,0
15979,1
87996,0
72609,0
83812,0
59001,0
83251,0
131173,0
138434,0
149362,0
38783,1
130799,0
70440,0
1094,1
127829,0
40632,1
109487,0
136998,0
52161,0
140990,0
34459,1
47207,0
27792,1
28330,1
64839,0
23727,1
1246,1
57258,0
56022,0
156520,0
144154,0
89195,0
49469,0
1359,1
72872,0
5301,1
14350,1
27690,1
129055,0
68640,0
123224,0
76342,0
102855,0
147687,0
115431,0
90285,0
92416,0
90356,0
19457,1
33032,1
55102,0
138423,0
153039,0
146030,0
104297,0
152762,0
83389,0
97168,0
58670,0
85694,0
62332,0
59910,0
124957,0
395,1
156526,0
51518,0
12833,1
27029,1
1811,1
153934,0
76444,0
7266,1
632,1
83072,0
150539,0
97134,0
140834,0
38889,1
4488,1
156727,0
39488,1
63640,0
35393,1
36290,1
27793,1
55655,0
151215,0
50003,0
33310,1
129748,0
506,1
155754,0
110714,0
143319,0
75926,0
26722,1
70802,0
135577,0
164,1
45628,0
73232,0
133582,0
134923,0
142335,0
85201,0
145535,0
146654,0
37975,1
137979,0
146099,0
38580,1
1093,1
135393,0
108710,0
80207,0
6657,1
33867,1
158928,0
156750,0
15709,1
9709,1
148019,0
134352,0
124389,0
68979,0
36368,1
127059,0
19770,1
27176,1
159157,0
62468,0
55119,0
158832,0
159557,0
10092,1
83552,0
157531,0
29227,1
83649,0
93665,0
29091,1
80235,0
78442,0
133360,0
80748,0
9129,1
54649,0
69771,0
42444,1
14562,1
48346,0
118109,0
58624,0
56068,0
21221,1
87491,0
154802,0
35269,1
104058,0
132114,0
26395,1
4861,1
138045,0
48344,0
123905,0
16668,1
132377,0
131053,0
137472,0
63208,0
12116,1
118459,0
31167,1
133879,0
152389,0
26029,1
93829,0
103280,0
61959,0
28098,1
34937,1
67780,0
102246,0
92953,0
3353,1
31942,1
124855,0
89095,0
60589,0
41525,1
28172,1
31441,1
73309,0
84682,0
152906,0
83645,0
61320,0
84999,0
72032,0
150492,0
13832,1
12343,1
143357,0
67693,0
51532,0
17542,1
42610,1
154282,0
66858,0
53107,0
97302,0
43889,1
134879,0
99775,0
106513,0
109768,0
145327,0
33211,1
84271,0
60076,0
12030,1
46110,0
68621,0
80878,0
11566,1
22411,1
12685,1
30690,1
103919,0
33869,1
49451,0
159546,0
40910,1
64546,0
108670,0
113321,0
105644,0
75258,0
27028,1
54205,0
50132,0
35855,1
98889,0
75923,0
22051,1
89400,0
136863,0
155962,0
58557,0
140574,0
21553,1
155364,0
103398,0
80495,0
73356,0
66142,0
73552,0
2818,1
82687,0
99909,0
44146,1
48895,0
102628,0
159328,0
14798,1
54034,0
137162,0
93009,0
134970,0
11570,1
120061,0
12923,1
19461,1
90478,0
53130,0
4689,1
116273,0
57938,0
128806,0
142392,0
109206,0
396,1
36067,1
95829,0
113642,0
90846,0
64798,0
91042,0
146669,0
106634,0
46339,0
40661,1
28848,1
20068,1
45581,0
73482,0
69341,0
8534,1
70520,0
57511,0
146512,0
13769,1
108799,0
24527,1
8497,1
117468,0
157578,0
4219,1
84177,0
15193,1
62243,0
3211,1
124930,0
121165,0
3000,1
80403,0
30306,1
152744,0
23824,1
115487,0
84195,0
55240,0
114086,0
148561,0
33349,1
111210,0
16498,1
128159,0
56625,0
38607,1
133385,0
100900,0
139046,0
11460,1
140618,0
133837,0
122600,0
16972,1
121061,0
19789,1
99457,0
136989,0
9273,1
35143,1
40182,1
79620,0
38012,1
11901,1
60439,0
148047,0
40650,1
60098,0
133975,0
1951,1
19634,1
111293,0
146583,0
158654,0
153176,0
8045,1
131882,0
89856,0
79883,0
133628,0
36156,1
131007,0
155556,0
109190,0
68379,0
84510,0
89247,0
158651,0
150926,0
25419,1
84873,0
129934,0
74814,0
61943,0
67099,0
58434,0
139909,0
126147,0
103487,0
39284,1
80364,0
6373,1
21399,1
14189,1
154500,0
26139,1
76355,0
130227,0
140440,0
121476,0
31297,1
140591,0
50307,0
90770,0
18890,1
92473,0
9316,1
115393,0
151383,0
34689,1
25293,1
5173,1
101934,0
4880,1
131885,0
35170,1
94970,0
4595,1
49468,0
63098,0
73666,0
103206,0
57656,0
156635,0
156303,0
29650,1
86264,0
113187,0
30587,1
148262,0
62713,0
112669,0
51496,0
73968,0
44459,1
89902,0
56739,0
155406,0
132633,0
138257,0
76495,0
115101,0
84170,0
122538,0
20669,1
109327,0
21440,1
149022,0
129935,0
63432,0
143458,0
83041,0
10788,1
141612,0
31080,1
132353,0
122926,0
105693,0
49423,0
20583,1
77,1
127932,0
67735,0
121095,0
97472,0
69647,0
51669,0
8342,1
157851,0
91821,0
19344,1
83780,0
149082,0
21830,1
26242,1
68147,0
143986,0
86148,0
64409,0
65337,0
129120,0
157187,0
59501,0
9203,1
40349,1
98226,0
22273,1
113210,0
80303,0
90397,0
70304,0
128566,0
31756,1
89266,0
18882,1
83525,0
154399,0
19578,1
32091,1
41207,1
127106,0
110326,0
143413,0
10306,1
11236,1
146912,0
58597,0
116135,0
36457,1
141556,0
118033,0
3314,1
75043,0
18154,1
81233,0
3042,1
48215,0
59882,0
74829,0
97942,0
108078,0
69298,0
119153,0
35147,1
54546,0
102043,0
100995,0
33496,1
159183,0
79137,0
117856,0
12477,1
36120,1
103372,0
41657,1
846,1
141962,0
32282,1
131736,0
34266,1
71864,0
138412,0
55275,0
29032,1
155290,0
103250,0
4622,1
84742,0
24537,1
59155,0
59342,0
157351,0
122482,0
13612,1
145021,0
110408,0
156578,0
32988,1
121369,0
119118,0
125498,0
3640,1
29109,1
62286,0
143996,0
108787,0
42488,1
116671,0
101707,0
150958,0
136757,0
58261,0
52538,0
59096,0
105905,0
28233,1
127847,0
115476,0
143650,0
151777,0
149242,0
93610,0
87396,0
158079,0
83761,0
2248,1
80641,0
62698,0
113488,0
19499,1
41339,1
49069,0
93980,0
77392,0
113258,0
8071,1
53287,0
71762,0
73618,0
157954,0
158298,0
38193,1
92123,0
129237,0
142451,0
159383,0
58674,0
79969,0
70973,0
107966,0
101888,0
12009,1
103690,0
47245,0
93960,0
78811,0
15564,1
121995,0
85741,0
64341,0
151497,0
28969,1
36019,1
50363,0
20504,1
137917,0
146472,0
78625,0
69243,0
10081,1
99109,0
45543,0
43729,1
123549,0
121470,0
80252,0
37979,1
64116,0
22347,1
96134,0
130256,0
82439,0
60411,0
140045,0
147740,0
98020,0
156566,0
116559,0
97878,0
74006,0
125561,0
129909,0
83164,0
130693,0
152697,0
107811,0
105510,0
151737,0
81717,0
113990,0
25826,1
116268,0
20489,1
3171,1
18236,1
156475,0
93290,0
157398,0
72492,0
149064,0
153442,0
15267,1
57178,0
93690,0
154835,0
127804,0
23983,1
7157,1
107517,0
132287,0
114025,0
150823,0
39722,1
16505,1
116364,0
4516,1
148671,0
139562,0
68903,0
150511,0
102062,0
55549,0
131323,0
14080,1
19101,1
36528,1
150311,0
82538,0
20591,1
66338,0
13672,1
82782,0
108281,0
114409,0
92804,0
108347,0
106886,0
60257,0
155760,0
150731,0
47983,0
106738,0
127915,0
69588,0
36082,1
40947,1
7770,1
136616,0
124082,0
309,1
3403,1
78716,0
39226,1
130993,0
109061,0
124644,0
126562,0
106553,0
94447,0
124520,0
118377,0
54932,0
84938,0
75071,0
148409,0
12365,1
122350,0
100477,0
97191,0
76983,0
102054,0
89526,0
50949,0
8905,1
33653,1
22820,1
67847,0
73959,0
92626,0
145149,0
20128,1
10863,1
96051,0
6617,1
18763,1
142583,0
70979,0
60028,0
143403,0
50333,0
80273,0
142158,0
14592,1
101627,0
1332,1
14687,1
74275,0
30331,1
8517,1
27553,1
78108,0
39942,1
97323,0
50966,0
97445,0
22094,1
76368,0
3988,1
114161,0
9138,1
76448,0
16480,1
34954,1
159744,0
138177,0
49048,0
36654,1
79560,0
72814,0
70778,0
130626,0
78154,0
122411,0
12522,1
59834,0
59255,0
61232,0
124279,0
153192,0
64646,0
77742,0
65219,0
50718,0
146985,0
938,1
118876,0
116754,0
76905,0
108882,0
7147,1
39362,1
59966,0
57013,0
63954,0
107449,0
82535,0
26702,1
150573,0
69431,0
41044,1
65515,0
136276,0
118851,0
120826,0
39769,1
112519,0
103225,0
16583,1
94830,0
141958,0
41512,1
60983,0
120117,0
38090,1
42756,1
100905,0
153303,0
97246,0
717,1
140046,0
124945,0
139064,0
159170,0
21052,1
70034,0
69288,0
142281,0
37970,1
146921,0
70415,0
132955,0
19666,1
93794,0
36679,1
96306,0
57629,0
101677,0
152784,0
106767,0
150246,0
150249,0
89259,0
89002,0
50611,0
62341,0
111576,0
30946,1
113907,0
24084,1
108858,0
61841,0
15450,1
10698,1
132407,0
72276,0
53968,0
68050,0
44367,1
114577,0
83307,0
155460,0
147445,0
75568,0
53627,0
36943,1
53449,0
6441,1
124609,0
19,1
129056,0
147496,0
19722,1
86354,0
76187,0
34534,1
2948,1
99834,0
15005,1
66500,0
145788,0
139370,0
75884,0
114330,0
55105,0
97997,0
84431,0
97217,0
22484,1
121127,0
135798,0
86360,0
64664,0
73681,0
106763,0
112508,0
101905,0
83572,0
40608,1
94800,0
145807,0
147489,0
157079,0
62417,0
114159,0
62654,0
130758,0
2157,1
79366,0
94850,0
37186,1
50291,0
108728,0
54682,0
40579,1
156561,0
83623,0
65103,0
36576,1
85335,0
79288,0
139299,0
131754,0
1597,1
86979,0
159072,0
131659,0
93370,0
2151,1
145110,0
40087,1
21721,1
146602,0
112929,0
108632,0
8508,1
149515,0
15165,1
51064,0
15280,1
69605,0
117151,0
58573,0
130136,0
73691,0
65253,0
138867,0
14102,1
54717,0
82294,0
130343,0
39331,1
2816,1
117764,0
154954,0
114911,0
131100,0
91522,0
35941,1
76269,0
45330,0
89630,0
53403,0
105737,0
158833,0
127753,0
112716,0
157599,0
118298,0
124083,0
108495,0
19298,1
8031,1
141700,0
144015,0
121244,0
43637,1
19342,1
111339,0
66457,0
77394,0
14124,1
100928,0
64070,0
111117,0
130831,0
125442,0
15628,1
54022,0
109990,0
81471,0
84952,0
22563,1
84338,0
83305,0
106179,0
87568,0
25219,1
87673,0
31876,1
46186,0
151149,0
99083,0
137818,0
102245,0
17580,1
103390,0
116709,0
29887,1
56819,0
144414,0
125458,0
84322,0
40803,1
75989,0
152174,0
87432,0
4663,1
137680,0
43452,1
85790,0
158897,0
143214,0
117647,0
92502,0
13205,1
144750,0
45768,0
114012,0
148846,0
67758,0
69291,0
145732,0
58675,0
158083,0
110758,0
75295,0
33277,1
7198,1
101368,0
46705,0
157196,0
102771,0
83570,0
26606,1
82643,0
14860,1
149970,0
33491,1
69912,0
132458,0
148178,0
85817,0
108000,0
89669,0
97551,0
151838,0
90963,0
119714,0
100214,0
35032,1
22558,1
91571,0
123006,0
91644,0
102258,0
57607,0
74518,0
34638,1
15338,1
83357,0
78104,0
6792,1
17805,1
60370,0
127884,0
45095,0
71193,0
31281,1
92879,0
116440,0
116132,0
118642,0
105959,0
11796,1
4154,1
113544,0
46713,0
43586,1
43287,1
112388,0
9137,1
77377,0
10887,1
2226,1
99132,0
119687,0
85308,0
135919,0
49835,0
157071,0
111214,0
27475,1
155335,0
36028,1
117536,0
156601,0
78064,0
14450,1
94865,0
62339,0
6628,1
102553,0
9540,1
102978,0
158250,0
144862,0
136135,0
148279,0
36357,1
78546,0
150889,0
133983,0
60761,0
156394,0
76144,0
10801,1
152820,0
30137,1
75465,0
66730,0
11744,1
76720,0
72092,0
122049,0
43724,1
12693,1
100514,0
83751,0
25471,1
13919,1
117380,0
148141,0
62853,0
89344,0
114770,0
95705,0
131856,0
61166,0
83432,0
145322,0
36321,1
60544,0
49613,0
97084,0
8570,1
15400,1
117522,0
34425,1
878,1
28489,1
65929,0
153746,0
31273,1
137493,0
82619,0
28638,1
92374,0
93645,0
48159,0
11612,1
123379,0
15693,1
7288,1
86516,0
54487,0
148812,0
96559,0
146904,0
84042,0
64824,0
141662,0
98634,0
57149,0
147045,0
149791,0
58367,0
142782,0
111648,0
30215,1
25087,1
130027,0
135452,0
42465,1
108845,0
84154,0
147767,0
136957,0
140902,0
151090,0
20633,1
120298,0
118787,0
89015,0
35465,1
46671,0
123434,0
17709,1
121196,0
139517,0
93236,0
30244,1
101131,0
67102,0
1236,1
2079,1
154950,0
151885,0
140042,0
35489,1
137932,0
102799,0
125504,0
95715,0
151238,0
94984,0
62974,0
33770,1
17347,1
145900,0
123046,0
52638,0
10677,1
9057,1
131807,0
55778,0
150001,0
18306,1
69898,0
120487,0
67398,0
54901,0
146004,0
75381,0
43166,1
152625,0
139554,0
136626,0
113027,0
47117,0
115779,0
83330,0
929,1
52259,0
113817,0
124220,0
98083,0
4093,1
91185,0
47320,0
78492,0
142245,0
56286,0
83611,0
122355,0
101260,0
49179,0
137988,0
78115,0
22990,1
19392,1
62819,0
94977,0
99670,0
4460,1
130009,0
26272,1
21175,1
126060,0
30534,1
30291,1
121869,0
26524,1
72118,0
96694,0
146069,0
26045,1
135435,0
113242,0
38555,1
119574,0
67419,0
123759,0
33058,1
124345,0
31709,1
56639,0
86625,0
156418,0
103524,0
89604,0
17794,1
68522,0
34789,1
73542,0
93962,0
97681,0
115068,0
4389,1
84637,0
93224,0
131319,0
113971,0
153887,0
51081,0
54509,0
75414,0
130480,0
11264,1
54014,0
72817,0
127038,0
89724,0
3863,1
101171,0
94626,0
81924,0
39609,1
148691,0
137592,0
6693,1
50348,0
101671,0
109108,0
124399,0
60325,0
85540,0
29985,1
70288,0
146410,0
46153,0
116673,0
50064,0
75053,0
89057,0
54600,0
81088,0
44161,1
94820,0
34559,1
11510,1
54628,0
106564,0
120345,0
23463,1
7444,1
132956,0
31939,1
24202,1
105132,0
3960,1
142685,0
75998,0
136261,0
45071,1
56794,0
9,1
65371,0
54332,0
25839,1
120186,0
141148,0
139932,0
43523,1
96742,0
78763,0
130539,0
111989,0
132589,0
137474,0
24470,1
130261,0
9717,1
105274,0
9578,1
16531,1
58399,0
5112,1
88999,0
124411,0
80562,0
126227,0
65716,0
120102,0
29120,1
135347,0
77528,0
59956,0
105657,0
23850,1
142156,0
105602,0
88807,0
154545,0
24944,1
42622,1
65516,0
76036,0
106094,0
43712,1
74356,0
117017,0
152148,0
60650,0
39771,1
152853,0
32504,1
98126,0
108310,0
134532,0
132801,0
37233,1
44241,1
8310,1
5300,1
128978,0
71366,0
23630,1
18825,1
150868,0
66407,0
118686,0
130373,0
141073,0
68659,0
75893,0
36287,1
31311,1
898,1
58718,0
136549,0
132562,0
128164,0
34906,1
150717,0
109657,0
141615,0
115719,0
124768,0
41110,1
19534,1
143314,0
73442,0
59735,0
135495,0
54770,0
9180,1
68344,0
103945,0
71650,0
128601,0
100568,0
65170,0
20286,1
31135,1
43838,1
84116,0
54698,0
69703,0
84455,0
96129,0
95694,0
131182,0
117396,0
108007,0
18313,1
78313,0
121908,0
81398,0
85144,0
89144,0
31674,1
74533,0
40646,1
129806,0
35182,1
103659,0
21596,1
155494,0
78836,0
17922,1
140303,0
48487,0
43473,1
112751,0
23998,1
128785,0
36444,1
35324,1
100897,0
62972,0
50215,0
5787,1
76469,0
85916,0
90735,0
93650,0
72945,0
84857,0
18185,1
40539,1
62492,0
89307,0
11533,1
152489,0
64635,0
120731,0
57515,0
2501,1
17278,1
52754,0
103755,0
27233,1
80632,0
79721,0
111097,0
142,1
146588,0
8394,1
15860,1
106222,0
10731,1
57703,0
69250,0
147934,0
80594,0
103078,0
155061,0
63805,0
79329,0
107935,0
115909,0
95617,0
30409,1
53155,0
78712,0
57393,0
135152,0
349,1
49427,0
26679,1
71300,0
130446,0
88900,0
99153,0
112493,0
92132,0
144641,0
15884,1
152869,0
99121,0
91785,0
12255,1
27913,1
81732,0
25326,1
152242,0
8202,1
55149,0
37580,1
10287,1
69119,0
83951,0
52579,0
135829,0
96038,0
88387,0
118793,0
132069,0
97626,0
149979,0
86840,0
143188,0
146536,0
19085,1
147471,0
52265,0
149756,0
61722,0
25190,1
29848,1
72768,0
3014,1
39359,1
77613,0
31320,1
55427,0
37791,1
140939,0
52867,0
106616,0
27015,1
144028,0
19199,1
20058,1
131169,0
55546,0
146666,0
69694,0
112398,0
143625,0
87677,0
2525,1
88318,0
144608,0
21819,1
19155,1
74993,0
75818,0
124750,0
6803,1
79629,0
45062,1
114913,0
142696,0
13463,1
82657,0
122958,0
113178,0
96369,0
125103,0
39529,1
149695,0
89305,0
63891,0
148875,0
30316,1
108594,0
94699,0
72366,0
137351,0
122833,0
68327,0
114404,0
88258,0
4108,1
47704,0
110263,0
12340,1
112271,0
106344,0
107552,0
70039,0
129492,0
56959,0
26571,1
47219,0
95563,0
158313,0
58302,0
141340,0
84258,0
117777,0
21890,1
80642,0
152406,0
145030,0
50437,0
141786,0
40877,1
45495,0
62106,0
25780,1
141171,0
21137,1
64049,0
6530,1
35462,1
154015,0
10461,1
70257,0
50016,0
143313,0
95420,0
154267,0
7328,1
15687,1
21639,1
60618,0
39802,1
37082,1
23734,1
64469,0
148571,0
92741,0
158516,0
122145,0
129541,0
11597,1
29159,1
117083,0
135519,0
14452,1
51381,0
137399,0
24023,1
15143,1
106985,0
5370,1
30687,1
31559,1
101755,0
103032,0
12801,1
88180,0
20722,1
102705,0
57587,0
70510,0
48776,0
3996,1
45159,0
48881,0
154498,0
13113,1
73740,0
112577,0
68770,0
18180,1
47110,0
79886,0
1748,1
51664,0
26945,1
147334,0
31481,1
62086,0
33797,1
119168,0
113031,0
24099,1
96762,0
65974,0
133776,0
106366,0
37011,1
117163,0
110110,0
37217,1
97805,0
41937,1
118125,0
85477,0
99731,0
41507,1
121296,0
52938,0
3850,1
137480,0
111996,0
150230,0
154339,0
68917,0
35194,1
114715,0
149377,0
57002,0
10296,1
146259,0
43337,1
53063,0
16925,1
159152,0
159068,0
83602,0
59076,0
97760,0
10656,1
78762,0
85677,0
32042,1
137005,0
159604,0
91866,0
48597,0
145132,0
120109,0
64147,0
151340,0
43331,1
115968,0
9614,1
55865,0
42329,1
58829,0
5630,1
105838,0
18344,1
134351,0
20177,1
102242,0
148730,0
104174,0
6124,1
41183,1
1648,1
84474,0
15611,1
159660,0
117074,0
40168,1
52663,0
108822,0
88546,0
32376,1
154082,0
64608,0
129773,0
73885,0
105164,0
54072,0
125629,0
86123,0
70369,0
37359,1
75761,0
109750,0
152709,0
815,1
111819,0
71733,0
47246,0
149491,0
123047,0
2634,1
87817,0
16403,1
144458,0
69523,0
78702,0
31931,1
80709,0
89847,0
118497,0
15060,1
125979,0
127843,0
112856,0
12198,1
65700,0
107890,0
59297,0
40150,1
83035,0
46375,0
86774,0
87963,0
24539,1
147992,0
46824,0
104260,0
90896,0
123095,0
85415,0
19067,1
101393,0
8561,1
48138,0
130692,0
44722,1
28773,1
125041,0
103505,0
121830,0
110393,0
28163,1
130863,0
57853,0
127258,0
56465,0
33972,1
141176,0
145340,0
80475,0
69844,0
604,1
26349,1
70341,0
55143,0
113841,0
124581,0
93038,0
35266,1
26629,1
73033,0
11824,1
147312,0
14963,1
4407,1
38382,1
55016,0
141864,0
90031,0
125923,0
83322,0
140114,0
31061,1
11270,1
25986,1
38638,1
128809,0
120453,0
122065,0
48056,0
51502,0
149148,0
115785,0
69790,0
152537,0
37354,1
66748,0
21385,1
50980,0
75077,0
18040,1
85025,0
41054,1
48798,0
57537,0
135822,0
113252,0
71834,0
148181,0
114185,0
112561,0
136529,0
49193,0
49805,0
103241,0
38405,1
87487,0
22113,1
120441,0
57318,0
83114,0
121265,0
29803,1
119951,0
97596,0
89571,0
149846,0
8296,1
106196,0
122296,0
141071,0
122535,0
67157,0
115631,0
72189,0
112511,0
66717,0
128210,0
150018,0
111194,0
15562,1
77515,0
14934,1
144954,0
30685,1
66799,0
149091,0
38816,1
88382,0
67350,0
134337,0
58310,0
12441,1
16803,1
57450,0
76637,0
134202,0
56799,0
105465,0
78286,0
99155,0
13231,1
97965,0
72056,0
71432,0
110917,0
48832,0
109879,0
57041,0
93417,0
2582,1
113826,0
117194,0
69515,0
119268,0
144583,0
76200,0
4505,1
130738,0
61102,0
13569,1
5845,1
87346,0
88276,0
88326,0
90354,0
52514,0
105713,0
142788,0
20865,1
122848,0
9911,1
8199,1
126266,0
42371,1
138903,0
6253,1
39380,1
133941,0
124993,0
137486,0
16905,1
75109,0
86848,0
75087,0
93542,0
18952,1
87576,0
133655,0
120917,0
43678,1
104346,0
58598,0
36735,1
151490,0
159197,0
78312,0
31195,1
113819,0
70686,0
32306,1
119600,0
80451,0
30490,1
31425,1
87849,0
44053,1
9287,1
79850,0
59295,0
67316,0
22267,1
4620,1
47658,0
25048,1
101080,0
54923,0
84472,0
91249,0
55319,0
38714,1
88257,0
158998,0
23950,1
154604,0
53597,0
101345,0
138946,0
135397,0
126952,0
59997,0
73354,0
37593,1
140253,0
35283,1
111524,0
129442,0
104192,0
6351,1
114872,0
41058,1
131118,0
136901,0
43465,1
107965,0
14796,1
132279,0
84444,0
69037,0
57873,0
71704,0
62805,0
61372,0
9313,1
42297,1
3514,1
81461,0
138650,0
68692,0
105908,0
110852,0
40113,1
12899,1
22870,1
103890,0
68881,0
40357,1
135217,0
50632,0
35133,1
118562,0
40607,1
159223,0
63428,0
20941,1
39411,1
24861,1
31163,1
8456,1
142842,0
116316,0
128923,0
123476,0
49684,0
75221,0
154411,0
134909,0
151141,0
129411,0
79048,0
47472,0
84326,0
96815,0
39043,1
18328,1
112208,0
88755,0
128312,0
72229,0
139324,0
43540,1
141038,0
40885,1
158764,0
124455,0
34250,1
89273,0
128136,0
77501,0
153630,0
5869,1
123495,0
94332,0
110981,0
28361,1
110107,0
101670,0
68882,0
148084,0
82308,0
119956,0
102951,0
33878,1
89087,0
135995,0
59402,0
60341,0
12364,1
137910,0
115331,0
76471,0
13475,1
105837,0
23352,1
105382,0
30526,1
105763,0
146665,0
123368,0
143094,0
87172,0
142795,0
89204,0
39773,1
32540,1
145257,0
156810,0
147011,0
98991,0
150485,0
806,1
38031,1
33457,1
24101,1
44104,1
71058,0
91389,0
132776,0
125049,0
118886,0
127291,0
25706,1
15167,1
59111,0
100148,0
90887,0
51303,0
101034,0
71359,0
58869,0
84091,0
6462,1
25282,1
95639,0
86168,0
68399,0
86153,0
2627,1
143654,0
158443,0
151916,0
62478,0
88692,0
114370,0
138532,0
129622,0
114486,0
139116,0
71926,0
86250,0
80180,0
145432,0
5043,1
93538,0
45183,0
106028,0
62954,0
66423,0
130311,0
127683,0
10250,1
32133,1
132737,0
124909,0
64560,0
3178,1
58319,0
99645,0
124043,0
46070,0
31743,1
8328,1
107913,0
83118,0
99255,0
84775,0
70933,0
80725,0
80547,0
128788,0
46465,0
155861,0
13162,1
41326,1
61165,0
9410,1
8252,1
64777,0
141198,0
47773,0
77100,0
99060,0
103272,0
55801,0
157548,0
38959,1
25994,1
6656,1
78876,0
125283,0
3199,1
37155,1
38059,1
30362,1
102395,0
49159,0
8405,1
114285,0
91671,0
129201,0
86392,0
125371,0
81808,0
142402,0
141736,0
79676,0
67442,0
31007,1
46357,0
24712,1
1488,1
9268,1
35047,1
59897,0
5665,1
122734,0
71159,0
45836,0
158902,0
37315,1
158817,0
130331,0
68462,0
126928,0
150365,0
60140,0
77332,0
153423,0
101890,0
46312,0
116511,0
126449,0
74307,0
150348,0
36283,1
3488,1
52201,0
145222,0
52242,0
132911,0
153811,0
52474,0
32498,1
37134,1
12745,1
124950,0
103191,0
155845,0
30660,1
23567,1
61267,0
23214,1
22856,1
68957,0
10338,1
90381,0
123952,0
139894,0
100494,0
30168,1
158973,0
135987,0
38158,1
31405,1
145556,0
61333,0
121733,0
70669,0
4062,1
90845,0
36125,1
71891,0
148271,0
139534,0
115855,0
100891,0
119149,0
10973,1
84963,0
45721,0
100575,0
131256,0
64645,0
74665,0
104550,0
16218,1
29843,1
119319,0
61006,0
114755,0
54761,0
50490,0
135572,0
32254,1
149815,0
48354,0
34893,1
66694,0
147140,0
60730,0
127555,0
104591,0
80675,0
119887,0
63454,0
112063,0
17519,1
22137,1
105163,0
139222,0
82769,0
62836,0
69711,0
88997,0
57470,0
81214,0
100327,0
64366,0
35331,1
125961,0
44257,1
57771,0
58623,0
44341,1
18085,1
125965,0
2736,1
142930,0
40613,1
44894,1
35564,1
82312,0
25463,1
37825,1
64722,0
26839,1
148923,0
25450,1
83309,0
138727,0
149506,0
130222,0
29077,1
59701,0
15973,1
52742,0
52232,0
151724,0
58716,0
19857,1
5060,1
123420,0
12649,1
24554,1
88504,0
88765,0
46,1
36524,1
64316,0
104533,0
62590,0
92754,0
29160,1
10837,1
119508,0
93273,0
35999,1
128179,0
114134,0
110784,0
111008,0
34291,1
150324,0
121750,0
34934,1
58521,0
134349,0
115602,0
40491,1
78872,0
17322,1
131261,0
133913,0
105373,0
52681,0
21239,1
142997,0
65422,0
52589,0
86536,0
71919,0
90611,0
151045,0
24211,1
107483,0
92252,0
69641,0
24091,1
96166,0
93219,0
87071,0
159541,0
78126,0
107907,0
116231,0
87144,0
10573,1
7206,1
103465,0
84001,0
13860,1
35823,1
58799,0
125495,0
129705,0
39008,1
139057,0
50759,0
109948,0
116884,0
121484,0
37862,1
133345,0
95871,0
75248,0
156280,0
3400,1
122623,0
102683,0
19481,1
117815,0
128001,0
8002,1
48261,0
56707,0
48972,0
151063,0
34343,1
77132,0
96615,0
132141,0
153845,0
153306,0
22818,1
68041,0
114786,0
139341,0
65852,0
2118,1
88074,0
135909,0
59078,0
24797,1
145676,0
27227,1
118607,0
67862,0
17200,1
66734,0
32501,1
112075,0
131768,0
6764,1
145695,0
29522,1
119740,0
58347,0
22727,1
63090,0
50053,0
56527,0
9908,1
122699,0
68793,0
143271,0
86097,0
137509,0
66916,0
88642,0
53665,0
135502,0
97125,0
37422,1
125415,0
154433,0
59386,0
40857,1
158061,0
88099,0
97542,0
143441,0
93716,0
143022,0
30913,1
134149,0
25201,1
56031,0
84878,0
72867,0
55246,0
60701,0
68980,0
54314,0
8929,1
28528,1
94044,0
63865,0
12378,1
80121,0
154693,0
39370,1
43843,1
61541,0
83613,0
136400,0
78718,0
74042,0
5605,1
147961,0
97108,0
127571,0
42470,1
24171,1
151097,0
18466,1
15387,1
83102,0
94119,0
964,1
62499,0
70324,0
114123,0
58970,0
56313,0
12902,1
101879,0
114472,0
150910,0
5047,1
23706,1
154940,0
91255,0
111864,0
156410,0
152027,0
86632,0
48255,0
92076,0
55000,0
80196,0
108137,0
142415,0
143617,0
51331,0
28501,1
52849,0
99472,0
120898,0
3748,1
23736,1
84372,0
6094,1
65264,0
149006,0
43284,1
116799,0
129611,0
86953,0
140243,0
21608,1
76586,0
82446,0
23313,1
112077,0
147743,0
96542,0
104546,0
76383,0
141143,0
53657,0
26503,1
27646,1
152264,0
57417,0
153536,0
126558,0
138986,0
150621,0
89793,0
19829,1
129933,0
137499,0
113045,0
19022,1
10789,1
151006,0
23240,1
83418,0
111353,0
109751,0
127609,0
130581,0
88660,0
121754,0
118572,0
24025,1
716,1
156606,0
28057,1
13914,1
97480,0
127577,0
93108,0
26602,1
70030,0
58021,0
23408,1
104903,0
105436,0
26264,1
85878,0
114681,0
105515,0
54269,0
19879,1
68184,0
93447,0
123432,0
91679,0
56435,0
97098,0
8479,1
152686,0
4274,1
68993,0
114998,0
38872,1
24495,1
131947,0
112939,0
60583,0
94673,0
2868,1
109562,0
13091,1
83246,0
77987,0
139607,0
702,1
55562,0
101675,0
12554,1
107989,0
3219,1
121149,0
140829,0
50049,0
151208,0
61802,0
130619,0
71767,0
17629,1
64324,0
106597,0
47735,0
110328,0
25830,1
153735,0
18672,1
147505,0
96548,0
123145,0
16978,1
78277,0
16815,1
130252,0
155221,0
91229,0
2385,1
21497,1
91238,0
92196,0
118002,0
94185,0
100322,0
90927,0
150865,0
33280,1
57127,0
155035,0
20577,1
56328,0
144857,0
57700,0
50026,0
54385,0
116218,0
49730,0
126895,0
135873,0
139529,0
29104,1
153555,0
128995,0
47752,0
125301,0
87888,0
105856,0
13050,1
148984,0
85148,0
141227,0
28648,1
75201,0
128120,0
21042,1
126444,0
547,1
2122,1
71698,0
10749,1
135180,0
77700,0
72057,0
60386,0
75743,0
153943,0
5905,1
102318,0
79729,0
2458,1
92366,0
82885,0
65199,0
76264,0
54730,0
133864,0
47312,0
113233,0
17800,1
86736,0
86843,0
97776,0
13609,1
89073,0
59261,0
130047,0
118603,0
120151,0
74241,0
142167,0
101955,0
55866,0
41220,1
41734,1
130644,0
78610,0
159135,0
82937,0
92651,0
54210,0
22626,1
73050,0
36603,1
129830,0
2123,1
135806,0
2620,1
102843,0
53751,0
45149,0
8631,1
154036,0
122824,0
43620,1
143308,0
152394,0
89409,0
154312,0
99780,0
75772,0
127690,0
81919,0
34786,1
59492,0
58412,0
40257,1
110477,0
130493,0
55826,0
136451,0
122030,0
65180,0
100997,0
28914,1
35518,1
78518,0
26082,1
145592,0
49635,0
146940,0
30132,1
12642,1
54368,0
54633,0
45952,0
142202,0
124213,0
103949,0
106828,0
65529,0
52833,0
24589,1
133562,0
102700,0
59110,0
58279,0
93635,0
63932,0
36414,1
82863,0
133031,0
64618,0
93532,0
18434,1
139068,0
141037,0
159424,0
85888,0
14853,1
66412,0
107892,0
70893,0
24358,1
72154,0
89096,0
13471,1
119758,0
83177,0
131028,0
95870,0
35785,1
55603,0
41556,1
156468,0
113499,0
12396,1
102176,0
46015,0
75542,0
110135,0
14731,1
1138,1
89541,0
80028,0
5929,1
68509,0
103573,0
101279,0
40645,1
38167,1
115338,0
50754,0
34017,1
157825,0
6910,1
1625,1
150941,0
34996,1
77390,0
89998,0
79005,0
61416,0
62096,0
155908,0
66214,0
58053,0
70564,0
66789,0
154779,0
105914,0
99217,0
61596,0
157885,0
90384,0
138913,0
43108,1
131415,0
59281,0
47360,0
7001,1
54356,0
9083,1
115668,0
106642,0
92678,0
114354,0
35125,1
124108,0
8931,1
19209,1
13722,1
94048,0
15427,1
59208,0
40931,1
114145,0
13990,1
60635,0
22065,1
60543,0
8404,1
43076,1
121761,0
70924,0
106994,0
59358,0
80561,0
111080,0
29087,1
13093,1
72943,0
114832,0
64398,0
11726,1
44008,1
9007,1
132235,0
117996,0
93510,0
109342,0
148490,0
29446,1
126286,0
149318,0
31690,1
63417,0
50554,0
126447,0
68287,0
112955,0
65195,0
131019,0
159164,0
141181,0
69349,0
12587,1
148372,0
75042,0
66530,0
71682,0
132491,0
109522,0
95560,0
85267,0
144612,0
85163,0
118574,0
131295,0
124529,0
88589,0
19362,1
107169,0
73872,0
133858,0
69676,0
128697,0
53035,0
62212,0
66392,0
20641,1
127130,0
12207,1
130335,0
64631,0
109654,0
28792,1
140381,0
106326,0
36342,1
51774,0
45018,1
99536,0
157733,0
30062,1
101013,0
97133,0
43974,1
5082,1
70492,0
138210,0
114616,0
72303,0
87213,0
38432,1
37896,1
29983,1
74369,0
35340,1
121729,0
20299,1
66736,0
103597,0
10750,1
83252,0
96707,0
32604,1
133884,0
52512,0
153741,0
83049,0
144631,0
23022,1
135007,0
69135,0
107783,0
105466,0
113961,0
102132,0
156096,0
136039,0
93470,0
60233,0
125658,0
13180,1
62628,0
150616,0
80780,0
134579,0
95030,0
31288,1
127118,0
95962,0
147263,0
94398,0
110475,0
126931,0
16637,1
114263,0
30818,1
92004,0
21247,1
159079,0
150432,0
2840,1
157176,0
155044,0
37100,1
139460,0
149616,0
117157,0
151977,0
107064,0
28018,1
22076,1
25880,1
116998,0
50823,0
39137,1
52710,0
80905,0
150577,0
112574,0
62705,0
66661,0
12033,1
28989,1
56501,0
68950,0
87255,0
150033,0
5154,1
156472,0
155429,0
111724,0
147257,0
116830,0
148393,0
46284,0
121016,0
119430,0
115897,0
44129,1
13363,1
37098,1
129519,0
102622,0
9743,1
64746,0
19189,1
155323,0
148568,0
38632,1
32552,1
120751,0
123765,0
140115,0
11818,1
60845,0
109573,0
9326,1
68977,0
104829,0
32384,1
125619,0
120965,0
32855,1
73413,0
138161,0
63693,0
107750,0
108863,0
21863,1
122950,0
43329,1
46050,0
76453,0
39534,1
92492,0
129472,0
87488,0
57381,0
3034,1
32185,1
7480,1
97068,0
32321,1
98676,0
96662,0
52287,0
88779,0
87733,0
73287,0
116457,0
52342,0
61723,0
157535,0
152128,0
1516,1
70854,0
26077,1
39158,1
7726,1
30925,1
38715,1
65123,0
110223,0
76854,0
29909,1
149286,0
65690,0
77666,0
61309,0
72390,0
139657,0
100752,0
112298,0
87672,0
47556,0
73392,0
1148,1
115400,0
115011,0
124340,0
40760,1
103887,0
147842,0
121926,0
6748,1
18173,1
102693,0
83496,0
11747,1
31895,1
41804,1
74102,0
74677,0
68987,0
122972,0
99663,0
6123,1
87027,0
155028,0
112940,0
136613,0
826,1
21873,1
118860,0
24178,1
47015,0
121430,0
150845,0
134673,0
51663,0
159630,0
136978,0
43905,1
13805,1
158319,0
36343,1
123606,0
146579,0
16054,1
101696,0
159742,0
29932,1
70684,0
83995,0
159692,0
145954,0
23764,1
81091,0
137787,0
335,1
124450,0
6983,1
105999,0
13529,1
83169,0
100177,0
11371,1
25735,1
102050,0
156126,0
46462,0
108141,0
132716,0
37872,1
14298,1
157254,0
86431,0
150695,0
30309,1
4835,1
155650,0
152265,0
95142,0
67296,0
105250,0
85130,0
156353,0
149011,0
49539,0
119106,0
98787,0
133006,0
92968,0
139814,0
122723,0
34134,1
75581,0
20987,1
107257,0
154196,0
65548,0
65090,0
17609,1
61814,0
86461,0
99229,0
73816,0
92166,0
121737,0
84760,0
42138,1
112656,0
72483,0
148120,0
142840,0
101288,0
58520,0
135366,0
18028,1
120505,0
94555,0
29946,1
98629,0
128216,0
61141,0
140456,0
158611,0
16292,1
10976,1
118868,0
92377,0
64615,0
95894,0
94836,0
20501,1
22134,1
91130,0
24248,1
32243,1
96107,0
123049,0
99688,0
33038,1
121589,0
10062,1
130630,0
152314,0
63120,0
144841,0
53987,0
116435,0
127912,0
125598,0
21686,1
15189,1
140355,0
95959,0
65203,0
106749,0
27520,1
82969,0
64921,0
49556,0
90784,0
7002,1
109987,0
72280,0
23373,1
25043,1
131171,0
90320,0
115527,0
90538,0
17975,1
55494,0
27933,1
11027,1
70701,0
94175,0
22092,1
83009,0
109829,0
18827,1
125918,0
12971,1
152186,0
90280,0
44960,1
71688,0
111578,0
109907,0
104353,0
110710,0
146285,0
100442,0
98301,0
143417,0
77727,0
143739,0
30001,1
91452,0
94442,0
86794,0
99167,0
89853,0
110496,0
70447,0
105468,0
64639,0
89900,0
35082,1
100963,0
153751,0
28940,1
39130,1
6687,1
112778,0
101417,0
85259,0
68392,0
4022,1
36248,1
38444,1
69245,0
82750,0
30058,1
148340,0
66198,0
818,1
141444,0
43599,1
30792,1
54317,0
57657,0
103183,0
101115,0
4359,1
43230,1
124392,0
149694,0
18152,1
131990,0
153093,0
108265,0
134624,0
33888,1
4440,1
69689,0
147744,0
23218,1
63580,0
144944,0
116656,0
85434,0
106822,0
145696,0
65350,0
102496,0
31746,1
16028,1
57000,0
35431,1
50303,0
28188,1
109386,0
1341,1
4683,1
130686,0
16394,1
114822,0
32144,1
13237,1
3959,1
101604,0
103555,0
121287,0
54467,0
29207,1
43951,1
78078,0
78325,0
98780,0
155896,0
96851,0
122186,0
106667,0
19151,1
154417,0
25590,1
108082,0
2271,1
35130,1
140030,0
36744,1
29508,1
84795,0
89207,0
71724,0
157020,0
45040,1
6118,1
101713,0
128624,0
89842,0
86999,0
128238,0
46689,0
54175,0
131889,0
96820,0
105309,0
33832,1
141593,0
66967,0
59068,0
50658,0
150185,0
32535,1
49542,0
140076,0
137777,0
82066,0
21557,1
101903,0
1841,1
95975,0
15477,1
147324,0
124140,0
1344,1
98805,0
102900,0
157177,0
107527,0
139335,0
1048,1
52734,0
32471,1
97037,0
76775,0
143284,0
110660,0
102720,0
49309,0
89121,0
129165,0
75023,0
157528,0
93900,0
53720,0
80346,0
155723,0
50676,0
131045,0
38588,1
97518,0
82333,0
143341,0
148806,0
97675,0
109463,0
6301,1
108248,0
77846,0
23476,1
113092,0
70228,0
45152,0
154721,0
25931,1
10917,1
76212,0
114746,0
107098,0
12916,1
84677,0
34442,1
52215,0
21350,1
101491,0
118250,0
114225,0
126600,0
121018,0
38317,1
143663,0
146254,0
32941,1
24064,1
50928,0
82905,0
36062,1
54056,0
119219,0
60035,0
15374,1
40121,1
96040,0
94322,0
42913,1
103305,0
122988,0
126190,0
71389,0
85031,0
102385,0
96907,0
147010,0
126006,0
121499,0
62553,0
33903,1
77064,0
73189,0
12051,1
83360,0
105410,0
2716,1
102208,0
77225,0
113581,0
107902,0
125725,0
29247,1
27648,1
50432,0
152643,0
42195,1
7017,1
74731,0
120215,0
71062,0
64960,0
108067,0
75464,0
133457,0
41586,1
121340,0
49782,0
143442,0
110517,0
39263,1
94508,0
16592,1
69263,0
35457,1
111103,0
158883,0
35986,1
115308,0
55839,0
137907,0
52248,0
90502,0
79157,0
16233,1
71772,0
124471,0
48427,0
26515,1
152061,0
11074,1
46249,0
9485,1
94155,0
48672,0
84725,0
83608,0
19691,1
142126,0
119541,0
24177,1
131492,0
118536,0
100750,0
77876,0
135098,0
55241,0
71876,0
85230,0
19535,1
26798,1
119284,0
76372,0
129183,0
7837,1
124509,0
88157,0
154636,0
110916,0
66960,0
19279,1
112013,0
139004,0
59205,0
44526,1
144676,0
71648,0
9249,1
14287,1
36302,1
55789,0
103454,0
72737,0
37402,1
102327,0
59077,0
29627,1
73911,0
104941,0
82138,0
64632,0
127537,0
153690,0
38598,1
95399,0
75001,0
2612,1
143551,0
34208,1
63037,0
66612,0
108645,0
54294,0
523,1
155352,0
105712,0
31510,1
99597,0
94410,0
27759,1
112809,0
5464,1
75322,0
26260,1
33552,1
114434,0
97807,0
21300,1
78533,0
1150,1
31810,1
122423,0
67032,0
48117,0
141197,0
34502,1
112803,0
137462,0
47432,0
35243,1
27181,1
52137,0
63892,0
150197,0
4303,1
154360,0
158467,0
52431,0
849,1
133527,0
97314,0
95530,0
30304,1
38228,1
58919,0
8461,1
72417,0
31706,1
57617,0
53905,0
41677,1
26999,1
76222,0
111489,0
151452,0
78340,0
75855,0
138333,0
12407,1
10397,1
150482,0
117498,0
19024,1
749,1
74305,0
93860,0
58975,0
146610,0
122273,0
140281,0
1250,1
37000,1
140700,0
12665,1
156864,0
24374,1
154035,0
74161,0
72136,0
73883,0
118866,0
93134,0
17918,1
35996,1
102141,0
153669,0
12547,1
155166,0
109256,0
14146,1
80044,0
84874,0
12444,1
15680,1
78638,0
88906,0
126624,0
113144,0
36687,1
134640,0
140213,0
126689,0
68159,0
125478,0
37058,1
122580,0
140067,0
93024,0
117102,0
117188,0
76770,0
70189,0
128764,0
58403,0
8150,1
87076,0
40156,1
17020,1
73680,0
135853,0
41261,1
117473,0
11111,1
110065,0
63347,0
136321,0
43596,1
106757,0
67078,0
63278,0
87100,0
77833,0
49700,0
71852,0
114925,0
68873,0
117851,0
16201,1
61809,0
11701,1
48156,0
22690,1
2408,1
65609,0
95370,0
41984,1
113520,0
102458,0
15114,1
142411,0
130361,0
38251,1
64486,0
133071,0
78786,0
136035,0
9159,1
2199,1
74028,0
6060,1
80661,0
90545,0
59416,0
87070,0
123086,0
236,1
9746,1
109501,0
135117,0
26222,1
5131,1
67912,0
66932,0
129343,0
36059,1
75339,0
33220,1
69338,0
39707,1
78028,0
132064,0
23382,1
114633,0
67180,0
95890,0
88208,0
107912,0
9499,1
6587,1
89437,0
48934,0
104592,0
144548,0
140845,0
38811,1
39072,1
122123,0
79612,0
14702,1
14250,1
19012,1
4784,1
67596,0
25998,1
102204,0
152538,0
96111,0
146034,0
41435,1
17904,1
118479,0
133014,0
41927,1
145839,0
60224,0
52966,0
42783,1
134567,0
80911,0
139464,0
51199,0
11284,1
20810,1
155340,0
22375,1
38509,1
84318,0
147705,0
46553,0
150473,0
88543,0
147640,0
86545,0
42451,1
76982,0
154030,0
40806,1
2549,1
64544,0
129790,0
4511,1
4728,1
133357,0
49996,0
80595,0
157447,0
126922,0
124393,0
73112,0
120246,0
45458,0
44571,1
120447,0
19824,1
111769,0
102083,0
99379,0
94455,0
138338,0
113647,0
91993,0
47987,0
102172,0
156966,0
69018,0
93328,0
45649,0
144266,0
110351,0
86263,0
16334,1
8115,1
93674,0
115314,0
29003,1
139375,0
87802,0
137662,0
97123,0
103717,0
115911,0
158751,0
129156,0
63312,0
77258,0
111442,0
37662,1
144300,0
103450,0
84412,0
30613,1
112020,0
67061,0
106964,0
100595,0
68547,0
154912,0
77234,0
85821,0
8864,1
31499,1
108846,0
133152,0
83644,0
40271,1
10292,1
159046,0
46270,0
142049,0
146438,0
150151,0
149898,0
78430,0
19282,1
31146,1
158698,0
53304,0
115272,0
17741,1
38436,1
93661,0
116200,0
27229,1
68623,0
130093,0
14018,1
67497,0
100260,0
32478,1
18547,1
39179,1
8792,1
97714,0
153723,0
142253,0
108951,0
21587,1
107313,0
22264,1
140623,0
60038,0
120859,0
5093,1
80329,0
43054,1
39219,1
126716,0
83810,0
105440,0
24569,1
64082,0
46623,0
1646,1
65764,0
93726,0
22179,1
138415,0
106637,0
65740,0
72833,0
41049,1
99693,0
5081,1
109032,0
62252,0
157321,0
116155,0
100466,0
130755,0
854,1
129697,0
111956,0
29942,1
34592,1
148552,0
8680,1
83056,0
68605,0
65898,0
158494,0
3161,1
43774,1
47409,0
104875,0
126314,0
39630,1
121628,0
64558,0
46352,0
13661,1
866,1
114654,0
117253,0
123700,0
126921,0
81169,0
67721,0
131264,0
75836,0
159615,0
152752,0
114429,0
126854,0
124944,0
159353,0
109365,0
115824,0
133729,0
58414,0
66646,0
108729,0
84365,0
115846,0
94260,0
7766,1
137312,0
107943,0
19568,1
90653,0
123583,0
146493,0
73259,0
63767,0
17151,1
138758,0
7957,1
40556,1
143672,0
93589,0
41990,1
37132,1
13694,1
28019,1
119109,0
24201,1
126034,0
46472,0
155181,0
43987,1
65468,0
99113,0
72458,0
17216,1
95682,0
150259,0
5338,1
85161,0
129439,0
63609,0
60389,0
15009,1
127285,0
4267,1
103140,0
147960,0
133937,0
11892,1
126924,0
73332,0
133330,0
92851,0
178,1
17364,1
131869,0
51240,0
75803,0
55984,0
64053,0
39245,1
118099,0
38236,1
38679,1
66981,0
34318,1
84942,0
83070,0
153346,0
87477,0
39215,1
44118,1
4379,1
45279,0
3538,1
5965,1
134732,0
155643,0
17880,1
95061,0
116401,0
149257,0
84376,0
105508,0
22451,1
30077,1
155641,0
875,1
127922,0
28024,1
44802,1
33576,1
53056,0
112758,0
42248,1
146502,0
9784,1
58296,0
102557,0
46168,0
151193,0
16665,1
3448,1
23141,1
153709,0
118913,0
149249,0
90393,0
18967,1
108741,0
16103,1
6937,1
74167,0
136629,0
29971,1
83185,0
11116,1
112029,0
101193,0
112638,0
137707,0
108696,0
103575,0
110204,0
131152,0
155511,0
128096,0
121759,0
101899,0
34181,1
145129,0
29298,1
57206,0
97184,0
144410,0
102580,0
138071,0
90920,0
44365,1
15647,1
19613,1
53416,0
55538,0
4382,1
136310,0
8852,1
105576,0
143239,0
149069,0
143086,0
28908,1
98438,0
1163,1
35659,1
111354,0
153141,0
48772,0
52291,0
67389,0
90066,0
44739,1
158222,0
101553,0
125891,0
149819,0
143492,0
51233,0
23130,1
43538,1
17872,1
53731,0
142535,0
153085,0
130412,0
6936,1
103680,0
65304,0
107891,0
107830,0
6374,1
5467,1
125246,0
105068,0
75424,0
135992,0
149830,0
122201,0
154370,0
116950,0
103774,0
93373,0
49977,0
159736,0
144469,0
3367,1
159446,0
15958,1
141946,0
27874,1
89515,0
115346,0
127027,0
32700,1
115857,0
53266,0
106382,0
10013,1
17471,1
39937,1
65340,0
69384,0
136966,0
103614,0
153069,0
121314,0
64620,0
50523,0
4806,1
58257,0
20142,1
141991,0
52751,0
79124,0
9745,1
151426,0
16427,1
121415,0
115585,0
153117,0
38673,1
53328,0
136674,0
53763,0
141295,0
2568,1
113881,0
102345,0
56251,0
20156,1
39086,1
25196,1
99971,0
94004,0
13433,1
20407,1
61843,0
66778,0
12855,1
36951,1
158768,0
95514,0
127309,0
36669,1
89236,0
4799,1
110479,0
38867,1
44792,1
28559,1
149880,0
38323,1
146561,0
50507,0
87445,0
107031,0
135566,0
151669,0
83825,0
67639,0
14294,1
98220,0
21076,1
114327,0
52518,0
109131,0
32991,1
63894,0
70907,0
126642,0
114862,0
104048,0
75756,0
102218,0
6597,1
13774,1
21295,1
61270,0
88296,0
53151,0
32485,1
159165,0
60930,0
152588,0
97940,0
139483,0
139207,0
9916,1
7974,1
125466,0
44272,1
96587,0
154483,0
103671,0
63541,0
91225,0
105518,0
117054,0
146686,0
94049,0
35410,1
41816,1
102415,0
67524,0
141760,0
87968,0
144023,0
48168,0
150103,0
86626,0
62721,0
111908,0
32126,1
59476,0
57705,0
2628,1
1169,1
19397,1
124903,0
103387,0
37849,1
71293,0
65024,0
40960,1
139378,0
7573,1
45950,0
111830,0
6581,1
107539,0
103631,0
65981,0
89880,0
43073,1
112110,0
24639,1
103578,0
132480,0
138978,0
37188,1
159336,0
1206,1
46164,0
78703,0
129339,0
104361,0
52892,0
47518,0
151003,0
6811,1
146024,0
60338,0
146804,0
47841,0
151228,0
91725,0
85696,0
127746,0
111294,0
77782,0
130287,0
93371,0
13964,1
143373,0
139124,0
89627,0
39578,1
4362,1
26088,1
120236,0
4096,1
66414,0
43312,1
14814,1
146874,0
24627,1
158854,0
14580,1
147603,0
109053,0
78368,0
54402,0
96567,0
50455,0
127567,0
130364,0
139463,0
123190,0
155056,0
4242,1
74274,0
39943,1
120604,0
57370,0
74455,0
10713,1
102219,0
77383,0
22589,1
116572,0
21931,1
99767,0
47743,0
41062,1
96922,0
23388,1
129341,0
18904,1
78542,0
65836,0
67860,0
102205,0
88393,0
138422,0
67569,0
74724,0
20236,1
46513,0
140916,0
16098,1
29605,1
52907,0
102887,0
46277,0
79953,0
91060,0
59144,0
77448,0
117134,0
46177,0
56416,0
39292,1
111875,0
124012,0
93160,0
148419,0
92849,0
81653,0
131824,0
107027,0
30680,1
132843,0
97546,0
64535,0
114694,0
109335,0
59106,0
144557,0
3893,1
85670,0
24233,1
131154,0
135009,0
116768,0
145983,0
47178,0
124205,0
140499,0
144692,0
75988,0
145187,0
1059,1
7494,1
100965,0
22995,1
100960,0
140920,0
135461,0
56183,0
139421,0
156170,0
76472,0
1044,1
146901,0
79777,0
143201,0
2231,1
51494,0
77143,0
154621,0
102614,0
144445,0
33057,1
45708,0
15681,1
72209,0
52657,0
83218,0
99104,0
146624,0
60223,0
11621,1
158556,0
140057,0
117676,0
116017,0
134114,0
61954,0
154890,0
13682,1
61495,0
128988,0
56564,0
108706,0
34853,1
136228,0
115404,0
155228,0
24142,1
91816,0
16565,1
140740,0
149209,0
77036,0
79024,0
70049,0
121013,0
114174,0
30345,1
59693,0
76478,0
84284,0
106925,0
69308,0
51538,0
9857,1
151180,0
86982,0
71953,0
48929,0
108655,0
45559,0
53758,0
59851,0
85372,0
123367,0
99161,0
122770,0
35439,1
47843,0
123075,0
69020,0
125634,0
51022,0
155568,0
27547,1
14616,1
106497,0
143470,0
118195,0
47756,0
88723,0
3234,1
148357,0
19823,1
13679,1
37099,1
121144,0
8562,1
85468,0
126766,0
30208,1
43463,1
86586,0
57702,0
135725,0
21565,1
41404,1
46678,0
80696,0
132787,0
11412,1
41498,1
131802,0
20610,1
102150,0
93816,0
104144,0
35258,1
142161,0
100289,0
145742,0
95798,0
111013,0
121953,0
19010,1
142470,0
117375,0
147284,0
79705,0
23678,1
158036,0
65727,0
105926,0
133450,0
66118,0
4281,1
62534,0
4320,1
40923,1
86,1
57711,0
18989,1
119509,0
72646,0
134250,0
73207,0
124290,0
128384,0
144979,0
36394,1
103445,0
37032,1
138654,0
55433,0
61019,0
35037,1
92248,0
153999,0
87011,0
5484,1
79160,0
19469,1
11536,1
134542,0
8321,1
47666,0
9006,1
57495,0
51088,0
105858,0
97318,0
18202,1
106656,0
26866,1
78220,0
118017,0
141122,0
152907,0
113711,0
26979,1
153881,0
77993,0
27464,1
31825,1
4912,1
45498,0
148227,0
103908,0
41416,1
145638,0
46029,0
36026,1
19406,1
26184,1
117740,0
152934,0
82297,0
32239,1
145978,0
6987,1
124366,0
36360,1
47937,0
49480,0
95003,0
26350,1
101968,0
50435,0
80584,0
122825,0
112571,0
59265,0
5718,1
71338,0
6636,1
27396,1
151697,0
50669,0
55196,0
157820,0
158331,0
20694,1
113518,0
72456,0
20139,1
143936,0
23588,1
111901,0
58760,0
68434,0
24613,1
128186,0
153425,0
76633,0
144076,0
64415,0
13043,1
73343,0
5959,1
71928,0
8363,1
121143,0
22677,1
118904,0
10819,1
21133,1
72450,0
140333,0
103177,0
109832,0
74071,0
50597,0
119251,0
82216,0
138689,0
22148,1
43957,1
10621,1
91711,0
5638,1
89487,0
495,1
18437,1
157001,0
104548,0
78570,0
99778,0
39561,1
66153,0
139461,0
75166,0
97980,0
69061,0
84916,0
54281,0
73786,0
51777,0
21974,1
90813,0
142994,0
67770,0
150781,0
12354,1
13174,1
102969,0
70577,0
95246,0
149431,0
39034,1
80061,0
94293,0
108034,0
93827,0
46255,0
98788,0
2257,1
65492,0
25116,1
92190,0
14705,1
137602,0
43668,1
38802,1
9329,1
65358,0
86249,0
80488,0
1731,1
30114,1
76389,0
118766,0
69381,0
45739,0
105272,0
91252,0
54334,0
144000,0
101432,0
110587,0
67843,0
147447,0
83905,0
89223,0
123547,0
63579,0
5703,1
112988,0
21209,1
80153,0
66022,0
49753,0
114758,0
91126,0
111860,0
3848,1
6903,1
89545,0
89284,0
105620,0
29058,1
38295,1
154614,0
76245,0
53340,0
99057,0
87651,0
70461,0
16002,1
144421,0
120777,0
133911,0
57441,0
46292,0
104123,0
91209,0
88073,0
22162,1
58099,0
131135,0
67643,0
84519,0
6539,1
85493,0
100948,0
155964,0
113657,0
51446,0
34577,1
28380,1
29734,1
13598,1
26155,1
74740,0
76272,0
10208,1
83943,0
125149,0
64636,0
47759,0
67795,0
143075,0
138206,0
50091,0
119836,0
61011,0
34943,1
96553,0
96515,0
21549,1
27783,1
82591,0
26511,1
8022,1
158216,0
50606,0
44376,1
63481,0
157358,0
149096,0
114445,0
38068,1
147647,0
148431,0
138264,0
111028,0
12483,1
28416,1
132614,0
134387,0
79165,0
146134,0
117505,0
13424,1
69690,0
81698,0
76595,0
62285,0
103419,0
69314,0
32313,1
94624,0
39968,1
65584,0
64502,0
135206,0
11992,1
154962,0
159544,0
1199,1
77315,0
71099,0
153584,0
33383,1
29012,1
43819,1
25086,1
134918,0
93176,0
17276,1
109098,0
100186,0
71108,0
152182,0
144101,0
46564,0
21356,1
112279,0
29652,1
67868,0
112785,0
77365,0
28042,1
21020,1
160,1
53523,0
122984,0
15642,1
7057,1
127345,0
80640,0
64058,0
15321,1
141332,0
16584,1
4789,1
47186,0
101027,0
52830,0
5676,1
12706,1
15605,1
130903,0
10064,1
13055,1
125830,0
123752,0
88429,0
2107,1
135473,0
80312,0
136996,0
154150,0
11066,1
102600,0
56064,0
119296,0
155248,0
42305,1
13221,1
33334,1
24026,1
27052,1
138683,0
154428,0
56632,0
156128,0
17930,1
33208,1
41685,1
120199,0
50902,0
1885,1
45957,0
69884,0
90501,0
43350,1
30465,1
113763,0
88710,0
114928,0
12070,1
142967,0
64108,0
47152,0
71605,0
100383,0
138074,0
135027,0
67583,0
51540,0
105259,0
30214,1
119134,0
36746,1
82232,0
74535,0
121208,0
35360,1
107627,0
105045,0
69751,0
91941,0
74106,0
33984,1
14511,1
116396,0
10102,1
64838,0
20755,1
91604,0
65114,0
83447,0
86790,0
104103,0
130764,0
75033,0
23326,1
65049,0
8099,1
109013,0
144347,0
77797,0
11696,1
63598,0
18221,1
25709,1
119768,0
100321,0
40365,1
107168,0
40223,1
16018,1
84464,0
112004,0
102868,0
52054,0
100926,0
78678,0
149422,0
16630,1
109470,0
71413,0
119228,0
77885,0
145142,0
80786,0
126183,0
40664,1
21256,1
130700,0
143745,0
75899,0
66494,0
108831,0
119169,0
74565,0
30841,1
111245,0
19494,1
49620,0
136022,0
123951,0
57338,0
117964,0
153781,0
60981,0
112554,0
117756,0
63849,0
117497,0
124867,0
94586,0
76004,0
140020,0
70863,0
68946,0
72683,0
69055,0
11219,1
110573,0
89548,0
141463,0
55454,0
73251,0
55490,0
96659,0
101433,0
21169,1
134978,0
50483,0
11896,1
61961,0
22618,1
21801,1
116427,0
65169,0
89657,0
87165,0
19577,1
44607,1
35542,1
72406,0
7501,1
62412,0
65926,0
22174,1
20932,1
10074,1
35544,1
45108,0
68542,0
151770,0
87645,0
133211,0
96192,0
157736,0
159047,0
82767,0
52813,0
119524,0
35991,1
22056,1
85238,0
32128,1
2084,1
107471,0
139625,0
29170,1
31929,1
86379,0
130036,0
47577,0
17515,1
110397,0
10966,1
157106,0
62573,0
152202,0
117246,0
94022,0
151975,0
38106,1
16748,1
43409,1
97665,0
153783,0
75758,0
138285,0
39227,1
124426,0
68668,0
81562,0
28224,1
15781,1
91053,0
46750,0
101511,0
138173,0
20817,1
154143,0
98564,0
6640,1
57494,0
121386,0
49087,0
102340,0
1785,1
87898,0
129090,0
70554,0
16902,1
30344,1
98229,0
21108,1
156700,0
43215,1
28997,1
67964,0
129330,0
154138,0
8979,1
65148,0
33321,1
36812,1
147523,0
76939,0
95651,0
57161,0
70827,0
41114,1
116624,0
141792,0
119847,0
136215,0
131361,0
135543,0
137082,0
43418,1
67957,0
145062,0
159285,0
25942,1
26687,1
68700,0
66191,0
114991,0
36480,1
120629,0
32545,1
12867,1
11907,1
76721,0
56184,0
2784,1
44869,1
32437,1
79688,0
75331,0
103875,0
109446,0
65810,0
95439,0
44721,1
68888,0
95662,0
143598,0
1975,1
114304,0
61627,0
3350,1
95908,0
89869,0
12765,1
123481,0
101430,0
17985,1
150671,0
115754,0
89039,0
6785,1
149670,0
43092,1
50764,0
88866,0
143039,0
7887,1
110632,0
48441,0
50878,0
119440,0
136928,0
91732,0
145835,0
147456,0
116176,0
96764,0
148547,0
13249,1
23147,1
59618,0
159286,0
29240,1
13401,1
145675,0
60177,0
11936,1
85620,0
58436,0
152296,0
86772,0
137656,0
19240,1
93764,0
9794,1
121161,0
130652,0
107984,0
124274,0
94373,0
68353,0
157732,0
83258,0
77056,0
50190,0
72920,0
47078,0
23443,1
40891,1
20651,1
12556,1
22893,1
30032,1
125846,0
150184,0
84774,0
134552,0
24669,1
72954,0
55736,0
48029,0
8882,1
113582,0
24352,1
11497,1
65448,0
131177,0
151772,0
4961,1
70138,0
96366,0
128791,0
11809,1
2428,1
150342,0
15649,1
36668,1
125758,0
23564,1
138239,0
22316,1
97181,0
143206,0
131585,0
15364,1
111220,0
130253,0
26087,1
13385,1
154800,0
79546,0
30590,1
59,1
95594,0
1233,1
133255,0
60302,0
111330,0
53849,0
110317,0
124075,0
21699,1
120628,0
46309,0
139715,0
149606,0
91635,0
153458,0
70632,0
33315,1
71599,0
73455,0
5760,1
58657,0
40130,1
9305,1
132214,0
16364,1
3824,1
120449,0
90123,0
76047,0
123689,0
68387,0
39221,1
158638,0
27733,1
54452,0
133827,0
13902,1
8075,1
89231,0
151071,0
101868,0
21597,1
32511,1
156858,0
15105,1
82592,0
2600,1
49727,0
100530,0
71182,0
130440,0
91650,0
123758,0
50734,0
43033,1
43727,1
2699,1
127714,0
158691,0
146164,0
153534,0
110655,0
7884,1
16153,1
2179,1
81903,0
4755,1
45692,0
119123,0
65892,0
131303,0
94355,0
43882,1
143581,0
65292,0
106355,0
104185,0
59837,0
43489,1
60480,0
68228,0
116011,0
18353,1
87178,0
52910,0
57079,0
15865,1
145643,0
22254,1
111195,0
33664,1
72442,0
82458,0
135871,0
53768,0
111702,0
120087,0
153579,0
9127,1
108790,0
4472,1
142823,0
103453,0
121017,0
25328,1
122128,0
58229,0
117143,0
142238,0
103179,0
102169,0
156921,0
75335,0
7650,1
120993,0
50300,0
15110,1
84290,0
125418,0
40886,1
32714,1
102465,0
57208,0
45694,0
53014,0
31900,1
120802,0
17442,1
110562,0
35742,1
119179,0
10299,1
22327,1
47257,0
86063,0
83471,0
110171,0
31329,1
127791,0
27051,1
67369,0
114224,0
142746,0
124988,0
30787,1
107505,0
158363,0
132963,0
120700,0
144093,0
29315,1
15075,1
5861,1
128197,0
25565,1
50639,0
12501,1
13473,1
158368,0
139005,0
44055,1
142713,0
128052,0
103491,0
47996,0
125510,0
26856,1
92802,0
99887,0
55488,0
110821,0
84864,0
149507,0
66882,0
115618,0
1944,1
153925,0
110986,0
100651,0
110267,0
91631,0
13349,1
131105,0
100488,0
133893,0
143475,0
50186,0
41825,1
76737,0
65459,0
19177,1
10728,1
8634,1
137134,0
111535,0
15640,1
60343,0
19787,1
125693,0
61463,0
39054,1
27019,1
67218,0
133678,0
124177,0
48866,0
73217,0
105982,0
93066,0
53802,0
128934,0
114142,0
71791,0
15831,1
64177,0
130905,0
56191,0
7122,1
26955,1
92113,0
70000,0
158780,0
21514,1
99462,0
118883,0
3704,1
107675,0
29345,1
61458,0
133481,0
143725,0
130322,0
66540,0
59125,0
81275,0
72991,0
123327,0
13851,1
103911,0
149636,0
64865,0
150208,0
78342,0
139982,0
100419,0
60125,0
2566,1
129696,0
123295,0
64555,0
110705,0
126498,0
13352,1
66303,0
18612,1
45343,0
118597,0
115559,0
79906,0
50598,0
102297,0
7293,1
10489,1
83699,0
7429,1
104244,0
125209,0
83755,0
99015,0
26498,1
121987,0
74195,0
55009,0
37367,1
45550,0
114388,0
15576,1
21927,1
21707,1
142995,0
18596,1
17095,1
2,1
123210,0
59938,0
99605,0
44587,1
22021,1
7124,1
140226,0
108879,0
157171,0
145530,0
41171,1
136877,0
152974,0
96225,0
92043,0
32670,1
126189,0
128399,0
138696,0
43526,1
13756,1
46802,0
132734,0
109272,0
5968,1
118620,0
17396,1
126524,0
66466,0
132273,0
56658,0
159298,0
122665,0
159661,0
25410,1
142148,0
29902,1
124028,0
133642,0
147327,0
111984,0
120885,0
117715,0
128045,0
114058,0
157368,0
84097,0
112814,0
14657,1
115795,0
159779,0
47375,0
117513,0
6981,1
98569,0
19145,1
155819,0
7,1
65958,0
88761,0
48774,0
40192,1
32477,1
60081,0
65173,0
7330,1
10085,1
105074,0
6043,1
29293,1
130334,0
109405,0
153349,0
54094,0
44384,1
32005,1
127752,0
77518,0
92312,0
30794,1
65135,0
36880,1
22214,1
130349,0
19590,1
74569,0
30049,1
146380,0
155739,0
100664,0
58910,0
108134,0
33799,1
1796,1
127265,0
107860,0
75477,0
45030,1
130081,0
67476,0
76507,0
37266,1
152635,0
30439,1
35155,1
47737,0
38599,1
114454,0
88039,0
16331,1
49732,0
58776,0
3962,1
59736,0
141565,0
104921,0
9011,1
23271,1
20961,1
135628,0
118117,0
66700,0
107562,0
28345,1
31749,1
20368,1
47632,0
45201,0
123728,0
39471,1
135469,0
88303,0
79657,0
3119,1
81883,0
11931,1
39109,1
81450,0
85967,0
55482,0
128720,0
75272,0
116694,0
149019,0
106863,0
82667,0
27078,1
20017,1
9884,1
96905,0
98386,0
67663,0
48223,0
98581,0
16449,1
155256,0
131621,0
123734,0
115179,0
113779,0
188,1
33185,1
57269,0
132884,0
82882,0
152797,0
111933,0
44566,1
82572,0
110490,0
32917,1
55407,0
77095,0
10205,1
7137,1
84101,0
147524,0
104479,0
89336,0
116122,0
103540,0
17906,1
43808,1
6111,1
54687,0
144460,0
103306,0
17246,1
3933,1
121517,0
72650,0
120142,0
143670,0
20075,1
566,1
123894,0
105993,0
156332,0
88533,0
156484,0
100168,0
22993,1
114029,0
4476,1
140696,0
95360,0
38790,1
12372,1
4408,1
15897,1
59906,0
116968,0
50704,0
17585,1
134543,0
156623,0
125175,0
19347,1
98726,0
111211,0
158755,0
65826,0
8097,1
35880,1
54009,0
90747,0
131316,0
31453,1
59921,0
56568,0
98508,0
55466,0
139290,0
9109,1
150020,0
103779,0
40569,1
87818,0
124539,0
113148,0
68948,0
52713,0
87306,0
77329,0
152034,0
51516,0
93787,0
28129,1
139262,0
123098,0
115079,0
62203,0
144004,0
3943,1
105590,0
4944,1
131917,0
143241,0
61940,0
32143,1
73099,0
55339,0
129427,0
119593,0
121632,0
120127,0
101050,0
87621,0
140925,0
56674,0
152875,0
76550,0
47049,0
159682,0
71582,0
50636,0
20023,1
85210,0
146801,0
15513,1
142708,0
44023,1
116004,0
158129,0
66372,0
69633,0
118464,0
4502,1
133949,0
112480,0
23889,1
145053,0
21044,1
63899,0
79814,0
47040,0
52457,0
12305,1
3368,1
26809,1
41351,1
81358,0
75523,0
35179,1
23148,1
110770,0
148229,0
63236,0
99498,0
150777,0
102384,0
139693,0
47074,0
8652,1
93660,0
133532,0
36913,1
75934,0
121642,0
148916,0
58439,0
62039,0
13550,1
24256,1
81292,0
116085,0
59191,0
65643,0
89796,0
78016,0
98336,0
28952,1
104202,0
114847,0
154390,0
135110,0
9963,1
141223,0
90923,0
80839,0
29994,1
138805,0
43585,1
132468,0
158335,0
69721,0
76013,0
158776,0
94295,0
122419,0
42463,1
14661,1
151498,0
134942,0
137130,0
117823,0
97476,0
99740,0
126894,0
150637,0
34827,1
137139,0
131520,0
18294,1
108985,0
38294,1
51343,0
17211,1
23984,1
46561,0
112109,0
157203,0
91718,0
99852,0
18878,1
124655,0
151320,0
79400,0
58602,0
101250,0
90563,0
69100,0
72886,0
139110,0
145627,0
92191,0
62021,0
107554,0
132326,0
24053,1
151206,0
40680,1
100937,0
74767,0
33474,1
70388,0
79950,0
53424,0
49974,0
121633,0
72518,0
41516,1
32591,1
65543,0
27469,1
93032,0
77059,0
136244,0
59403,0
107189,0
107422,0
84927,0
59671,0
21215,1
67404,0
92249,0
75651,0
33063,1
19658,1
14492,1
103626,0
79106,0
19935,1
76260,0
118303,0
76986,0
82620,0
70767,0
37913,1
17769,1
20516,1
136663,0
129193,0
128840,0
153073,0
38695,1
62893,0
84341,0
26851,1
125237,0
109923,0
54455,0
140503,0
46087,0
145023,0
113757,0
39107,1
144411,0
11192,1
149277,0
118046,0
155443,0
90973,0
15525,1
119691,0
157895,0
42767,1
29814,1
143759,0
9245,1
121576,0
155624,0
106101,0
148695,0
6929,1
13748,1
23074,1
105504,0
58281,0
115456,0
44342,1
27186,1
82693,0
98530,0
31424,1
102672,0
142333,0
72753,0
118252,0
53329,0
35820,1
133093,0
124054,0
87093,0
60034,0
98492,0
34336,1
156881,0
151727,0
51082,0
39257,1
88707,0
122458,0
26048,1
94474,0
103210,0
151474,0
97655,0
90335,0
141083,0
27449,1
140230,0
61756,0
116312,0
107921,0
85807,0
158900,0
107789,0
6739,1
70590,0
153394,0
60070,0
155846,0
8945,1
64148,0
88932,0
143320,0
112093,0
104642,0
90817,0
61617,0
76487,0
44416,1
14269,1
129990,0
67870,0
144896,0
130398,0
148778,0
119315,0
77838,0
60432,0
126200,0
66426,0
72617,0
45851,0
11671,1
79591,0
149493,0
132979,0
115980,0
154937,0
51610,0
121444,0
145370,0
109521,0
116026,0
82207,0
99800,0
6968,1
7041,1
85513,0
46018,0
52704,0
13859,1
7787,1
126552,0
52946,0
125840,0
86750,0
12691,1
103645,0
143547,0
139434,0
104453,0
157491,0
76249,0
108768,0
24496,1
3423,1
60065,0
14698,1
106272,0
143282,0
29263,1
123450,0
102676,0
145072,0
143710,0
156274,0
61678,0
106923,0
103460,0
6885,1
54290,0
29710,1
79553,0
108724,0
37893,1
44228,1
3338,1
105221,0
31847,1
35167,1
2767,1
39517,1
120410,0
39343,1
6830,1
63806,0
94529,0
134604,0
41505,1
11714,1
79052,0
82818,0
47252,0
52218,0
34978,1
125206,0
56364,0
4091,1
140782,0
145455,0
8186,1
82958,0
31073,1
158927,0
116423,0
121868,0
144161,0
89787,0
67955,0
129255,0
146325,0
81789,0
129337,0
40450,1
104226,0
129344,0
70640,0
151376,0
110043,0
27156,1
101819,0
150824,0
37468,1
125902,0
125930,0
48501,0
97796,0
22970,1
74178,0
5004,1
89689,0
118145,0
44258,1
83175,0
136754,0
14931,1
79692,0
29933,1
106207,0
88801,0
84541,0
25208,1
59307,0
91737,0
79701,0
77865,0
74302,0
91417,0
154653,0
90766,0
64013,0
138149,0
146834,0
44352,1
20137,1
33231,1
89918,0
53067,0
13399,1
129738,0
98768,0
1465,1
139676,0
110027,0
116543,0
81077,0
90150,0
132274,0
103147,0
87683,0
138212,0
82708,0
95060,0
9880,1
73805,0
103704,0
123524,0
72545,0
83503,0
21464,1
19774,1
148389,0
71613,0
74885,0
148465,0
36795,1
109418,0
43758,1
32678,1
41579,1
20841,1
4994,1
109955,0
92327,0
80215,0
156793,0
102243,0
106451,0
144918,0
88682,0
91708,0
54313,0
75560,0
56312,0
73262,0
58057,0
148813,0
92553,0
136066,0
125733,0
128685,0
25165,1
134642,0
117329,0
49093,0
28329,1
34960,1
110312,0
22400,1
75371,0
115121,0
148514,0
145174,0
64751,0
83574,0
45427,0
146721,0
58631,0
5468,1
20074,1
132908,0
46706,0
100515,0
138272,0
119070,0
159154,0
41465,1
126934,0
96289,0
82246,0
3100,1
101537,0
84703,0
159312,0
16178,1
64895,0
95706,0
133998,0
26885,1
159467,0
62938,0
119245,0
20671,1
12419,1
150225,0
117420,0
43187,1
91373,0
138478,0
63957,0
123548,0
24835,1
66415,0
88184,0
3687,1
150498,0
67254,0
152165,0
18024,1
72799,0
152365,0
68834,0
99794,0
64088,0
101815,0
63660,0
144609,0
16253,1
142804,0
65763,0
142632,0
121490,0
139260,0
152323,0
135893,0
54924,0
127433,0
76521,0
81344,0
153622,0
6457,1
80456,0
63517,0
151746,0
53683,0
115074,0
101109,0
105123,0
112408,0
129634,0
128245,0
102414,0
128085,0
92945,0
99065,0
59848,0
29782,1
6898,1
126539,0
129394,0
113269,0
79370,0
17149,1
96391,0
119653,0
135240,0
149603,0
139559,0
62931,0
66397,0
63842,0
109114,0
7632,1
145133,0
108496,0
45831,0
155095,0
144694,0
139801,0
10774,1
97872,0
112212,0
76698,0
91441,0
43075,1
3892,1
135608,0
156109,0
27782,1
60830,0
90648,0
3410,1
141711,0
140629,0
99422,0
126664,0
34840,1
60619,0
26371,1
22579,1
119330,0
18673,1
89662,0
57484,0
89136,0
20675,1
5413,1
156413,0
19765,1
158849,0
64924,0
98427,0
52045,0
4100,1
6686,1
79908,0
54692,0
135263,0
120709,0
79625,0
105413,0
133388,0
149678,0
111048,0
120138,0
9289,1
44967,1
76392,0
91949,0
109569,0
80348,0
103190,0
39790,1
105839,0
22317,1
111078,0
159059,0
24397,1
100893,0
61110,0
36595,1
2220,1
146748,0
86992,0
132904,0
131155,0
16353,1
113828,0
143648,0
67015,0
148382,0
19493,1
2518,1
15082,1
12575,1
104131,0
100425,0
150501,0
36422,1
157519,0
47376,0
96128,0
90117,0
8039,1
48840,0
51157,0
142977,0
95590,0
19924,1
48343,0
128390,0
127692,0
98278,0
57368,0
49265,0
157767,0
66475,0
35240,1
10933,1
110356,0
21192,1
98555,0
87887,0
156836,0
157065,0
58476,0
119729,0
104186,0
127795,0
84678,0
139329,0
87066,0
140325,0
111641,0
122908,0
2537,1
29611,1
126776,0
113825,0
100718,0
5890,1
74431,0
129247,0
127272,0
69544,0
139875,0
83509,0
83715,0
25631,1
10129,1
33093,1
58050,0
61403,0
96932,0
17508,1
36956,1
100434,0
91543,0
133142,0
101285,0
60194,0
78017,0
87038,0
16482,1
41283,1
53390,0
15949,1
89260,0
106909,0
136664,0
96237,0
63274,0
159760,0
117986,0
157250,0
53509,0
122786,0
79265,0
5879,1
110228,0
108699,0
141830,0
119599,0
80983,0
74105,0
37758,1
17460,1
124454,0
6845,1
75977,0
75497,0
123266,0
84986,0
112992,0
76896,0
136979,0
87138,0
77924,0
4451,1
50551,0
56496,0
30269,1
85499,0
70797,0
157228,0
50130,0
131346,0
4321,1
146408,0
101033,0
45284,0
112172,0
33278,1
34168,1
114027,0
12873,1
82883,0
83893,0
91844,0
152658,0
78350,0
80157,0
42589,1
55503,0
35,1
48057,0
138911,0
47586,0
132857,0
4297,1
156134,0
142130,0
149385,0
4684,1
152447,0
18777,1
36117,1
51388,0
2599,1
119897,0
44767,1
117028,0
44509,1
83212,0
81593,0
80978,0
11085,1
108705,0
77560,0
132185,0
58603,0
144789,0
108808,0
71654,0
76695,0
93484,0
72791,0
52102,0
50562,0
95808,0
141712,0
31999,1
131855,0
46610,0
10388,1
120696,0
78152,0
139060,0
108871,0
122324,0
67014,0
57924,0
79513,0
98568,0
109971,0
40002,1
116633,0
101583,0
29748,1
108502,0
127762,0
127025,0
121157,0
119188,0
133123,0
98968,0
113130,0
48756,0
22528,1
13983,1
76206,0
143736,0
34238,1
61026,0
89684,0
50362,0
60555,0
125390,0
111454,0
54309,0
146339,0
31741,1
79086,0
103327,0
130266,0
85894,0
12986,1
129113,0
52274,0
9320,1
53757,0
90306,0
129383,0
71394,0
149877,0
108962,0
96772,0
22858,1
144385,0
136899,0
3411,1
83573,0
154824,0
120825,0
23105,1
93761,0
25362,1
57684,0
18589,1
104677,0
139219,0
21501,1
7537,1
155088,0
4085,1
42279,1
4241,1
143569,0
98362,0
23200,1
15340,1
31224,1
1314,1
145388,0
155910,0
3983,1
67395,0
6862,1
37159,1
84115,0
156117,0
123152,0
37105,1
154206,0
930,1
27489,1
57835,0
91936,0
53908,0
69418,0
86504,0
104207,0
140502,0
73851,0
116374,0
125326,0
63182,0
135459,0
156595,0
42327,1
122499,0
151492,0
39927,1
66461,0
109640,0
15630,1
43967,1
40861,1
130382,0
45429,0
86108,0
81873,0
6768,1
63268,0
36096,1
82401,0
94589,0
27719,1
152363,0
159114,0
129800,0
93458,0
75198,0
103169,0
74408,0
76353,0
8220,1
138087,0
41956,1
148367,0
106270,0
31653,1
50254,0
33022,1
104800,0
72989,0
84807,0
16948,1
157692,0
112451,0
80009,0
125655,0
145906,0
53712,0
61024,0
20518,1
25861,1
106467,0
27259,1
53251,0
102344,0
37190,1
9728,1
21908,1
85450,0
101619,0
112704,0
67911,0
137202,0
126568,0
100741,0
29319,1
128334,0
68135,0
50651,0
24098,1
37824,1
40896,1
4450,1
127290,0
11739,1
86386,0
39122,1
91811,0
89583,0
81099,0
132743,0
11866,1
83992,0
115315,0
66780,0
107302,0
122955,0
77257,0
16344,1
75851,0
157572,0
42253,1
73260,0
52301,0
150615,0
88711,0
70484,0
57999,0
66695,0
72541,0
41313,1
17801,1
71089,0
150885,0
124822,0
67739,0
105893,0
134827,0
117136,0
17354,1
125660,0
136636,0
142568,0
21065,1
112586,0
34914,1
44060,1
17372,1
18985,1
67473,0
39857,1
83344,0
69629,0
52508,0
23252,1
131533,0
135021,0
82904,0
84010,0
85634,0
142781,0
32861,1
115364,0
122894,0
76220,0
129040,0
29214,1
81190,0
57733,0
13932,1
6409,1
70621,0
137721,0
74658,0
58802,0
84625,0
109008,0
67763,0
26007,1
147968,0
84396,0
75390,0
152609,0
113883,0
62975,0
23389,1
50517,0
26276,1
24580,1
78736,0
99026,0
68026,0
72734,0
158044,0
14277,1
79117,0
58298,0
37465,1
63227,0
118334,0
106437,0
157357,0
35229,1
86810,0
87684,0
116803,0
30715,1
82625,0
68405,0
134345,0
51652,0
107288,0
66632,0
36303,1
94094,0
73212,0
137676,0
149952,0
114665,0
26569,1
114084,0
12107,1
12491,1
2570,1
98748,0
79981,0
80402,0
80734,0
151736,0
104598,0
109801,0
130145,0
108860,0
53156,0
91194,0
135886,0
85545,0
93591,0
147410,0
55916,0
52893,0
135150,0
35251,1
921,1
83427,0
26369,1
59931,0
81367,0
21603,1
43460,1
32701,1
158383,0
30068,1
40248,1
36099,1
3049,1
91321,0
139765,0
71379,0
39812,1
136657,0
7162,1
47576,0
26723,1
71877,0
49662,0
69066,0
135014,0
14950,1
67123,0
34404,1
102888,0
143776,0
132127,0
34387,1
28722,1
134105,0
82653,0
29234,1
59383,0
131964,0
26095,1
137230,0
124304,0
112220,0
64985,0
93443,0
10745,1
115977,0
158094,0
47133,0
142138,0
145870,0
33690,1
123244,0
118788,0
30950,1
13483,1
12656,1
2632,1
156379,0
72035,0
15661,1
41455,1
54771,0
53956,0
31612,1
89132,0
114214,0
68991,0
121283,0
14585,1
103211,0
68830,0
102383,0
128952,0
36087,1
101169,0
136506,0
97456,0
140750,0
95416,0
100751,0
99814,0
88285,0
5272,1
95919,0
22707,1
120158,0
147104,0
77977,0
100544,0
79469,0
5555,1
90112,0
145908,0
935,1
144721,0
17371,1
60037,0
39844,1
57406,0
107573,0
35678,1
110456,0
41460,1
68249,0
112607,0
91760,0
69224,0
63982,0
85841,0
34941,1
159694,0
152824,0
4776,1
64930,0
153030,0
127008,0
39559,1
60690,0
117030,0
82574,0
58843,0
71166,0
133407,0
5176,1
36325,1
43847,1
155618,0
21676,1
95024,0
86820,0
41014,1
106524,0
103891,0
6342,1
16574,1
131375,0
62848,0
4697,1
29632,1
29201,1
157915,0
114858,0
26496,1
63828,0
63135,0
23573,1
51559,0
7196,1
78964,0
14352,1
13759,1
94717,0
146807,0
88772,0
78591,0
133807,0
55854,0
127360,0
87922,0
76734,0
97919,0
116160,0
41898,1
120492,0
137776,0
6372,1
139441,0
19487,1
158547,0
133541,0
38987,1
147575,0
95033,0
132516,0
111475,0
18915,1
129481,0
123571,0
109323,0
144601,0
26447,1
159411,0
11107,1
77102,0
16315,1
82137,0
114634,0
122879,0
52065,0
125659,0
6637,1
110991,0
106018,0
7008,1
38475,1
75269,0
104114,0
83018,0
142537,0
72100,0
99312,0
10701,1
1833,1
139522,0
11138,1
130809,0
123070,0
143901,0
98975,0
155207,0
6191,1
137047,0
33441,1
156017,0
36013,1
98907,0
156270,0
43026,1
36721,1
99156,0
47294,0
150154,0
135204,0
3306,1
106145,0
132872,0
7225,1
39102,1
124421,0
47262,0
156549,0
70872,0
108593,0
62687,0
69387,0
67717,0
118590,0
19521,1
95785,0
5814,1
124461,0
141015,0
158185,0
31000,1
1744,1
690,1
113564,0
76362,0
96328,0
53809,0
9444,1
42890,1
116433,0
122311,0
76605,0
43256,1
122947,0
22242,1
130749,0
38600,1
41284,1
137374,0
144120,0
150579,0
45762,0
59713,0
114750,0
85470,0
62953,0
150091,0
107990,0
96776,0
96581,0
8840,1
74609,0
99593,0
113892,0
32932,1
6355,1
131676,0
22923,1
29009,1
18020,1
26931,1
10051,1
115093,0
32728,1
138824,0
158114,0
55298,0
80458,0
42835,1
73091,0
47500,0
49823,0
69311,0
86570,0
41137,1
109468,0
121393,0
129839,0
21822,1
21388,1
61236,0
102157,0
40241,1
57454,0
29959,1
134932,0
2081,1
28929,1
147292,0
151326,0
17781,1
5616,1
35092,1
144160,0
1577,1
1279,1
137840,0
93567,0
44770,1
122733,0
26646,1
57503,0
87514,0
39415,1
72587,0
20871,1
94247,0
39356,1
147171,0
57182,0
38550,1
126424,0
5055,1
144873,0
153268,0
23472,1
10314,1
156840,0
36671,1
159433,0
19062,1
55378,0
89980,0
156742,0
54845,0
46711,0
90546,0
96691,0
81115,0
7943,1
21510,1
32425,1
101365,0
73394,0
25386,1
82063,0
128220,0
151333,0
85002,0
67022,0
110998,0
56079,0
65887,0
111513,0
139429,0
46425,0
157876,0
27081,1
136489,0
158636,0
28866,1
76136,0
144024,0
89433,0
13685,1
35011,1
19292,1
81039,0
72507,0
99866,0
66261,0
105513,0
150688,0
74143,0
61208,0
85611,0
23740,1
140551,0
100493,0
68625,0
111920,0
153522,0
155049,0
36139,1
62486,0
80619,0
42260,1
159292,0
136384,0
137998,0
114555,0
24431,1
37974,1
24420,1
120075,0
20822,1
118675,0
102483,0
123884,0
70551,0
98475,0
39465,1
147831,0
53376,0
68149,0
158559,0
63685,0
72626,0
115357,0
76492,0
84951,0
15209,1
69660,0
145452,0
26405,1
141904,0
151558,0
131887,0
125383,0
4924,1
42680,1
32463,1
29035,1
120806,0
91655,0
9968,1
54238,0
18842,1
103252,0
97595,0
34158,1
156028,0
82445,0
114966,0
142297,0
76782,0
153880,0
510,1
72460,0
101692,0
25522,1
74488,0
127053,0
110247,0
107807,0
46053,0
148076,0
25564,1
104816,0
36178,1
64252,0
74753,0
78281,0
12689,1
53892,0
91881,0
75536,0
99874,0
35458,1
76587,0
52118,0
43034,1
156018,0
63989,0
117173,0
54964,0
67725,0
107163,0
44388,1
98804,0
17308,1
26186,1
88854,0
93007,0
18395,1
130376,0
61725,0
1273,1
73863,0
89194,0
157007,0
58234,0
144644,0
159371,0
96110,0
47860,0
108131,0
25600,1
60905,0
1636,1
94338,0
42579,1
149317,0
121431,0
109276,0
151143,0
78305,0
80730,0
80887,0
159237,0
153229,0
63099,0
138270,0
151634,0
135249,0
63866,0
108937,0
158224,0
42171,1
80627,0
4180,1
128064,0
140388,0
23823,1
56781,0
14621,1
12315,1
40822,1
77099,0
70750,0
119102,0
31372,1
91918,0
128522,0
58990,0
109423,0
1699,1
119346,0
53407,0
137153,0
122865,0
44322,1
143447,0
42445,1
79641,0
146217,0
15245,1
93256,0
34921,1
122677,0
41869,1
74430,0
140923,0
43265,1
54883,0
150418,0
13562,1
77181,0
116575,0
39239,1
92176,0
133618,0
17122,1
156639,0
157452,0
143088,0
107402,0
111904,0
40274,1
110627,0
76712,0
13818,1
144908,0
33238,1
98825,0
979,1
97140,0
143145,0
136304,0
1025,1
22572,1
153434,0
31758,1
42908,1
74819,0
133543,0
119657,0
24508,1
117427,0
91566,0
107438,0
18701,1
158648,0
92467,0
23464,1
107142,0
650,1
61662,0
9294,1
156240,0
44858,1
158293,0
152086,0
66801,0
124498,0
141499,0
132209,0
14888,1
54678,0
123089,0
19835,1
53707,0
118523,0
136051,0
91976,0
144595,0
38034,1
8280,1
105191,0
104323,0
18484,1
127913,0
102410,0
104284,0
115993,0
72582,0
99209,0
85021,0
58130,0
125635,0
119571,0
36007,1
108166,0
122135,0
98185,0
147341,0
111823,0
83372,0
88067,0
10726,1
102828,0
156938,0
6759,1
68558,0
69011,0
38318,1
57458,0
148754,0
159013,0
93655,0
157479,0
122400,0
9491,1
1399,1
140733,0
158957,0
67330,0
80564,0
41683,1
62379,0
92199,0
118123,0
56638,0
26840,1
101760,0
29400,1
84428,0
3124,1
38713,1
66575,0
59179,0
46832,0
13536,1
142699,0
112011,0
152438,0
146106,0
10483,1
124811,0
137513,0
15426,1
42897,1
60902,0
48603,0
91032,0
33941,1
125471,0
113350,0
16491,1
70205,0
88025,0
70926,0
139951,0
123003,0
117960,0
144649,0
135611,0
3682,1
124502,0
146869,0
101032,0
134770,0
130878,0
17878,1
107482,0
146012,0
151528,0
29578,1
102342,0
80497,0
108609,0
46063,0
71111,0
132792,0
93102,0
144361,0
26753,1
37670,1
45969,0
132247,0
4893,1
33100,1
8032,1
92633,0
35621,1
158461,0
21594,1
69183,0
100510,0
68435,0
67915,0
126178,0
84705,0
82220,0
66574,0
150955,0
8752,1
151282,0
88678,0
93057,0
57397,0
127439,0
80870,0
4424,1
67279,0
43737,1
58548,0
39009,1
148520,0
45289,0
42996,1
149396,0
42283,1
41395,1
91954,0
55588,0
104300,0
54988,0
3897,1
109157,0
126270,0
83137,0
37442,1
135761,0
11131,1
120895,0
35949,1
81133,0
55536,0
92276,0
154376,0
109194,0
135526,0
55386,0
41686,1
68893,0
55390,0
96362,0
72949,0
101775,0
59527,0
129320,0
84442,0
41193,1
133840,0
20662,1
38255,1
156776,0
148616,0
62309,0
126537,0
153272,0
63401,0
27284,1
117175,0
110597,0
36755,1
11601,1
50596,0
129788,0
18039,1
127347,0
88525,0
105011,0
102094,0
25708,1
137815,0
8977,1
19943,1
69865,0
140631,0
69393,0
155684,0
50057,0
57268,0
152777,0
60455,0
111842,0
114143,0
128963,0
146955,0
62475,0
144030,0
13423,1
148117,0
29278,1
210,1
19052,1
114104,0
91630,0
37343,1
45364,0
60054,0
43904,1
11004,1
47703,0
58033,0
112392,0
82473,0
35333,1
25601,1
3598,1
27408,1
140463,0
151447,0
25756,1
138197,0
8133,1
60728,0
9383,1
95826,0
123136,0
22621,1
82255,0
113274,0
128380,0
35263,1
85480,0
44392,1
156231,0
65209,0
16988,1
158495,0
72382,0
37816,1
64939,0
46293,0
96428,0
55507,0
152481,0
13981,1
117045,0
122225,0
67181,0
109346,0
21466,1
152508,0
59894,0
79839,0
109958,0
38215,1
120956,0
73318,0
7237,1
125543,0
16235,1
151136,0
115495,0
131682,0
17628,1
62915,0
129277,0
159474,0
59309,0
2764,1
76954,0
91034,0
20483,1
138449,0
136078,0
158802,0
49506,0
49417,0
156603,0
43506,1
95901,0
17087,1
4548,1
136367,0
108047,0
139388,0
38537,1
153246,0
73554,0
156716,0
47091,0
62802,0
119452,0
146746,0
114628,0
115154,0
41199,1
40893,1
82584,0
89034,0
100571,0
73064,0
104936,0
66163,0
146638,0
86119,0
24868,1
146311,0
24336,1
135832,0
33846,1
82629,0
104138,0
44887,1
92534,0
37197,1
108999,0
80320,0
10159,1
41389,1
17135,1
92612,0
121542,0
37107,1
95278,0
68647,0
9218,1
25961,1
74895,0
132533,0
107269,0
102313,0
14379,1
51834,0
54134,0
73984,0
154374,0
79538,0
572,1
124570,0
60956,0
126491,0
132299,0
118319,0
140074,0
43944,1
54018,0
93322,0
92520,0
30308,1
3546,1
152513,0
93014,0
53590,0
32329,1
11446,1
121852,0
115140,0
64461,0
113201,0
151441,0
68486,0
15163,1
140847,0
30275,1
94630,0
13223,1
42037,1
140313,0
88863,0
49183,0
19070,1
130511,0
87878,0
1434,1
139300,0
121421,0
106078,0
82989,0
130637,0
124939,0
99606,0
30103,1
151647,0
104740,0
96139,0
60426,0
34549,1
156003,0
156920,0
128124,0
13480,1
88904,0
55379,0
135795,0
958,1
27748,1
152736,0
111605,0
47183,0
42409,1
49655,0
32729,1
45414,0
124763,0
99360,0
88319,0
16066,1
112281,0
16733,1
39267,1
135268,0
78060,0
61813,0
88666,0
12943,1
158677,0
113259,0
140452,0
104954,0
20479,1
48910,0
24963,1
154064,0
103162,0
99144,0
176,1
133155,0
93627,0
114980,0
139145,0
108381,0
21831,1
154001,0
25741,1
38831,1
98458,0
120237,0
120401,0
154111,0
133101,0
101939,0
86391,0
50810,0
125069,0
32201,1
17185,1
52818,0
152808,0
42504,1
66850,0
91686,0
143312,0
15635,1
86314,0
38133,1
83042,0
22588,1
150829,0
147052,0
18790,1
4508,1
949,1
61257,0
81089,0
128706,0
121604,0
56037,0
2145,1
79349,0
72073,0
11366,1
102191,0
9687,1
8939,1
17104,1
147591,0
45473,0
102170,0
133891,0
158584,0
154058,0
134957,0
91378,0
78727,0
41315,1
123396,0
2057,1
5508,1
134617,0
82985,0
119437,0
107366,0
139759,0
95605,0
62638,0
31140,1
126167,0
154799,0
14813,1
129854,0
74995,0
62644,0
33117,1
36578,1
76534,0
153648,0
98687,0
80289,0
105255,0
114528,0
68658,0
31571,1
155598,0
45515,0
71364,0
144714,0
111374,0
2276,1
95806,0
52895,0
131572,0
7365,1
72104,0
62545,0
140479,0
76,1
89809,0
65226,0
55725,0
156426,0
25207,1
55096,0
89056,0
143053,0
13394,1
158359,0
150429,0
47286,0
130840,0
137740,0
155147,0
89264,0
15817,1
53300,0
90065,0
17138,1
98691,0
65721,0
10607,1
148785,0
82701,0
133621,0
86421,0
67471,0
110316,0
138793,0
122060,0
97741,0
55780,0
12897,1
6358,1
69371,0
50668,0
41712,1
97590,0
51608,0
32260,1
113505,0
78366,0
98136,0
38707,1
997,1
35390,1
29778,1
94331,0
36854,1
47180,0
123325,0
31862,1
79815,0
30851,1
62246,0
127222,0
96952,0
19778,1
106174,0
151337,0
62952,0
34035,1
68751,0
52822,0
20087,1
99750,0
14675,1
150935,0
35064,1
14006,1
109101,0
111924,0
124224,0
139716,0
56138,0
97402,0
68760,0
72376,0
24946,1
85018,0
46311,0
101234,0
20522,1
20981,1
94409,0
84179,0
1026,1
68144,0
132989,0
94177,0
71126,0
9398,1
61290,0
95647,0
137826,0
69144,0
12381,1
10614,1
56140,0
8081,1
47142,0
2936,1
82166,0
45063,1
85752,0
156663,0
140291,0
150629,0
84148,0
86996,0
30099,1
152664,0
117970,0
120143,0
20908,1
16496,1
45638,0
97949,0
127169,0
103650,0
64343,0
152764,0
742,1
45508,0
10152,1
43293,1
55956,0
94001,0
98243,0
141336,0
82781,0
78659,0
82122,0
20604,1
11648,1
29451,1
88229,0
9691,1
74181,0
8359,1
55329,0
136165,0
29714,1
158665,0
55207,0
107769,0
10783,1
73046,0
13378,1
116943,0
40718,1
132660,0
97051,0
126279,0
123080,0
3525,1
85822,0
1058,1
13923,1
112206,0
81659,0
136119,0
87205,0
149862,0
139965,0
152244,0
84321,0
36508,1
50706,0
69662,0
98269,0
55644,0
42436,1
61857,0
83067,0
31673,1
11602,1
56795,0
34720,1
88969,0
653,1
140949,0
4798,1
48549,0
138674,0
51700,0
69295,0
38237,1
53253,0
150201,0
138448,0
24656,1
115620,0
23225,1
108014,0
133790,0
75892,0
56263,0
39507,1
148266,0
141094,0
113618,0
3395,1
110862,0
31437,1
141167,0
75015,0
5863,1
4498,1
29829,1
81905,0
103367,0
71164,0
102507,0
100140,0
127937,0
145733,0
147160,0
88078,0
22488,1
110368,0
46243,0
153742,0
52035,0
15960,1
56187,0
17768,1
124633,0
105241,0
117013,0
153848,0
30508,1
144415,0
16603,1
62675,0
119634,0
30115,1
104536,0
49853,0
142464,0
28063,1
77867,0
6325,1
59641,0
89215,0
56426,0
86981,0
66649,0
91978,0
120213,0
103069,0
110419,0
28229,1
78808,0
115838,0
146301,0
37659,1
108939,0
23303,1
86443,0
115417,0
18246,1
32627,1
32362,1
79034,0
12136,1
46917,0
91925,0
117081,0
78349,0
61609,0
8248,1
5915,1
134317,0
122182,0
2808,1
126355,0
55157,0
114374,0
53083,0
155273,0
7425,1
1656,1
8656,1
99749,0
42270,1
116462,0
17415,1
107396,0
73541,0
130623,0
21079,1
86752,0
18542,1
94779,0
133555,0
106077,0
75672,0
71501,0
4881,1
147186,0
66618,0
37769,1
27786,1
47947,0
3175,1
63422,0
116266,0
154974,0
83609,0
97688,0
128487,0
75559,0
153603,0
8041,1
99666,0
70328,0
115293,0
67825,0
47515,0
16433,1
63544,0
120939,0
99634,0
154649,0
82277,0
2973,1
149632,0
100757,0
75584,0
119710,0
83909,0
27538,1
141104,0
29199,1
15988,1
45630,0
104713,0
18445,1
45125,0
109318,0
29970,1
106009,0
100120,0
96966,0
16167,1
59857,0
45223,0
69671,0
141643,0
35026,1
74951,0
155553,0
46368,0
117582,0
154571,0
126602,0
12866,1
94291,0
50957,0
127974,0
110392,0
68150,0
22130,1
786,1
27236,1
68503,0
5273,1
100704,0
112882,0
147796,0
125172,0
1583,1
5829,1
135147,0
48873,0
149446,0
25343,1
5435,1
115943,0
138813,0
17475,1
68493,0
65258,0
90753,0
130710,0
35273,1
141411,0
31523,1
75791,0
72898,0
103618,0
49538,0
121716,0
115511,0
68862,0
154561,0
157745,0
61734,0
36141,1
99572,0
56972,0
83523,0
57716,0
31082,1
80441,0
33558,1
18633,1
15381,1
156331,0
19197,1
118774,0
156008,0
54967,0
64580,0
49577,0
143294,0
10329,1
107312,0
133805,0
38431,1
63108,0
27136,1
25289,1
17069,1
105568,0
101935,0
90964,0
129333,0
108530,0
40233,1
60326,0
55064,0
145988,0
146101,0
158813,0
71261,0
155437,0
79376,0
124040,0
58667,0
136286,0
18155,1
87771,0
96048,0
94054,0
19537,1
154526,0
109639,0
135162,0
142514,0
152782,0
91999,0
136401,0
157710,0
134871,0
30591,1
114439,0
127972,0
149023,0
23533,1
142321,0
51543,0
123932,0
99411,0
117001,0
88292,0
78223,0
117895,0
131634,0
36994,1
14140,1
55623,0
21090,1
15932,1
152154,0
127286,0
106379,0
96813,0
34942,1
104445,0
14739,1
30361,1
143056,0
144672,0
134756,0
124367,0
21016,1
139167,0
120420,0
7336,1
59321,0
158270,0
85199,0
98711,0
96667,0
3926,1
155407,0
158859,0
83499,0
17109,1
23895,1
55966,0
44310,1
109783,0
51533,0
54548,0
47861,0
64650,0
101544,0
130520,0
54146,0
148715,0
84834,0
93893,0
44211,1
23204,1
142873,0
16536,1
66538,0
45959,0
28410,1
8545,1
16388,1
61332,0
37469,1
74607,0
72572,0
98982,0
77573,0
147926,0
113093,0
23036,1
93117,0
47502,0
49801,0
93042,0
125631,0
28625,1
124203,0
79408,0
99981,0
77755,0
36819,1
113997,0
57662,0
3722,1
136405,0
42000,1
93824,0
139056,0
99889,0
35980,1
113277,0
110449,0
62075,0
27050,1
103668,0
154679,0
80989,0
52122,0
88357,0
43766,1
66957,0
24793,1
98212,0
90451,0
22434,1
95023,0
154154,0
107805,0
103,1
140400,0
111616,0
133010,0
8771,1
137937,0
58077,0
76809,0
106809,0
752,1
131815,0
114351,0
3052,1
59039,0
85951,0
2464,1
73682,0
98460,0
48054,0
59044,0
148844,0
25411,1
126275,0
89887,0
119139,0
18670,1
119719,0
119469,0
144806,0
132717,0
120157,0
75398,0
54865,0
118842,0
118903,0
7354,1
78,1
91439,0
38842,1
70436,0
103900,0
96668,0
119767,0
135692,0
42117,1
73807,0
103502,0
7432,1
70184,0
132712,0
82727,0
105108,0
97736,0
74278,0
147060,0
94077,0
130014,0
142115,0
104972,0
77586,0
126027,0
117666,0
143008,0
63639,0
137135,0
94259,0
32961,1
153581,0
118673,0
99867,0
147398,0
15890,1
86418,0
11519,1
21304,1
114549,0
159427,0
87840,0
3555,1
69861,0
24094,1
73557,0
23927,1
141957,0
150228,0
117923,0
110322,0
105605,0
8995,1
66805,0
34043,1
77834,0
29804,1
66271,0
35401,1
89309,0
61645,0
80973,0
3357,1
53315,0
63472,0
44137,1
22906,1
104416,0
105740,0
94027,0
138761,0
91616,0
112232,0
116570,0
159315,0
131746,0
99382,0
99367,0
92296,0
51147,0
80804,0
20370,1
107985,0
54353,0
60717,0
96132,0
18870,1
112338,0
73276,0
11603,1
11165,1
158098,0
123783,0
2700,1
73828,0
112623,0
131591,0
98428,0
130774,0
146833,0
22302,1
40334,1
127496,0
107200,0
22564,1
7228,1
4340,1
126548,0
134473,0
123653,0
10559,1
34101,1
49433,0
58628,0
28571,1
29978,1
154227,0
9976,1
35492,1
116836,0
15703,1
27299,1
45676,0
135146,0
39950,1
54766,0
17518,1
145760,0
101729,0
137821,0
133535,0
12380,1
117700,0
36361,1
89554,0
92208,0
105787,0
92759,0
51817,0
34637,1
124757,0
90244,0
143035,0
2862,1
51130,0
113861,0
117611,0
134602,0
139294,0
130915,0
53599,0
74730,0
37014,1
101367,0
103354,0
1945,1
101310,0
114253,0
92853,0
98496,0
12576,1
54363,0
138134,0
25109,1
110057,0
154461,0
147248,0
92482,0
41410,1
11610,1
66555,0
5772,1
46728,0
103046,0
130588,0
79876,0
58930,0
87476,0
35822,1
135694,0
156267,0
35699,1
134980,0
72465,0
115807,0
108601,0
156194,0
137710,0
18284,1
1177,1
38895,1
124321,0
95189,0
63979,0
18218,1
151909,0
138800,0
61061,0
143303,0
9379,1
143984,0
94224,0
139039,0
77598,0
150451,0
137808,0
102822,0
21344,1
30012,1
19323,1
53312,0
152062,0
104840,0
48269,0
106223,0
124562,0
18628,1
60817,0
141642,0
26909,1
157161,0
33103,1
18240,1
26599,1
109001,0
118971,0
7013,1
20040,1
136213,0
53383,0
3256,1
1384,1
124871,0
54302,0
28131,1
126472,0
55749,0
115845,0
138353,0
104961,0
103353,0
36793,1
108545,0
46676,0
103027,0
150766,0
21797,1
45771,0
114233,0
76460,0
39274,1
86488,0
78357,0
49565,0
55232,0
30160,1
111542,0
110140,0
13299,1
146086,0
8741,1
63002,0
11924,1
47009,0
139917,0
4174,1
66462,0
156064,0
67550,0
26426,1
50410,0
87251,0
59579,0
13733,1
110152,0
36781,1
5785,1
60574,0
129023,0
116763,0
63350,0
157277,0
42354,1
94661,0
93342,0
119429,0
45131,0
86678,0
100794,0
137705,0
16454,1
80666,0
29238,1
121703,0
136515,0
122568,0
59575,0
86408,0
79592,0
121334,0
125890,0
49222,0
109067,0
36655,1
75061,0
81319,0
34282,1
96353,0
41311,1
62460,0
78175,0
73933,0
158372,0
50567,0
110109,0
57525,0
148699,0
60492,0
103499,0
114960,0
122588,0
47426,0
72594,0
5125,1
146595,0
112892,0
94789,0
64565,0
118103,0
10654,1
87419,0
90132,0
138924,0
44764,1
76873,0
21925,1
121496,0
91118,0
145125,0
139986,0
92764,0
2164,1
60972,0
83762,0
53273,0
34,1
26843,1
31120,1
146319,0
22602,1
86846,0
75898,0
21366,1
23838,1
96160,0
136759,0
131470,0
30645,1
31147,1
126288,0
61651,0
95609,0
51435,0
47195,0
73690,0
72654,0
11357,1
158355,0
149622,0
16187,1
84449,0
86273,0
142502,0
69242,0
146519,0
51945,0
1471,1
98986,0
61827,0
102119,0
5708,1
126059,0
13563,1
13152,1
154430,0
116351,0
35357,1
81567,0
42261,1
146320,0
128479,0
139819,0
155747,0
104237,0
19828,1
50745,0
83697,0
73997,0
115769,0
127742,0
104641,0
105293,0
117071,0
61806,0
148869,0
67658,0
74622,0
107476,0
126363,0
93287,0
61719,0
69547,0
57501,0
149278,0
103364,0
103844,0
87804,0
26063,1
156446,0
47594,0
49893,0
128162,0
106586,0
126015,0
38837,1
144964,0
119276,0
117643,0
139840,0
137586,0
54929,0
15010,1
3154,1
104712,0
78409,0
121225,0
10406,1
111474,0
128843,0
17209,1
51928,0
150682,0
148336,0
81624,0
6396,1
142113,0
116870,0
153525,0
91010,0
48492,0
141414,0
46356,0
37587,1
31234,1
23044,1
17339,1
91437,0
114745,0
126387,0
123439,0
23350,1
29219,1
122156,0
139008,0
2569,1
134439,0
122328,0
35984,1
143191,0
49027,0
8471,1
153994,0
121678,0
80186,0
61790,0
98374,0
97668,0
57173,0
47399,0
92975,0
26336,1
90495,0
64182,0
48232,0
83677,0
26794,1
22763,1
112797,0
39493,1
58308,0
21520,1
101219,0
80114,0
50126,0
72690,0
129345,0
148095,0
86782,0
79458,0
98114,0
78109,0
144114,0
105463,0
133675,0
69981,0
113507,0
31596,1
114297,0
118908,0
140653,0
67888,0
16662,1
141684,0
110792,0
15186,1
101624,0
147588,0
9233,1
28158,1
13374,1
13596,1
30422,1
106635,0
51268,0
4624,1
64671,0
159513,0
52321,0
16195,1
71331,0
132099,0
143433,0
101329,0
82966,0
20037,1
140746,0
131327,0
9924,1
21365,1
123661,0
114562,0
6918,1
124728,0
97144,0
84033,0
159117,0
123997,0
120089,0
12821,1
27666,1
120078,0
66714,0
134445,0
5886,1
80428,0
79466,0
60216,0
74780,0
44962,1
25939,1
105501,0
105332,0
60614,0
104215,0
133574,0
147038,0
152318,0
139953,0
54448,0
100589,0
123124,0
10290,1
30962,1
150207,0
93511,0
133610,0
49126,0
44088,1
57611,0
7688,1
84871,0
158358,0
40597,1
44003,1
37792,1
130897,0
146999,0
141100,0
56174,0
90491,0
124775,0
137535,0
22233,1
23421,1
137671,0
80977,0
76973,0
147136,0
25169,1
36364,1
129609,0
144147,0
16122,1
31293,1
79841,0
67792,0
64592,0
138105,0
146963,0
123843,0
71307,0
88009,0
140235,0
129692,0
84183,0
89963,0
79228,0
76511,0
34968,1
76894,0
102904,0
53723,0
129974,0
120300,0
97241,0
25662,1
29951,1
111888,0
16182,1
147230,0
84657,0
136650,0
18852,1
132286,0
38016,1
98868,0
46685,0
123283,0
16247,1
142940,0
58454,0
105324,0
32615,1
124070,0
88899,0
117509,0
69335,0
106871,0
10974,1
111543,0
136676,0
127994,0
46324,0
27973,1
44850,1
99977,0
72887,0
134110,0
67137,0
82057,0
154711,0
90376,0
124612,0
100092,0
102373,0
137978,0
84434,0
52092,0
135642,0
54295,0
20289,1
129321,0
131500,0
39502,1
106481,0
105029,0
117337,0
83991,0
41506,1
58232,0
63486,0
49509,0
97405,0
41795,1
68058,0
69886,0
33367,1
32864,1
16631,1
156449,0
136005,0
53016,0
67677,0
137520,0
109548,0
47725,0
96501,0
153703,0
19975,1
30926,1
19082,1
17903,1
124887,0
124475,0
9962,1
121045,0
62238,0
77905,0
56122,0
101287,0
33932,1
42084,1
159521,0
82980,0
71281,0
142806,0
153675,0
42357,1
151015,0
109428,0
94587,0
37390,1
111033,0
51460,0
122342,0
129349,0
145914,0
30965,1
126945,0
136850,0
102114,0
22346,1
152953,0
106398,0
126696,0
581,1
65978,0
29134,1
82685,0
70395,0
132162,0
125030,0
87051,0
14614,1
20843,1
136233,0
73242,0
30806,1
43467,1
75037,0
47384,0
43671,1
92572,0
113068,0
112537,0
39049,1
141906,0
3232,1
135866,0
42721,1
86742,0
151349,0
72578,0
140558,0
49462,0
126292,0
28091,1
67599,0
148554,0
137569,0
16728,1
6737,1
35519,1
16800,1
40515,1
35409,1
44842,1
115736,0
118812,0
19211,1
64571,0
58917,0
142503,0
140437,0
24945,1
144724,0
90712,0
70678,0
103932,0
158583,0
139395,0
20640,1
86532,0
41687,1
66548,0
149192,0
117383,0
134374,0
14305,1
38024,1
57601,0
15137,1
142009,0
7276,1
56203,0
155763,0
129327,0
94,1
81888,0
67797,0
9182,1
62777,0
114617,0
60336,0
40364,1
65179,0
101052,0
95860,0
119253,0
72801,0
140179,0
67046,0
68131,0
149637,0
3869,1
111073,0
127970,0
41400,1
76673,0
64554,0
145087,0
53823,0
139468,0
60007,0
147652,0
51933,0
136045,0
39750,1
63986,0
126902,0
157671,0
35529,1
85884,0
77847,0
92995,0
2603,1
7554,1
20920,1
147582,0
4975,1
101592,0
48943,0
18243,1
100885,0
75025,0
54261,0
5062,1
109034,0
48073,0
115266,0
14589,1
18409,1
10376,1
101680,0
63825,0
23756,1
91426,0
27610,1
107113,0
157893,0
93324,0
57510,0
40802,1
128905,0
157299,0
8678,1
59694,0
48970,0
108086,0
2068,1
31767,1
156693,0
108224,0
93367,0
40545,1
94905,0
94647,0
86344,0
58589,0
109787,0
152681,0
37857,1
31131,1
37829,1
25870,1
143993,0
153922,0
72299,0
117730,0
32018,1
19606,1
80528,0
51302,0
87638,0
150939,0
101295,0
150384,0
110994,0
99452,0
79910,0
90020,0
88897,0
16864,1
95242,0
153903,0
22764,1
117752,0
21185,1
49882,0
21734,1
15600,1
5635,1
140665,0
39169,1
103725,0
89705,0
83051,0
138374,0
124480,0
126506,0
132555,0
118609,0
58,1
47908,0
36453,1
142363,0
156988,0
75566,0
55301,0
109878,0
48830,0
133364,0
140216,0
100692,0
109212,0
106247,0
109872,0
64168,0
116095,0
33527,1
43875,1
99149,0
134541,0
27460,1
137976,0
45000,1
144620,0
21875,1
19527,1
2616,1
148331,0
136980,0
97818,0
25645,1
35153,1
120982,0
114187,0
125662,0
139799,0
31844,1
134652,0
100157,0
127981,0
79365,0
125294,0
149597,0
131234,0
155105,0
61761,0
55063,0
77935,0
36427,1
66490,0
108240,0
29699,1
61442,0
151318,0
125696,0
96555,0
91839,0
118643,0
14574,1
53679,0
148157,0
133724,0
9266,1
133319,0
25729,1
39514,1
61388,0
89397,0
104682,0
64207,0
121351,0
127219,0
151126,0
32931,1
16181,1
34767,1
37949,1
115019,0
154202,0
39566,1
42481,1
107416,0
75434,0
101395,0
35615,1
148137,0
118040,0
32761,1
16316,1
110923,0
145461,0
58184,0
93153,0
77889,0
9155,1
104441,0
122312,0
34241,1
142377,0
74905,0
8636,1
6389,1
159722,0
89938,0
4042,1
129891,0
132835,0
134222,0
67976,0
150919,0
114740,0
158471,0
124590,0
81787,0
36190,1
132584,0
47816,0
57471,0
50216,0
27253,1
37504,1
60300,0
54350,0
151883,0
151903,0
130444,0
20692,1
68891,0
105958,0
168,1
138645,0
86374,0
122478,0
56822,0
36906,1
42085,1
29396,1
106590,0
7262,1
66699,0
93923,0
34231,1
83769,0
117761,0
139485,0
47797,0
144882,0
107043,0
84890,0
13508,1
77474,0
9562,1
158286,0
150556,0
50108,0
16393,1
6247,1
12720,1
60003,0
114426,0
4945,1
58767,0
146374,0
57628,0
74448,0
73060,0
44594,1
120271,0
18840,1
127188,0
114235,0
77909,0
99576,0
87976,0
45479,0
5726,1
46343,0
106020,0
94642,0
14312,1
44613,1
105095,0
76354,0
61863,0
17683,1
68730,0
150873,0
65883,0
6679,1
42285,1
113415,0
77559,0
141381,0
58539,0
152245,0
18649,1
125554,0
106201,0
114457,0
12256,1
14032,1
75518,0
60630,0
20222,1
141566,0
23574,1
77520,0
417,1
87220,0
74345,0
116344,0
36825,1
103975,0
119505,0
70617,0
7146,1
42159,1
74258,0
41557,1
31199,1
59645,0
130505,0
5924,1
98328,0
120844,0
29317,1
141851,0
71539,0
53944,0
54891,0
149782,0
30038,1
116015,0
32441,1
45843,0
59904,0
158199,0
156712,0
77353,0
128691,0
45871,0
91117,0
95545,0
65271,0
33622,1
77178,0
139839,0
2007,1
35197,1
74759,0
93334,0
114500,0
74061,0
152224,0
153102,0
76113,0
129727,0
56631,0
77806,0
74306,0
101244,0
44686,1
73929,0
31751,1
107908,0
53258,0
57881,0
1253,1
104394,0
109361,0
128247,0
114943,0
116616,0
65951,0
155874,0
12663,1
97816,0
110775,0
20723,1
54951,0
127504,0
6364,1
39511,1
118729,0
98115,0
44035,1
95245,0
31342,1
136220,0
127458,0
93847,0
105482,0
102649,0
29078,1
29530,1
93114,0
40300,1
122694,0
70278,0
24654,1
132210,0
36295,1
69687,0
34237,1
156216,0
85012,0
15838,1
20064,1
59465,0
121454,0
151683,0
126421,0
26528,1
73201,0
147168,0
58578,0
95681,0
65541,0
42604,1
87704,0
108300,0
19040,1
11879,1
68907,0
152757,0
65537,0
120744,0
120531,0
34187,1
4599,1
134683,0
36937,1
135621,0
122598,0
133754,0
136574,0
23834,1
120343,0
89973,0
81271,0
123225,0
49248,0
124551,0
147440,0
8740,1
138098,0
18117,1
137783,0
142962,0
148437,0
153954,0
64990,0
294,1
11063,1
95163,0
96459,0
139740,0
69897,0
129589,0
43767,1
122370,0
57958,0
97385,0
84702,0
46376,0
50204,0
53045,0
132048,0
59561,0
106518,0
74021,0
127062,0
31978,1
135144,0
88253,0
107752,0
63589,0
6964,1
117106,0
150177,0
20477,1
46923,0
87353,0
157686,0
102539,0
38239,1
17399,1
74186,0
14949,1
140188,0
19183,1
51519,0
138438,0
47555,0
73670,0
18015,1
108144,0
82425,0
155495,0
128377,0
103716,0
145221,0
106245,0
15524,1
153156,0
149379,0
85367,0
20592,1
40363,1
78913,0
145151,0
61625,0
18632,1
81084,0
79434,0
138908,0
137812,0
26434,1
30809,1
29641,1
46281,0
53408,0
119042,0
1402,1
28499,1
61330,0
7496,1
70213,0
22771,1
140583,0
22897,1
48279,0
53692,0
13523,1
139431,0
81902,0
144277,0
151274,0
96364,0
145279,0
129077,0
120103,0
26530,1
141825,0
143131,0
140672,0
128553,0
133313,0
77627,0
91830,0
123194,0
54418,0
94439,0
156859,0
125624,0
51426,0
68758,0
93226,0
125927,0
94430,0
155257,0
36988,1
46651,0
107243,0
123943,0
9094,1
126994,0
137296,0
86120,0
13074,1
10896,1
118070,0
17092,1
154204,0
136648,0
139675,0
92769,0
91355,0
21887,1
120125,0
115990,0
24838,1
5408,1
84037,0
104668,0
64785,0
22035,1
12023,1
2731,1
106850,0
138061,0
88709,0
22609,1
78688,0
59899,0
14597,1
19720,1
73030,0
85987,0
38671,1
156952,0
7620,1
93318,0
97573,0
49763,0
13440,1
12830,1
57523,0
74934,0
30265,1
101335,0
133917,0
58458,0
85099,0
52145,0
136747,0
70482,0
126939,0
70587,0
78395,0
68787,0
48086,0
158954,0
115944,0
158930,0
117763,0
93075,0
126222,0
46417,0
23537,1
47116,0
51042,0
7368,1
155062,0
140879,0
26891,1
131288,0
122519,0
5707,1
79516,0
78956,0
139774,0
13864,1
39806,1
19102,1
8626,1
58737,0
120646,0
155198,0
26153,1
158246,0
71425,0
54685,0
128516,0
157288,0
58863,0
134117,0
82436,0
65773,0
63506,0
88484,0
135852,0
147503,0
67287,0
107584,0
34778,1
63465,0
55811,0
5537,1
25711,1
112143,0
139,1
92585,0
148971,0
157374,0
50434,0
149498,0
66739,0
158046,0
22597,1
21437,1
8928,1
124003,0
16252,1
115898,0
2837,1
22500,1
32090,1
118461,0
27600,1
102486,0
159425,0
117057,0
134939,0
40205,1
24338,1
46097,0
9256,1
8682,1
99476,0
128820,0
143477,0
95710,0
18992,1
1215,1
48567,0
38990,1
103688,0
122505,0
128727,0
126959,0
29626,1
153041,0
69443,0
97636,0
34431,1
4316,1
121530,0
128558,0
131291,0
73700,0
89373,0
118564,0
33292,1
35553,1
27894,1
29593,1
8610,1
117634,0
139445,0
42250,1
96729,0
20278,1
105303,0
156856,0
22178,1
100637,0
63025,0
49211,0
11251,1
64151,0
2535,1
114926,0
66425,0
101632,0
91640,0
139268,0
124331,0
20975,1
133510,0
90516,0
39765,1
65922,0
148516,0
127435,0
114621,0
25096,1
158067,0
144980,0
155502,0
17394,1
54042,0
89560,0
140170,0
64119,0
38018,1
96816,0
125754,0
75947,0
130593,0
111638,0
141937,0
19100,1
101533,0
10696,1
62783,0
42656,1
107986,0
149081,0
107897,0
127816,0
100203,0
121600,0
41843,1
142877,0
134458,0
105471,0
42883,1
24906,1
112970,0
127412,0
127495,0
133767,0
80016,0
78761,0
119511,0
123135,0
99488,0
71038,0
148027,0
108247,0
102568,0
123499,0
21021,1
55555,0
66601,0
138945,0
5210,1
51301,0
116299,0
92918,0
85414,0
21337,1
98039,0
111588,0
119803,0
33589,1
24622,1
119008,0
126245,0
126038,0
134657,0
119303,0
29964,1
85915,0
118081,0
139032,0
123526,0
38491,1
28629,1
62317,0
132836,0
119779,0
37643,1
53939,0
111820,0
45976,0
139031,0
59759,0
83105,0
38204,1
105235,0
46203,0
19336,1
52804,0
6629,1
38101,1
82042,0
60729,0
25877,1
101831,0
96069,0
34731,1
147605,0
124535,0
31275,1
82588,0
155580,0
15941,1
101373,0
58879,0
80002,0
139270,0
20027,1
31159,1
56330,0
53065,0
121609,0
77642,0
78842,0
117352,0
59047,0
145035,0
151815,0
96955,0
29609,1
72093,0
10008,1
68929,0
103127,0
146224,0
40284,1
130367,0
69752,0
50163,0
37803,1
115665,0
60045,0
89729,0
14447,1
86551,0
15556,1
109918,0
26558,1
128346,0
27180,1
87478,0
45299,0
148282,0
58788,0
65275,0
82976,0
138201,0
159141,0
92103,0
11056,1
128087,0
76895,0
35937,1
64703,0
14179,1
34880,1
19727,1
120093,0
101254,0
62231,0
50149,0
111631,0
10113,1
150798,0
136363,0
74486,0
4732,1
2789,1
106103,0
42108,1
52129,0
117267,0
52540,0
65549,0
41317,1
457,1
93090,0
108475,0
75913,0
32402,1
147275,0
118625,0
29857,1
105765,0
18865,1
108188,0
66301,0
67420,0
15023,1
103803,0
114238,0
135329,0
34925,1
158352,0
145466,0
142844,0
93699,0
80664,0
39476,1
145630,0
51642,0
52924,0
38244,1
133755,0
12699,1
107036,0
141382,0
23327,1
9950,1
82557,0
115157,0
68417,0
40943,1
75402,0
146844,0
18616,1
84787,0
72764,0
45763,0
105885,0
118021,0
11980,1
93461,0
82189,0
140485,0
72716,0
40729,1
58563,0
92487,0
61704,0
30266,1
114652,0
68785,0
142724,0
152712,0
40305,1
94756,0
136833,0
149793,0
144786,0
123380,0
19790,1
87524,0
61677,0
92571,0
84571,0
153064,0
104307,0
46771,0
47222,0
96,1
118993,0
95291,0
55069,0
113506,0
130116,0
71046,0
23623,1
40372,1
108627,0
96703,0
65294,0
48146,0
48611,0
73195,0
148774,0
148211,0
26927,1
125957,0
61935,0
4950,1
113753,0
151178,0
138067,0
38961,1
150760,0
149899,0
119491,0
140830,0
7149,1
54919,0
67008,0
22757,1
72405,0
91098,0
157833,0
64078,0
155635,0
56026,0
137872,0
72249,0
126494,0
141621,0
111515,0
7982,1
137502,0
80079,0
42932,1
122895,0
45303,0
11316,1
26796,1
9738,1
10154,1
102302,0
58805,0
37392,1
148455,0
36590,1
13466,1
122617,0
94925,0
76825,0
58444,0
113133,0
60197,0
87264,0
84751,0
127783,0
16484,1
133375,0
127992,0
56760,0
52269,0
149919,0
112982,0
64180,0
63897,0
47887,0
79320,0
159753,0
124640,0
88704,0
153250,0
45569,0
36201,1
38216,1
140084,0
58707,0
115503,0
43222,1
15217,1
145438,0
26647,1
155438,0
40374,1
148633,0
76226,0
3430,1
73571,0
111129,0
65256,0
57843,0
59417,0
124922,0
24842,1
157589,0
123407,0
87964,0
14652,1
3979,1
87719,0
82907,0
123503,0
150666,0
103109,0
45401,0
130100,0
61184,0
5122,1
83903,0
82712,0
91263,0
67871,0
347,1
57333,0
80407,0
137822,0
141155,0
52610,0
27112,1
23479,1
68637,0
134371,0
43747,1
45782,0
127444,0
90431,0
102353,0
63228,0
140405,0
143623,0
10073,1
128069,0
123297,0
110365,0
123517,0
139495,0
23330,1
41263,1
110231,0
93240,0
10812,1
61585,0
49540,0
51459,0
23602,1
109904,0
71977,0
62411,0
86945,0
2730,1
135173,0
69969,0
20314,1
13761,1
128663,0
110993,0
44840,1
87331,0
66666,0
138007,0
40025,1
22212,1
75271,0
127771,0
136785,0
36157,1
106308,0
50,1
118501,0
112088,0
89089,0
70023,0
132155,0
154818,0
126002,0
22895,1
143700,0
85596,0
32532,1
63795,0
107145,0
35649,1
97307,0
46335,0
48637,0
10066,1
128490,0
69736,0
30663,1
31985,1
1023,1
13155,1
111782,0
117723,0
15385,1
56512,0
12969,1
35516,1
49742,0
84459,0
116590,0
8858,1
70555,0
116652,0
8087,1
158729,0
127308,0
39470,1
137053,0
40662,1
134938,0
48453,0
7642,1
36146,1
85327,0
140327,0
141811,0
77547,0
107445,0
76635,0
144942,0
22530,1
18346,1
6645,1
75214,0
61822,0
100228,0
104221,0
44,1
142571,0
100577,0
91606,0
112828,0
23818,1
149182,0
87081,0
51697,0
35657,1
16672,1
157130,0
11120,1
139874,0
111892,0
154034,0
35997,1
52359,0
49593,0
81362,0
123890,0
71405,0
159414,0
141226,0
120007,0
122788,0
116938,0
86494,0
151609,0
48338,0
29007,1
86190,0
35253,1
87191,0
126643,0
114256,0
136230,0
143893,0
148188,0
153606,0
47956,0
119801,0
136424,0
118691,0
45117,0
128165,0
2740,1
117273,0
17843,1
63282,0
6357,1
21038,1
138443,0
21411,1
117759,0
88373,0
87973,0
109914,0
88614,0
13157,1
103286,0
135699,0
58442,0
63455,0
123609,0
25232,1
143829,0
152395,0
11103,1
40019,1
148757,0
153678,0
108701,0
1964,1
159443,0
81097,0
63778,0
108108,0
54554,0
103479,0
20153,1
14098,1
27727,1
155381,0
124845,0
117387,0
43207,1
2624,1
81366,0
81961,0
81377,0
54191,0
157541,0
103287,0
47764,0
17921,1
5139,1
108198,0
144494,0
15970,1
141809,0
37350,1
69835,0
111336,0
23451,1
39584,1
131510,0
159360,0
131209,0
50633,0
105154,0
123687,0
49705,0
131843,0
41519,1
129518,0
69301,0
92732,0
70697,0
85874,0
68475,0
37320,1
151463,0
98822,0
1858,1
84656,0
63059,0
17024,1
114954,0
147354,0
73607,0
83470,0
27681,1
104854,0
15393,1
132721,0
59139,0
49407,0
95583,0
55907,0
127110,0
15480,1
119090,0
5121,1
122450,0
113559,0
117257,0
79757,0
159384,0
81818,0
33624,1
14204,1
32629,1
95711,0
62754,0
116040,0
107696,0
22883,1
133914,0
81949,0
107182,0
51542,0
149795,0
41920,1
91350,0
71022,0
23045,1
93129,0
21518,1
53124,0
100813,0
90400,0
21188,1
157486,0
45890,0
96294,0
9751,1
85311,0
59370,0
56455,0
142124,0
138195,0
28367,1
149680,0
67200,0
8765,1
122073,0
116057,0
138567,0
62842,0
103802,0
8851,1
71645,0
13976,1
3849,1
108263,0
75009,0
131743,0
97912,0
75366,0
149372,0
133029,0
109424,0
36233,1
129038,0
132804,0
55213,0
53471,0
126175,0
110715,0
143435,0
127191,0
101330,0
43115,1
158875,0
44306,1
70096,0
22413,1
12052,1
26090,1
97054,0
67748,0
79011,0
91082,0
24262,1
124333,0
72960,0
56234,0
24313,1
147146,0
50579,0
20729,1
153704,0
49346,0
49638,0
115297,0
71380,0
109307,0
96383,0
158365,0
28616,1
3250,1
76840,0
24351,1
87680,0
130271,0
3002,1
41411,1
95797,0
65274,0
35315,1
67432,0
93612,0
59338,0
135604,0
7037,1
85143,0
158324,0
31465,1
82024,0
2798,1
41747,1
146678,0
105818,0
88669,0
159632,0
140087,0
35624,1
41538,1
90029,0
35010,1
67362,0
141471,0
85889,0
48457,0
156992,0
137366,0
39779,1
143666,0
81739,0
39097,1
36930,1
52634,0
112151,0
7073,1
153640,0
89379,0
112660,0
101788,0
7318,1
104838,0
21519,1
36646,1
136964,0
65908,0
16853,1
113665,0
14258,1
68163,0
108119,0
8581,1
79421,0
6388,1
120065,0
36648,1
121238,0
70791,0
92705,0
37415,1
29403,1
103777,0
120850,0
72099,0
114015,0
106373,0
30681,1
72946,0
69903,0
98267,0
119539,0
19623,1
26616,1
154743,0
77496,0
96327,0
62240,0
138214,0
129841,0
148329,0
121337,0
110506,0
157306,0
107705,0
53491,0
138679,0
6133,1
87321,0
13438,1
101202,0
114951,0
14074,1
30641,1
149488,0
69558,0
2638,1
53338,0
88564,0
97812,0
63475,0
120059,0
78035,0
86756,0
119816,0
137300,0
95642,0
137718,0
87075,0
132158,0
7903,1
140556,0
103427,0
99532,0
11386,1
133126,0
121607,0
51783,0
112881,0
143860,0
143790,0
65558,0
2932,1
90617,0
150112,0
153861,0
117168,0
89860,0
81120,0
109770,0
42735,1
129863,0
28192,1
25798,1
130297,0
55670,0
152612,0
147999,0
134792,0
66102,0
124827,0
42104,1
54898,0
95397,0
115058,0
26627,1
125060,0
24035,1
39640,1
57820,0
149930,0
138859,0
133288,0
45044,1
57132,0
55343,0
74614,0
50653,0
12028,1
47377,0
96341,0
84421,0
114081,0
1883,1
106517,0
116532,0
116186,0
33659,1
16130,1
20593,1
34353,1
58713,0
72413,0
131637,0
69492,0
130563,0
145482,0
138958,0
141024,0
122907,0
14686,1
25869,1
141092,0
23415,1
140790,0
127928,0
156804,0
71686,0
141624,0
95462,0
29352,1
73934,0
147379,0
63663,0
125017,0
80997,0
111629,0
125755,0
72955,0
12710,1
18219,1
57025,0
74830,0
122092,0
91923,0
97313,0
37501,1
78534,0
67364,0
70097,0
145552,0
125212,0
118340,0
35704,1
307,1
53331,0
20728,1
75667,0
45884,0
106676,0
77469,0
83884,0
90061,0
21362,1
57783,0
44417,1
151050,0
111201,0
91995,0
90040,0
98085,0
118947,0
18668,1
36921,1
3126,1
329,1
80944,0
26633,1
145849,0
54882,0
106546,0
134885,0
47055,0
114571,0
142717,0
48922,0
71780,0
73061,0
119456,0
35291,1
39788,1
83382,0
97300,0
113276,0
67510,0
133154,0
119974,0
106434,0
121418,0
127421,0
2696,1
34967,1
133048,0
28207,1
66451,0
148751,0
147332,0
101154,0
44878,1
15482,1
36892,1
76414,0
122468,0
40528,1
56494,0
16048,1
142955,0
147481,0
58284,0
122407,0
154486,0
101245,0
106580,0
32852,1
62076,0
50931,0
104354,0
144051,0
124155,0
68913,0
91654,0
101644,0
40924,1
10830,1
100447,0
31428,1
2047,1
7259,1
53064,0
52335,0
24805,1
6919,1
35616,1
96696,0
73282,0
110939,0
94802,0
47221,0
66212,0
144358,0
29811,1
94913,0
145799,0
14628,1
131211,0
2448,1
73409,0
118486,0
5388,1
83274,0
104285,0
101276,0
93881,0
85938,0
63130,0
77577,0
111945,0
153797,0
118398,0
145240,0
73472,0
49990,0
23112,1
95724,0
30771,1
79818,0
30720,1
108506,0
76792,0
154217,0
81164,0
70190,0
82474,0
15738,1
77667,0
20940,1
128327,0
153247,0
87864,0
50990,0
119750,0
157640,0
55608,0
73288,0
29335,1
84089,0
11260,1
74000,0
83981,0
40296,1
125170,0
141569,0
24309,1
50645,0
54870,0
6184,1
44345,1
96981,0
155385,0
156785,0
89776,0
43326,1
80455,0
8732,1
153506,0
6168,1
28134,1
48717,0
104081,0
8766,1
40772,1
146990,0
80890,0
117007,0
100532,0
113885,0
119562,0
84666,0
117711,0
159444,0
2573,1
132151,0
12478,1
109232,0
115084,0
43976,1
8897,1
134062,0
120753,0
26364,1
134922,0
109852,0
87612,0
49915,0
131962,0
44331,1
37681,1
33977,1
58091,0
123591,0
80026,0
52572,0
151965,0
59053,0
5166,1
3011,1
53422,0
100841,0
101666,0
22200,1
82652,0
150460,0
51200,0
150150,0
143918,0
29287,1
123964,0
85320,0
77506,0
140288,0
460,1
12199,1
148243,0
147419,0
18112,1
112845,0
1328,1
6661,1
150491,0
123580,0
22833,1
119206,0
104691,0
66085,0
55281,0
28509,1
122374,0
152924,0
19061,1
108010,0
114795,0
83400,0
46911,0
58015,0
106926,0
126145,0
130643,0
60907,0
152064,0
149441,0
49785,0
62292,0
5592,1
149634,0
139998,0
3273,1
31907,1
86306,0
60404,0
72517,0
16260,1
36115,1
116091,0
66452,0
146568,0
12292,1
100319,0
94324,0
81892,0
59134,0
108035,0
140460,0
10135,1
152663,0
123447,0
45898,0
4959,1
17455,1
40499,1
58988,0
76045,0
24196,1
134296,0
43404,1
80671,0
6479,1
32602,1
154394,0
57529,0
39805,1
139139,0
106300,0
54244,0
107414,0
117078,0
53865,0
57791,0
35348,1
62723,0
33120,1
104810,0
76082,0
7107,1
61039,0
137482,0
105142,0
130272,0
79033,0
16757,1
8161,1
42365,1
42984,1
19948,1
142986,0
54804,0
50899,0
156945,0
52339,0
75351,0
10399,1
116695,0
20350,1
50023,0
112763,0
106080,0
25084,1
21237,1
68296,0
43824,1
102702,0
142237,0
70573,0
33880,1
143975,0
19802,1
91548,0
130825,0
144066,0
116927,0
53974,0
17647,1
26093,1
28943,1
144523,0
83845,0
34165,1
105032,0
155671,0
138504,0
122987,0
66481,0
125851,0
129071,0
97568,0
153860,0
19014,1
19141,1
48642,0
140518,0
138585,0
104879,0
51317,0
125901,0
109357,0
56221,0
49594,0
108170,0
30418,1
150515,0
69286,0
138551,0
7026,1
7252,1
5329,1
46731,0
104053,0
11128,1
12100,1
23542,1
153181,0
74192,0
68237,0
23937,1
153214,0
69940,0
4113,1
114908,0
81494,0
75178,0
54619,0
72333,0
134181,0
146651,0
132615,0
155997,0
13037,1
42660,1
109419,0
32904,1
133266,0
42010,1
51720,0
13706,1
94908,0
124967,0
5985,1
43801,1
27040,1
35652,1
56978,0
34801,1
135017,0
137408,0
118915,0
55593,0
21754,1
147617,0
130246,0
12254,1
21621,1
97057,0
35658,1
132856,0
43778,1
106277,0
130390,0
82748,0
72523,0
49512,0
133920,0
118244,0
101218,0
119365,0
143753,0
6303,1
143089,0
62255,0
23997,1
159416,0
17363,1
20296,1
23738,1
50169,0
21071,1
71421,0
107418,0
95054,0
7629,1
83885,0
5496,1
135158,0
101607,0
101058,0
73456,0
40797,1
57389,0
58827,0
15011,1
78303,0
125052,0
123257,0
101189,0
130589,0
70754,0
147488,0
43110,1
28307,1
138162,0
58228,0
47175,0
82351,0
107087,0
139303,0
30622,1
126070,0
38081,1
41680,1
107389,0
113391,0
114622,0
64729,0
99744,0
70594,0
97374,0
110501,0
101459,0
86044,0
71326,0
140489,0
127700,0
40250,1
113309,0
79123,0
5014,1
62146,0
111922,0
72302,0
87431,0
121717,0
16869,1
34743,1
18265,1
54503,0
50207,0
151207,0
86037,0
34203,1
31973,1
114823,0
136292,0
56734,0
37237,1
18505,1
17397,1
86608,0
55248,0
17168,1
32562,1
60464,0
16424,1
22472,1
77529,0
156108,0
3831,1
139968,0
34775,1
159259,0
137371,0
135372,0
99678,0
107688,0
131601,0
70285,0
7707,1
53996,0
128167,0
52913,0
38864,1
135386,0
50386,0
101383,0
159089,0
13954,1
90287,0
138699,0
53176,0
91607,0
147908,0
122366,0
111560,0
25968,1
91834,0
115258,0
147570,0
100521,0
117309,0
12813,1
16148,1
115411,0
9965,1
98679,0
75639,0
55719,0
27026,1
97377,0
37131,1
59327,0
30270,1
100348,0
25848,1
34760,1
44182,1
111844,0
80964,0
94542,0
157582,0
35508,1
107674,0
24038,1
159132,0
106198,0
89088,0
45975,0
114811,0
100188,0
117535,0
104211,0
104397,0
61168,0
49178,0
78440,0
1071,1
25511,1
49989,0
138738,0
99478,0
139690,0
27213,1
34877,1
22099,1
47291,0
151713,0
70978,0
19171,1
147646,0
67164,0
155271,0
143965,0
135563,0
79318,0
85162,0
104871,0
99218,0
48415,0
42519,1
42208,1
105166,0
89350,0
88970,0
153773,0
16132,1
11169,1
150913,0
44313,1
18324,1
66795,0
32261,1
71738,0
107062,0
29296,1
15101,1
141545,0
153594,0
91592,0
112054,0
10441,1
113698,0
8523,1
76195,0
157165,0
95283,0
99321,0
140540,0
89871,0
16538,1
39604,1
36014,1
153210,0
67045,0
85225,0
25145,1
81575,0
70822,0
128343,0
101163,0
145138,0
49103,0
37227,1
34252,1
109325,0
114448,0
154074,0
115518,0
26477,1
109430,0
75567,0
133912,0
40764,1
121712,0
132378,0
31530,1
44814,1
133161,0
122793,0
144935,0
21334,1
147602,0
61506,0
153661,0
117406,0
107280,0
145048,0
28598,1
146823,0
122911,0
127704,0
27811,1
77430,0
137400,0
83617,0
146828,0
112967,0
145514,0
118952,0
135490,0
4275,1
361,1
127813,0
106768,0
140546,0
43080,1
11793,1
54138,0
114004,0
101753,0
89224,0
63885,0
20740,1
101712,0
130319,0
7875,1
81300,0
81608,0
51265,0
8264,1
121436,0
42926,1
130391,0
156188,0
68046,0
9211,1
70942,0
36720,1
147791,0
140806,0
36697,1
89212,0
71798,0
57070,0
158435,0
92568,0
76092,0
33019,1
75123,0
100695,0
7900,1
1993,1
16450,1
147198,0
70051,0
36267,1
106402,0
149075,0
78512,0
122546,0
30822,1
71561,0
60626,0
39083,1
149421,0
158816,0
76570,0
71777,0
150684,0
19459,1
151671,0
70386,0
86235,0
81221,0
101918,0
27521,1
90276,0
21935,1
116126,0
80939,0
155059,0
15078,1
22037,1
23229,1
14252,1
117108,0
2750,1
72519,0
79333,0
97509,0
42964,1
19340,1
34002,1
68535,0
136793,0
42971,1
133444,0
42005,1
23006,1
152566,0
17222,1
16717,1
19055,1
48085,0
109677,0
92884,0
8026,1
7624,1
88638,0
113481,0
17900,1
134919,0
47918,0
109313,0
76417,0
40733,1
147177,0
123527,0
53286,0
70667,0
17366,1
15173,1
119401,0
9932,1
101028,0
52890,0
127116,0
124033,0
64496,0
130592,0
155693,0
58792,0
148460,0
109498,0
77281,0
138706,0
152465,0
53786,0
35163,1
27970,1
155821,0
17419,1
46571,0
126692,0
44697,1
131541,0
132510,0
25227,1
77244,0
91019,0
93842,0
59556,0
41590,1
62171,0
48036,0
41119,1
123934,0
12721,1
144634,0
2993,1
93323,0
91184,0
70952,0
126836,0
140492,0
90853,0
118709,0
32043,1
149181,0
94062,0
72723,0
51916,0
120720,0
86958,0
110589,0
126629,0
40901,1
101870,0
89993,0
3329,1
118000,0
48540,0
53552,0
56287,0
18868,1
134832,0
157212,0
68712,0
111964,0
40784,1
16556,1
86553,0
52790,0
142701,0
67128,0
131497,0
84494,0
118879,0
70010,0
40173,1
116267,0
54723,0
70522,0
100504,0
132249,0
55998,0
146558,0
101781,0
91270,0
53062,0
149349,0
119220,0
51093,0
81255,0
26736,1
70795,0
147871,0
11101,1
139155,0
100588,0
73684,0
131764,0
146936,0
116923,0
90471,0
151625,0
110439,0
98637,0
69910,0
25724,1
65048,0
155601,0
46146,0
25903,1
5617,1
137741,0
126512,0
48064,0
36434,1
34046,1
28478,1
50012,0
29647,1
81063,0
108932,0
124374,0
137504,0
78988,0
89272,0
75211,0
44898,1
15248,1
144936,0
7843,1
116432,0
36335,1
107751,0
9593,1
46305,0
20686,1
62855,0
24403,1
60402,0
143397,0
105434,0
63581,0
94024,0
132975,0
149164,0
20586,1
87472,0
98415,0
135843,0
4111,1
101754,0
64392,0
46921,0
58054,0
71535,0
157680,0
46661,0
142308,0
146712,0
102989,0
141183,0
112292,0
97030,0
85544,0
45674,0
65070,0
68848,0
66688,0
21544,1
58923,0
47487,0
95672,0
10366,1
100600,0
135662,0
34122,1
85653,0
4266,1
37833,1
28143,1
24179,1
27798,1
49883,0
139592,0
17050,1
51524,0
109863,0
158059,0
148976,0
149107,0
32442,1
56397,0
36195,1
12445,1
153406,0
112418,0
28965,1
31383,1
70681,0
141788,0
22091,1
33530,1
40743,1
57509,0
23911,1
149705,0
7310,1
129662,0
116408,0
19864,1
113677,0
89365,0
40017,1
111068,0
125035,0
32149,1
62355,0
6375,1
96500,0
35543,1
109709,0
123994,0
96219,0
98447,0
130133,0
97464,0
125456,0
5284,1
32218,1
152472,0
54854,0
60875,0
23500,1
40747,1
84651,0
67437,0
124572,0
69409,0
31285,1
50647,0
75525,0
58643,0
77634,0
54888,0
144855,0
17259,1
21855,1
20127,1
128170,0
111706,0
86729,0
103829,0
17555,1
125423,0
64941,0
35034,1
4412,1
69576,0
34444,1
83034,0
46028,0
26588,1
84249,0
107274,0
53456,0
139223,0
122710,0
145205,0
144526,0
13663,1
131570,0
88187,0
29503,1
127536,0
27192,1
102538,0
100453,0
149470,0
110357,0
134626,0
13993,1
76438,0
78543,0
136670,0
36452,1
145337,0
12936,1
30135,1
93883,0
150250,0
37066,1
39992,1
128274,0
20356,1
125046,0
129187,0
90435,0
93559,0
68709,0
64131,0
2657,1
151176,0
78475,0
56583,0
105078,0
159394,0
41792,1
26799,1
80387,0
147209,0
123617,0
145674,0
100050,0
155721,0
44692,1
92874,0
8778,1
34273,1
16904,1
136438,0
127319,0
71459,0
55671,0
67168,0
99226,0
123744,0
133886,0
139587,0
101240,0
120315,0
67148,0
88470,0
73845,0
75386,0
18773,1
14345,1
37867,1
49232,0
117100,0
157088,0
124007,0
119970,0
77690,0
48951,0
95087,0
75358,0
51290,0
153984,0
148636,0
51098,0
100548,0
78614,0
155096,0
24850,1
123620,0
54674,0
14938,1
59662,0
145850,0
142908,0
130567,0
69428,0
46426,0
142988,0
1970,1
25950,1
53257,0
4045,1
11184,1
124561,0
22639,1
143106,0
18688,1
56158,0
113284,0
17158,1
1435,1
129647,0
145598,0
156783,0
112748,0
37247,1
92575,0
13462,1
133765,0
23806,1
16458,1
926,1
50867,0
13408,1
84982,0
48133,0
1869,1
66819,0
49430,0
83110,0
138262,0
76504,0
147357,0
127950,0
150572,0
130705,0
117426,0
36212,1
92215,0
6672,1
124548,0
10090,1
57961,0
154445,0
147936,0
3503,1
94328,0
39784,1
145448,0
108746,0
451,1
13885,1
14158,1
35338,1
158414,0
95742,0
138261,0
61769,0
132878,0
59279,0
28676,1
127650,0
100312,0
123887,0
78074,0
70661,0
126259,0
151899,0
102259,0
4144,1
152134,0
145347,0
84697,0
140803,0
126106,0
21756,1
146792,0
86605,0
41341,1
98437,0
138418,0
116084,0
67778,0
7067,1
25789,1
44612,1
69973,0
37982,1
94580,0
40098,1
124844,0
86328,0
87972,0
145886,0
95323,0
144433,0
84368,0
152482,0
83199,0
121776,0
15138,1
108718,0
126310,0
12245,1
35305,1
81597,0
21043,1
139614,0
157438,0
27559,1
154269,0
73969,0
139645,0
61882,0
41175,1
132682,0
86244,0
159210,0
100093,0
47716,0
33331,1
42460,1
36635,1
142511,0
131390,0
34195,1
129751,0
9414,1
101690,0
63426,0
110366,0
53733,0
118749,0
116514,0
153647,0
124407,0
100719,0
28295,1
9404,1
121803,0
82609,0
121756,0
33106,1
79252,0
23690,1
98139,0
144819,0
113049,0
82099,0
69394,0
30036,1
124965,0
151922,0
125227,0
129929,0
124187,0
1385,1
96023,0
60365,0
143125,0
4876,1
6069,1
126653,0
96779,0
74774,0
18123,1
121526,0
57326,0
123789,0
5118,1
80551,0
134153,0
73676,0
17853,1
10237,1
156815,0
22880,1
81999,0
111358,0
147573,0
3177,1
118016,0
82776,0
57005,0
114817,0
22967,1
34399,1
38908,1
132965,0
6575,1
132238,0
90207,0
81392,0
8450,1
57311,0
53762,0
90164,0
74794,0
94112,0
14700,1
131149,0
123819,0
122032,0
107250,0
131198,0
124314,0
111859,0
35856,1
142602,0
24822,1
140888,0
134165,0
146361,0
98302,0
34644,1
55118,0
98774,0
41307,1
153988,0
67242,0
99881,0
106528,0
132318,0
6497,1
86246,0
31459,1
137364,0
67467,0
108813,0
18883,1
109947,0
151062,0
156556,0
121305,0
70325,0
68587,0
132512,0
124942,0
50334,0
150830,0
134339,0
25041,1
121805,0
84279,0
42379,1
47926,0
105648,0
53214,0
129584,0
37707,1
58374,0
72776,0
134085,0
41046,1
138013,0
147262,0
98024,0
96082,0
93208,0
66647,0
7342,1
42546,1
118383,0
132663,0
66184,0
24645,1
73204,0
97873,0
934,1
54279,0
26953,1
130750,0
11182,1
120905,0
136700,0
56599,0
102585,0
67878,0
146542,0
118249,0
91145,0
116612,0
45680,0
62753,0
69401,0
54535,0
22206,1
117214,0
145329,0
54933,0
122932,0
141544,0
49563,0
132176,0
74059,0
39428,1
95492,0
131614,0
80461,0
45892,0
158204,0
124966,0
95937,0
2168,1
32869,1
66004,0
51440,0
36411,1
11464,1
22407,1
28351,1
107278,0
109612,0
82990,0
149905,0
57309,0
58275,0
151156,0
55710,0
85442,0
28766,1
46012,0
143573,0
149548,0
34736,1
105665,0
108325,0
51318,0
89616,0
111857,0
41483,1
21249,1
24972,1
150967,0
136660,0
117207,0
24709,1
22369,1
41709,1
55460,0
104411,0
3373,1
83985,0
55858,0
113515,0
138392,0
61838,0
112136,0
106422,0
122292,0
36350,1
15800,1
110763,0
68177,0
75152,0
71951,0
11647,1
56168,0
79951,0
119217,0
130491,0
27841,1
20979,1
55305,0
140430,0
64106,0
151166,0
14882,1
62559,0
78296,0
105800,0
30834,1
112599,0
76164,0
51247,0
136343,0
150398,0
37885,1
74365,0
52617,0
145633,0
100485,0
63789,0
90863,0
9827,1
33575,1
132669,0
70514,0
73295,0
139301,0
29893,1
143459,0
137174,0
99346,0
40604,1
98233,0
115111,0
65054,0
99961,0
48414,0
31980,1
69887,0
94315,0
142517,0
134389,0
10940,1
7509,1
128688,0
156850,0
47041,0
124250,0
133307,0
1027,1
60256,0
123945,0
129922,0
87885,0
150822,0
121857,0
107718,0
106217,0
116890,0
107118,0
22645,1
63802,0
50978,0
13351,1
103898,0
524,1
19555,1
103418,0
99111,0
6534,1
131578,0
23266,1
102468,0
45259,0
114717,0
4946,1
104781,0
11835,1
16429,1
89436,0
56761,0
68025,0
19000,1
45136,0
122380,0
89676,0
84624,0
4898,1
84335,0
53473,0
142644,0
43283,1
54048,0
8837,1
114366,0
88193,0
101658,0
34749,1
79460,0
54155,0
91381,0
83265,0
151733,0
154945,0
124731,0
25634,1
33138,1
24723,1
11657,1
23375,1
121042,0
47701,0
46065,0
111572,0
93286,0
62790,0
85691,0
70610,0
49725,0
119426,0
63296,0
142119,0
107925,0
17876,1
114352,0
112898,0
52165,0
59494,0
96904,0
36245,1
74183,0
81109,0
78384,0
87717,0
55183,0
73787,0
134507,0
89673,0
47799,0
136040,0
97829,0
70652,0
31444,1
18843,1
137180,0
88595,0
158587,0
14206,1
95210,0
154141,0
55770,0
153128,0
3445,1
3272,1
8491,1
5755,1
93740,0
45104,0
23621,1
87307,0
153744,0
56725,0
37017,1
88082,0
126,1
2748,1
44573,1
53423,0
47997,0
135246,0
115374,0
127389,0
149365,0
62009,0
6978,1
9755,1
8294,1
116029,0
48467,0
131556,0
117766,0
135210,0
45217,0
154053,0
73779,0
45563,0
39964,1
98043,0
15351,1
26617,1
46051,0
131834,0
104996,0
92815,0
2378,1
84658,0
51992,0
13746,1
111309,0
149845,0
155735,0
24032,1
23462,1
63245,0
107873,0
119224,0
25781,1
99117,0
111977,0
107166,0
15056,1
98324,0
118987,0
107050,0
150659,0
7628,1
33983,1
103621,0
68389,0
40761,1
81104,0
126695,0
158652,0
39644,1
95863,0
149582,0
157429,0
62690,0
141520,0
157403,0
11451,1
145664,0
131950,0
88861,0
128451,0
122856,0
154346,0
3655,1
13705,1
155738,0
64416,0
136333,0
77302,0
61762,0
58882,0
106765,0
82330,0
21956,1
65850,0
13016,1
139748,0
7727,1
12093,1
89161,0
73398,0
103149,0
50789,0
46972,0
104141,0
143233,0
148481,0
99123,0
20725,1
21452,1
131921,0
149065,0
24711,1
58694,0
158622,0
87800,0
55321,0
62331,0
85920,0
53419,0
128222,0
116550,0
145364,0
137631,0
79427,0
152291,0
87810,0
158915,0
6544,1
24621,1
134894,0
42411,1
85237,0
122396,0
15871,1
19608,1
33476,1
13920,1
103057,0
89225,0
10700,1
69479,0
7899,1
71187,0
78012,0
112978,0
17329,1
102643,0
138307,0
21413,1
158327,0
84007,0
49079,0
122870,0
111082,0
59633,0
102562,0
3649,1
28483,1
40695,1
42434,1
102063,0
60353,0
73390,0
16995,1
25624,1
78683,0
16420,1
67749,0
56567,0
126978,0
47359,0
146151,0
141325,0
130959,0
84451,0
68654,0
49946,0
27384,1
82525,0
91942,0
73801,0
16801,1
17536,1
254,1
108013,0
64266,0
81189,0
6867,1
119624,0
143362,0
136122,0
111456,0
133050,0
1245,1
35335,1
80855,0
27997,1
49228,0
3505,1
42989,1
138649,0
14997,1
132476,0
115135,0
109888,0
49254,0
5964,1
7123,1
129542,0
122263,0
28133,1
51517,0
119032,0
104425,0
78221,0
39565,1
126235,0
111225,0
42923,1
34463,1
151027,0
91652,0
117621,0
60157,0
122657,0
2371,1
127064,0
91235,0
84531,0
56716,0
32338,1
56242,0
31336,1
47504,0
35914,1
72969,0
159051,0
74899,0
90425,0
60434,0
115976,0
138426,0
60364,0
111159,0
42103,1
57242,0
14828,1
121133,0
87297,0
16089,1
62227,0
45841,0
63994,0
148011,0
85291,0
18161,1
47490,0
40831,1
156153,0
20525,1
84,1
93966,0
80774,0
25244,1
131932,0
90583,0
66834,0
84174,0
93998,0
99333,0
43332,1
123110,0
126325,0
102090,0
100440,0
148423,0
86474,0
96612,0
81901,0
94074,0
106706,0
63614,0
21026,1
108473,0
108239,0
136587,0
20287,1
143959,0
2776,1
48438,0
22323,1
141127,0
144632,0
140356,0
27084,1
81225,0
79089,0
29167,1
92689,0
121931,0
80800,0
112914,0
7559,1
100297,0
79431,0
134440,0
32474,1
8333,1
31861,1
95044,0
121702,0
5990,1
83404,0
2225,1
58323,0
19609,1
94308,0
80829,0
110795,0
155666,0
24919,1
2045,1
73323,0
54380,0
32704,1
81728,0
